1.000000000000000056e-01 6.287620572906807426e-02 9.382206788726470126e-02 1.071105316986072031e+00 1.585524466748602368e+00 1.687653898384971596e+00 1.507249403216496262e+02 1.825070902324611666e+02
1.473684210526315930e-01 9.256652109726394573e-02 1.382434022156371622e-01 1.070886366121326816e+00 1.584739558169514506e+00 1.686485790721543143e+00 1.515229285175267364e+02 1.835611406929467648e+02
1.947368421052631526e-01 1.221261739604649205e-01 1.826347045496638233e-01 1.071614381171658081e+00 1.584607445618257726e+00 1.685761748728579201e+00 1.529165071160848584e+02 1.853911455444395244e+02
2.421052631578947401e-01 1.514887866532391159e-01 2.269797329526812846e-01 1.073036615578873310e+00 1.584837197880006432e+00 1.685165642670614083e+00 1.549527550002779606e+02 1.880671821096644294e+02
2.894736842105263275e-01 1.805790596269633841e-01 2.712597253733035063e-01 1.075085027301973195e+00 1.585335534673246727e+00 1.684587087221771640e+00 1.577013043052909040e+02 1.916875416245591737e+02
3.368421052631579427e-01 2.093171987860406869e-01 3.154541013181607068e-01 1.077742499537622356e+00 1.586062251776968468e+00 1.683977485241887839e+00 1.612365568103146813e+02 1.963575099923533855e+02
3.842105263157894468e-01 2.376207838127477601e-01 3.595413981484438248e-01 1.080994141461011360e+00 1.586993355952217577e+00 1.683313648927180495e+00 1.656327299909215185e+02 2.021834410401240234e+02
4.315789473684210620e-01 2.654091420131676204e-01 4.035002526228970154e-01 1.084818808852545446e+00 1.588108008358197765e+00 1.682584980221620397e+00 1.709612031134305425e+02 2.092696628455361179e+02
4.789473684210526772e-01 2.926072702122525793e-01 4.473104173226609692e-01 1.089185623700542838e+00 1.589384642169445527e+00 1.681788811488832192e+00 1.772893769046148122e+02 2.177170623006137760e+02
5.263157894736841813e-01 3.191466457431040293e-01 4.909535720656961200e-01 1.094045710828815077e+00 1.590799482539894560e+00 1.680927658414341774e+00 1.846798397792633182e+02 2.276221015654044209e+02
5.736842105263157965e-01 3.449717217292744276e-01 5.344138921321991420e-01 1.099348620194731341e+00 1.592326770834330052e+00 1.680007534990477724e+00 1.931899712558011970e+02 2.390763167932356055e+02
6.210526315789474117e-01 3.700378587597701885e-01 5.776783366415400023e-01 1.105032826377157607e+00 1.593939718465148481e+00 1.679036665322220623e+00 2.028720977422971430e+02 2.521664480523416501e+02
6.684210526315789158e-01 3.943128495538240075e-01 6.207366042497470815e-01 1.111033396366223558e+00 1.595611758537257785e+00 1.678024629349516683e+00 2.137735621279933298e+02 2.669745019170999853e+02
7.157894736842105310e-01 4.177765845329665662e-01 6.635808786369356005e-01 1.117285311503293466e+00 1.597317651468475486e+00 1.676981520153009386e+00 2.259370790879448521e+02 2.835781091029866730e+02
7.631578947368421462e-01 4.404210426303961645e-01 7.062054115374453156e-01 1.123728288753095050e+00 1.599034387770046806e+00 1.675917333863897518e+00 2.394010470792621845e+02 3.020508124313633971e+02
8.105263157894736503e-01 4.622429044743436855e-01 7.486060476020341969e-01 1.130295988980491106e+00 1.600741022823765070e+00 1.674841804834106274e+00 2.541999065006440333e+02 3.224623609295954907e+02
8.578947368421052655e-01 4.832497540230891175e-01 7.907796859481996954e-01 1.136935095629962422e+00 1.602420970467040906e+00 1.673763357505289706e+00 2.703640068774707856e+02 3.448784166293374369e+02
9.052631578947368807e-01 5.034538359513507366e-01 8.327238289814373751e-01 1.143595596340612808e+00 1.604060446959562736e+00 1.672689637743439706e+00 2.879197274989193147e+02 3.693604701412457416e+02
9.526315789473683848e-01 5.228718199766515529e-01 8.744361729431089358e-01 1.150233870515180223e+00 1.605648630851981951e+00 1.671627227159954154e+00 3.068892756284584493e+02 3.959653236050926921e+02
1.000000000000000000e+00 5.415234788349700956e-01 9.159142674489140212e-01 1.156812485695612347e+00 1.607177535724109374e+00 1.670581782004329163e+00 3.272903754871420574e+02 4.247443750041705357e+02
