1.000000000000000056e-01 6.294546825818678193e-02 9.383652375636822307e-02 1.067701634225533880e+00 1.584836082191236617e+00 1.687780079270550848e+00 1.488324270250436996e+02 1.801279762431366294e+02
1.473684210526315930e-01 9.273378826887414272e-02 1.382773054056131434e-01 1.067064386503343787e+00 1.584108559673534034e+00 1.686969567682717663e+00 1.489269117449510986e+02 1.802732632754925248e+02
1.947368421052631526e-01 1.224666720336159836e-01 1.827018410537079030e-01 1.066991958899975668e+00 1.583835342040347705e+00 1.686523442766660219e+00 1.492865783754031384e+02 1.807715604172140900e+02
2.421052631578947401e-01 1.520970519150897371e-01 2.270961782306852861e-01 1.067316000304879831e+00 1.583806380708724149e+00 1.686196074581493898e+00 1.499691487725908985e+02 1.817071238369346702e+02
2.894736842105263275e-01 1.815617519754450515e-01 2.714417104742006814e-01 1.068022889052147262e+00 1.583966885624178422e+00 1.685897141032124846e+00 1.510579306476906538e+02 1.831962568749293041e+02
3.368421052631579427e-01 2.107825553415620667e-01 3.157155888079161699e-01 1.069138760319729098e+00 1.584305517658361584e+00 1.685581417348305688e+00 1.526445558274107555e+02 1.853663635751104550e+02
3.842105263157894468e-01 2.396723590393351200e-01 3.598916263916088765e-01 1.070712801431577654e+00 1.584824095569283831e+00 1.685222834073957898e+00 1.548222142767868377e+02 1.883476372142364994e+02
4.315789473684210620e-01 2.681341343730659355e-01 4.039416880142149280e-01 1.072774655804300981e+00 1.585525798371379746e+00 1.684804667193199768e+00 1.576816262346027031e+02 1.922680273126070745e+02
4.789473684210526772e-01 2.960701517897701973e-01 4.478374167382273008e-01 1.075346595488652968e+00 1.586411309841260664e+00 1.684317047104432641e+00 1.613077224045635489e+02 1.972490755926979773e+02
5.263157894736841813e-01 3.233887118311071784e-01 4.915521001072238327e-01 1.078440194169050681e+00 1.587474849659393117e+00 1.683755199435150951e+00 1.657774349228702704e+02 2.034030749079869054e+02
5.736842105263157965e-01 3.500048676826019722e-01 5.350623346387135548e-01 1.082038908598206728e+00 1.588704701859176893e+00 1.683119020652148690e+00 1.711581243344055849e+02 2.108310682539592449e+02
6.210526315789474117e-01 3.758506255016683117e-01 5.783493163705227813e-01 1.086118508369422919e+00 1.590082444564487218e+00 1.682412240369019596e+00 1.775072390303203349e+02 2.196223145684352289e+02
6.684210526315789158e-01 4.008741863772786740e-01 6.213995250238149026e-01 1.090638104982736944e+00 1.591585172367603551e+00 1.681641197442891755e+00 1.848727394008695910e+02 2.298547567908518090e+02
7.157894736842105310e-01 4.250410948062641192e-01 6.642048157612681081e-01 1.095545627277875189e+00 1.593186930763562881e+00 1.680814497802509688e+00 1.932941238929064980e+02 2.415962379740292363e+02
7.631578947368421462e-01 4.483337300005050818e-01 7.067620157142737725e-01 1.100782845734086024e+00 1.594861198805700875e+00 1.679941928419131481e+00 2.028039186277470947e+02 2.549062919367665074e+02
8.105263157894736503e-01 4.707526701410058578e-01 7.490721926364343197e-01 1.106296186009701810e+00 1.596582013448672344e+00 1.679033625897574655e+00 2.134293568105190957e+02 2.698381655252618430e+02
8.578947368421052655e-01 4.923047192223141688e-01 7.911397322045692349e-01 1.112019541901218656e+00 1.598325430036492634e+00 1.678099562822441326e+00 2.251937029078392527e+02 2.864404272188095888e+02
9.052631578947368807e-01 5.130118876381375426e-01 8.329714005584227809e-01 1.117901713007922071e+00 1.600070241090012946e+00 1.677148878535954291e+00 2.381175157692341315e+02 3.047584958647356075e+02
9.526315789473683848e-01 5.328999949286264970e-01 8.745755014506163549e-01 1.123889792430534440e+00 1.601797685279726213e+00 1.676190273412093035e+00 2.522196054714117679e+02 3.248357740387365311e+02
1.000000000000000000e+00 5.520007358586216384e-01 9.159611572276471492e-01 1.129938882115552046e+00 1.603492924145457854e+00 1.675230920900405041e+00 2.675177185407600859e+02 3.467144546735977428e+02
