1.000000000000000056e-01 6.297851362354771332e-02 9.384388339189950190e-02 1.065550382878581948e+00 1.584647115277534102e+00 1.688092326443028313e+00 1.477349006378101421e+02 1.787577166144128000e+02
1.473684210526315930e-01 9.279275799813301029e-02 1.382911803845149612e-01 1.064917541813272361e+00 1.584008600138389289e+00 1.687412037697794798e+00 1.477488206653507916e+02 1.787937736247561986e+02
1.947368421052631526e-01 1.225730283567458556e-01 1.827285097596584862e-01 1.064756616424683999e+00 1.583748105792048166e+00 1.687049610879967965e+00 1.479461193124656688e+02 1.790709481030173720e+02
2.421052631578947401e-01 1.522902506681616253e-01 2.271470992271171219e-01 1.064890638362470554e+00 1.583676829055626456e+00 1.686796539064898459e+00 1.483487070033863233e+02 1.796248895099498668e+02
2.894736842105263275e-01 1.819035606140317063e-01 2.715349393441156001e-01 1.065284880352797892e+00 1.583743205515072194e+00 1.686578440916393751e+00 1.490048185361894468e+02 1.805238467961009405e+02
3.368421052631579427e-01 2.113614755559412861e-01 3.158767317496015692e-01 1.065950680849891974e+00 1.583933122180636310e+00 1.686357877000123073e+00 1.499720238835589896e+02 1.818482148332208794e+02
3.842105263157894468e-01 2.406047233086726911e-01 3.601540846349011171e-01 1.066924283178554589e+00 1.584248294749098784e+00 1.686114367020792759e+00 1.513121092075500087e+02 1.836843043168072427e+02
4.315789473684210620e-01 2.695624800644705332e-01 4.043459427346529633e-01 1.068230283131843095e+00 1.584693448856032028e+00 1.685832653302298478e+00 1.530882164999153190e+02 1.861208718797436745e+02
4.789473684210526772e-01 2.981600697391612043e-01 4.484293532475002175e-01 1.069900184566682011e+00 1.585274211962606206e+00 1.685503232127581796e+00 1.553629578943038609e+02 1.892467144433755379e+02
5.263157894736841813e-01 3.263166295845562059e-01 4.923803967216957012e-01 1.071947357579376980e+00 1.585993952034672416e+00 1.685119152729436465e+00 1.581964750621724534e+02 1.931482933272488651e+02
5.736842105263157965e-01 3.539554326575075627e-01 5.361753412586841572e-01 1.074389193598400460e+00 1.586852243365516779e+00 1.684676327902132620e+00 1.616449786880377815e+02 1.979078265847591069e+02
6.210526315789474117e-01 3.810023164854807742e-01 5.797917558524157133e-01 1.077226630499595883e+00 1.587844969660306083e+00 1.684173603964321142e+00 1.657595582553926761e+02 2.036017896310625588e+02
6.684210526315789158e-01 4.073902023918746229e-01 6.232095371322294852e-01 1.080448016705410019e+00 1.588963241838730500e+00 1.683611718773276644e+00 1.705854020832291269e+02 2.102998745320136891e+02
7.157894736842105310e-01 4.330626724341257172e-01 6.664116678890193990e-01 1.084033457316769589e+00 1.590194696104481276e+00 1.682993874729978412e+00 1.761613474240501773e+02 2.180643858585607404e+02
7.631578947368421462e-01 4.579758160785399879e-01 7.093847128121603118e-01 1.087955879644864510e+00 1.591524077094680356e+00 1.682324923934154226e+00 1.825201559496689470e+02 2.269504801433680541e+02
8.105263157894736503e-01 4.820977700846205138e-01 7.521189264429563037e-01 1.092179885350818447e+00 1.592933939500100538e+00 1.681610827368117622e+00 1.896888222717553845e+02 2.370065079082343686e+02
8.578947368421052655e-01 5.054092068215192413e-01 7.946080901904150062e-01 1.096665929332886869e+00 1.594405782907128977e+00 1.680858292429409095e+00 1.976892030921690093e+02 2.482747265157152583e+02
9.052631578947368807e-01 5.279017979500705282e-01 8.368491278041284565e-01 1.101371656769187357e+00 1.595921229161392008e+00 1.680074483812880937e+00 2.065387793722632921e+02 2.607921774221318856e+02
9.526315789473683848e-01 5.495779099459895400e-01 8.788415815501378070e-01 1.106256127831199976e+00 1.597462496952688493e+00 1.679266664429638567e+00 2.162513938060480427e+02 2.745915334939478498e+02
1.000000000000000000e+00 5.704489197161397573e-01 9.205870569606663389e-01 1.111280783212023282e+00 1.599013833144817154e+00 1.678441889630877704e+00 2.268380627364188058e+02 2.897020180075577969e+02
