1.000000000000000056e-01 6.286661184471353803e-02 9.381911501347794946e-02 1.075101912931651693e+00 1.586856901669881248e+00 1.688470804210507215e+00 1.520011187842518154e+02 1.840647613364095321e+02
1.473684210526315930e-01 9.260940319135464727e-02 1.382480558084421274e-01 1.073702569218777159e+00 1.585302884798250878e+00 1.686813155757260985e+00 1.520331292575735063e+02 1.841473742956787589e+02
1.947368421052631526e-01 1.222665920007384999e-01 1.826489414995285665e-01 1.073304177983463337e+00 1.584641122290410875e+00 1.685925173583972647e+00 1.524746970062990954e+02 1.847850653697999519e+02
2.421052631578947401e-01 1.517483713528400835e-01 2.269934251476302955e-01 1.073582803903322391e+00 1.584447729815498418e+00 1.685304755280679467e+00 1.534606000396379670e+02 1.861745060177295272e+02
2.894736842105263275e-01 1.809317942337572427e-01 2.712441790334536584e-01 1.074518779499057608e+00 1.584612244278077009e+00 1.684765534925879660e+00 1.551774967866698489e+02 1.885763576993752793e+02
3.368421052631579427e-01 2.096721904017780636e-01 3.153588632099210143e-01 1.076173545170817869e+00 1.585107215944003611e+00 1.684216389211916187e+00 1.578212142272557799e+02 1.922614241849005623e+02
3.842105263157894468e-01 2.378201111926296352e-01 3.592958913448365266e-01 1.078617915253259785e+00 1.585924289038728618e+00 1.683607039431082475e+00 1.615753757458297741e+02 1.974830863063216668e+02
4.315789473684210620e-01 2.652360246849120862e-01 4.030205900313363898e-01 1.081883325250808880e+00 1.587050118883055028e+00 1.682911384535995314e+00 1.665984078630522731e+02 2.044606487304569669e+02
4.789473684210526772e-01 2.918091712285541539e-01 4.465102499074722897e-01 1.085965320855572180e+00 1.588457736638685613e+00 1.682119597146301437e+00 1.730184534660421320e+02 2.133728162197871541e+02
5.263157894736841813e-01 3.174653490838370007e-01 4.897568079592141133e-01 1.090815856385455307e+00 1.590106699103801313e+00 1.681233914154884435e+00 1.809347584217792360e+02 2.243595445917983966e+02
5.736842105263157965e-01 3.421709785000323079e-01 5.327668925407170741e-01 1.096358723179727601e+00 1.591947654532930079e+00 1.680264450008419619e+00 1.904237696666485249e+02 2.375298506573574855e+02
6.210526315789474117e-01 3.659302422497454632e-01 5.755597915217739446e-01 1.102503398042846250e+00 1.593927822194173949e+00 1.679225799265534835e+00 2.015474015509413164e+02 2.529722851074932066e+02
6.684210526315789158e-01 3.887760363572999034e-01 6.181642927027628520e-01 1.109151123279276785e+00 1.595996323244778026e+00 1.678134262950366606e+00 2.143610713458130022e+02 2.707650288434946901e+02
7.157894736842105310e-01 4.107585679847772786e-01 6.606152815292072322e-01 1.116197467337204374e+00 1.598107441654358807e+00 1.677005799193401536e+00 2.289201040107360257e+02 2.909838585981859751e+02
7.631578947368421462e-01 4.319444970948981832e-01 7.029507691309836437e-01 1.123555843843343505e+00 1.600222212888286144e+00 1.675854870258219886e+00 2.452847284474021023e+02 3.137081721734228950e+02
8.105263157894736503e-01 4.524054358220807037e-01 7.452095146810512327e-01 1.131146870191782172e+00 1.602308885802998351e+00 1.674693937900974205e+00 2.635229274144870715e+02 3.390242912866546021e+02
8.578947368421052655e-01 4.722153018646705891e-01 7.874293349805389086e-01 1.138904006205030184e+00 1.604344667240694022e+00 1.673533052225900652e+00 2.837121136599890860e+02 3.670272019943943178e+02
9.052631578947368807e-01 4.914471159792073163e-01 8.296459828777507095e-01 1.146772617436414343e+00 1.606312104524872053e+00 1.672380192739699734e+00 3.059397721225763007e+02 3.978209643747636619e+02
9.526315789473683848e-01 5.101711467500744668e-01 8.718924512717037834e-01 1.154708726591614720e+00 1.608198454390900256e+00 1.671241526205633265e+00 3.303034351786277512e+02 4.315182945556776417e+02
1.000000000000000000e+00 5.284539012775107958e-01 9.141986213254603699e-01 1.162677517061288857e+00 1.609995406089179903e+00 1.670121587026522025e+00 3.569102544208084851e+02 4.682396139583549939e+02
