1.000000000000000056e-01 6.290710847163097363e-02 9.382804759012433604e-02 1.070066712168746381e+00 1.584954021969315896e+00 1.687319981938417035e+00 1.501015292938998016e+02 1.817134324041911952e+02
1.473684210526315930e-01 9.266284287449474966e-02 1.382613891722849764e-01 1.069471226414930198e+00 1.584169182270237730e+00 1.686392762389710143e+00 1.503273763458950611e+02 1.820322517501898858e+02
1.947368421052631526e-01 1.223426582633674042e-01 1.826738021395933054e-01 1.069551637167824421e+00 1.583907115015194211e+00 1.685865248893882784e+00 1.509112815119689515e+02 1.828253129918571744e+02
2.421052631578947401e-01 1.518902775838492647e-01 2.270499825642836589e-01 1.070118970205181208e+00 1.583932744954229976e+00 1.685463473032430493e+00 1.519199491424307382e+02 1.841877224776206390e+02
2.894736842105263275e-01 1.812370560869199509e-01 2.713709946075305024e-01 1.071156920387204670e+00 1.584180184989376627e+00 1.685087404751435702e+00 1.534398363360888311e+02 1.862387324682290171e+02
3.368421052631579427e-01 2.103041682303083137e-01 3.156151570293481701e-01 1.072688101313549858e+00 1.584629705777883979e+00 1.684689622738185788e+00 1.555604026073476973e+02 1.891015149646514431e+02
3.842105263157894468e-01 2.390058626890990690e-01 3.597592489792782455e-01 1.074736309758243635e+00 1.585274119936034509e+00 1.684243828041250390e+00 1.583681480435565447e+02 1.928959624338534979e+02
4.315789473684210620e-01 2.672556358168241553e-01 4.037800006956581145e-01 1.077320700933555253e+00 1.586107649215678039e+00 1.683735157004385030e+00 1.619438215933855076e+02 1.977352164136474926e+02
4.789473684210526772e-01 2.949689112206667629e-01 4.476556058670818627e-01 1.080439896075742201e+00 1.587121566428525865e+00 1.683156585078433132e+00 1.663604455488006408e+02 2.037232537950616518e+02
5.263157894736841813e-01 3.220710899470515254e-01 4.913671221859854943e-01 1.084083733182728437e+00 1.588301868137964590e+00 1.682506254841478643e+00 1.716826916999647210e+02 2.109540534314577087e+02
5.736842105263157965e-01 3.484988137117654428e-01 5.348994837101841426e-01 1.088223681972590784e+00 1.589629744796938970e+00 1.681786638040602355e+00 1.779667062661715988e+02 2.195113840620466306e+02
6.210526315789474117e-01 3.742042536264933439e-01 5.782420704600426120e-01 1.092821781903959621e+00 1.591082492877748278e+00 1.681003353957555957e+00 1.852607889582835696e+02 2.294696172614374916e+02
6.684210526315789158e-01 3.991540551867511222e-01 6.213888111210459364e-01 1.097828182652488715e+00 1.592634971854453019e+00 1.680164110700563596e+00 1.936065641614605681e+02 2.408951444533368544e+02
7.157894736842105310e-01 4.233288314964385735e-01 6.643378645808869498e-01 1.103185763556208121e+00 1.594261371754946088e+00 1.679277937435479595e+00 2.030402756581640347e+02 2.538479713910871851e+02
7.631578947368421462e-01 4.467220638679790246e-01 7.070910297537064126e-01 1.108834835840850630e+00 1.595936551830370975e+00 1.678354415695218593e+00 2.135942330192814609e+02 2.683834909127742776e+02
8.105263157894736503e-01 4.693391606706999730e-01 7.496530005416695008e-01 1.114718305823775513e+00 1.597636972446603298e+00 1.677403049298378690e+00 2.252980957674389515e+02 2.845540673215764400e+02
8.578947368421052655e-01 4.911943875827372019e-01 7.920306071814801063e-01 1.120781799495117914e+00 1.599341752665390803e+00 1.676432772061424048e+00 2.381799951538970390e+02 3.024104042023795387e+02
9.052631578947368807e-01 5.123082872267874510e-01 8.342320917419602244e-01 1.126974522546274393e+00 1.601033099697822371e+00 1.675451756399167991e+00 2.522673414343540514e+02 3.220025445267140185e+02
9.526315789473683848e-01 5.327060127795846256e-01 8.762664962543239566e-01 1.133250795777466235e+00 1.602696195844542704e+00 1.674467371518612246e+00 2.675874363900171602e+02 3.433806179976606359e+02
1.000000000000000000e+00 5.524157160212765927e-01 9.181431652335545479e-01 1.139570478826852806e+00 1.604320004109016651e+00 1.673485745669244240e+00 2.841678683215149590e+02 3.665953259966649398e+02
