1.000000000000000056e-01 6.296141857609442727e-02 9.384039539320471190e-02 1.066879571352286726e+00 1.584697959968014658e+00 1.687833338676278272e+00 1.484002451427853089e+02 1.795827555874408290e+02
1.473684210526315930e-01 9.277819376657185646e-02 1.382885817081558610e-01 1.066153363009695543e+00 1.583978984030138371e+00 1.687103864239964945e+00 1.483305251526618918e+02 1.795072609781381061e+02
1.947368421052631526e-01 1.225744499138007176e-01 1.827290832914103824e-01 1.065846223610803056e+00 1.583644894396921243e+00 1.686729481192246194e+00 1.483770689827984199e+02 1.795884996074294975e+02
2.421052631578947401e-01 1.523192966806091453e-01 2.271504966845629137e-01 1.065778315963622491e+00 1.583496340958581605e+00 1.686484890904032863e+00 1.485723625268822730e+02 1.798809978464172161e+02
2.894736842105263275e-01 1.819592035200862379e-01 2.715337409326774032e-01 1.065929105014416400e+00 1.583485368515161085e+00 1.686286430488516785e+00 1.489916383728241840e+02 1.804955344500867511e+02
3.368421052631579427e-01 2.114155781868721773e-01 3.158511086642520338e-01 1.066338016860331139e+00 1.583610628761578765e+00 1.686089626557836674e+00 1.497359928500108310e+02 1.815780175040062829e+02
3.842105263157894468e-01 2.405849244682741750e-01 3.600665938895375451e-01 1.067072252948261468e+00 1.583888906986395728e+00 1.685864451701862166e+00 1.509237111709410613e+02 1.832979048822394930e+02
4.315789473684210620e-01 2.693427845425063749e-01 4.041377434867056140e-01 1.068207485478863683e+00 1.584343055198026429e+00 1.685588355395630122e+00 1.526817284849617238e+02 1.858366594767538515e+02
4.789473684210526772e-01 2.975496121810859984e-01 4.480191096801739992e-01 1.069805963987758402e+00 1.584993726718774809e+00 1.685244001779829137e+00 1.551368899865794333e+02 1.893758578416316141e+02
5.263157894736841813e-01 3.250676611933624449e-01 4.916667568204451388e-01 1.071924685220136286e+00 1.585854270652772735e+00 1.684819685291771396e+00 1.584073879685715269e+02 1.940857395525926847e+02
5.736842105263157965e-01 3.517697462302515898e-01 5.350430074290011273e-01 1.074589708841058533e+00 1.586926838088347669e+00 1.684309283674429558e+00 1.625959970624072923e+02 2.001162091200341422e+02
6.210526315789474117e-01 3.775549926938889800e-01 5.781204006222060432e-01 1.077809154487581189e+00 1.588201721787315002e+00 1.683712526381672347e+00 1.677866033269800994e+02 2.075922033162437685e+02
6.684210526315789158e-01 4.023524086216118123e-01 6.208840215768702819e-01 1.081560579711258629e+00 1.589658285899135493e+00 1.683034155436484047e+00 1.740437631731841179e+02 2.166131425647170943e+02
7.157894736842105310e-01 4.261241602782971927e-01 6.633319976650793315e-01 1.085800130919331252e+00 1.591268015041733985e+00 1.682282874476454415e+00 1.814152977362870161e+02 2.272563168114836571e+02
7.631578947368421462e-01 4.488675676857467600e-01 7.054744503891910989e-01 1.090478919567352767e+00 1.592998532184333405e+00 1.681470000290861355e+00 1.899368423522419675e+02 2.395827653636492300e+02
8.105263157894736503e-01 4.706030754329704191e-01 7.473313466044314568e-01 1.095532053675898565e+00 1.594815666897146489e+00 1.680607679759401840e+00 1.996365362999665649e+02 2.536434441997955389e+02
8.578947368421052655e-01 4.913705713105068207e-01 7.889299969053332751e-01 1.100893666018381900e+00 1.596687477850909254e+00 1.679708370233933712e+00 2.105395716784230729e+02 2.694851367605120345e+02
9.052631578947368807e-01 5.112245771142492901e-01 8.303026910479299749e-01 1.106503059522448096e+00 1.598585991976316345e+00 1.678783572116326894e+00 2.226721820508194867e+02 2.871555545369491824e+02
9.526315789473683848e-01 5.302278766629084927e-01 8.714846283935366866e-01 1.112305181622286421e+00 1.600486837391784434e+00 1.677843129671226841e+00 2.360644422207949447e+02 3.067069245842261580e+02
1.000000000000000000e+00 5.484463286337416532e-01 9.125123085043945759e-01 1.118251733006746518e+00 1.602370546082731106e+00 1.676896136743964094e+00 2.507522605436521701e+02 3.281984649594726875e+02
