1.000000000000000056e-01 6.286910577855443771e-02 9.382115074545889499e-02 1.069600086978637066e+00 1.585604585406171330e+00 1.687976674297483548e+00 1.502440609063143029e+02 1.819347919784906367e+02
1.473684210526315930e-01 9.248636525515879780e-02 1.382284206339702837e-01 1.070111573609596078e+00 1.585102345701381088e+00 1.686783388854135257e+00 1.518061630865000495e+02 1.839748841400367212e+02
1.947368421052631526e-01 1.218919430000189319e-01 1.825901521449675158e-01 1.071832191742867924e+00 1.585293693633525569e+00 1.685947001621895591e+00 1.543069586178366706e+02 1.872338351222282995e+02
2.421052631578947401e-01 1.509971072620958088e-01 2.268870766630237956e-01 1.074491209969273386e+00 1.585898357365480571e+00 1.685179054754055050e+00 1.578006539353618223e+02 1.917909028145465413e+02
2.894736842105263275e-01 1.797148851216321397e-01 2.711000591170428242e-01 1.077996912329032941e+00 1.586813105350096009e+00 1.684383957283822841e+00 1.623563018690714443e+02 1.977433796420506837e+02
3.368421052631579427e-01 2.079631904301449119e-01 3.152113946709920733e-01 1.082282528133575283e+00 1.587979954134423721e+00 1.683525936484248531e+00 1.680415636017630732e+02 2.051873139181466854e+02
3.842105263157894468e-01 2.356680412960185378e-01 3.592059232037392302e-01 1.087273402584337800e+00 1.589353223678915406e+00 1.682593331485740640e+00 1.749197246227350035e+02 2.142139427977893718e+02
4.315789473684210620e-01 2.627701040780121566e-01 4.030717057408397808e-01 1.092897742248234438e+00 1.590890911850441514e+00 1.681586841685618561e+00 1.830489762163577439e+02 2.249089473110749395e+02
4.789473684210526772e-01 2.892220377819515464e-01 4.468003482952239147e-01 1.099067653145146428e+00 1.592552966052799501e+00 1.680513949522617123e+00 1.924834708663622962e+02 2.373536985488775315e+02
5.263157894736841813e-01 3.149924330561720831e-01 4.903868521406503644e-01 1.105698213683876441e+00 1.594300880647718799e+00 1.679385111426368038e+00 2.032739207576580611e+02 2.516260838076705397e+02
5.736842105263157965e-01 3.400612107439717202e-01 5.338292608284377350e-01 1.112698482000606948e+00 1.596099498492208113e+00 1.678212495012635808e+00 2.154690496100172936e+02 2.678022248947336266e+02
6.210526315789474117e-01 3.644212714243096896e-01 5.771280641808099743e-01 1.119985876402488145e+00 1.597917502577433924e+00 1.677008349712172386e+00 2.291163333131304682e+02 2.859574418045170319e+02
6.684210526315789158e-01 3.880721273281207973e-01 6.202855922800009081e-01 1.127476566071736519e+00 1.599729012952521456e+00 1.675785104331210640e+00 2.442629424078158991e+02 3.061673894236751039e+02
7.157894736842105310e-01 4.110244824383677553e-01 6.633053793995274949e-01 1.135104241050534091e+00 1.601511689871142785e+00 1.674552947264094538e+00 2.609560190712930421e+02 3.285084542718474268e+02
7.631578947368421462e-01 4.332927285443159970e-01 7.061916579957461249e-01 1.142806193290619721e+00 1.603248230498219629e+00 1.673321257813336738e+00 2.792431765573736016e+02 3.530583514150546307e+02
8.105263157894736503e-01 4.548950572527460934e-01 7.489489291103594848e-01 1.150528315711236482e+00 1.604925217039749885e+00 1.672098133390173658e+00 2.991725946061827131e+02 3.798962568462907825e+02
8.578947368421052655e-01 4.758515912312861196e-01 7.915816358641997175e-01 1.158223885213292004e+00 1.606533571091695700e+00 1.670890430317166997e+00 3.207930258342281036e+02 4.091028287699477346e+02
9.052631578947368807e-01 4.961845004269302972e-01 8.340939041121067099e-01 1.165855104728090730e+00 1.608067166764884037e+00 1.669703358414976080e+00 3.441534879584351643e+02 4.407598714278410057e+02
9.526315789473683848e-01 5.159173277222472986e-01 8.764894256746104118e-01 1.173392462814244253e+00 1.609522585430979147e+00 1.668541192469314316e+00 3.693031448773292595e+02 4.749501355394135658e+02
1.000000000000000000e+00 5.350715576286317887e-01 9.187713719933170431e-01 1.180808975716640008e+00 1.610898152204266243e+00 1.667407206047401669e+00 3.962913136610894753e+02 5.117573244923613629e+02
