1.000000000000000056e-01 6.292378079737821761e-02 9.383140484819454952e-02 1.071125415300107964e+00 1.586712779929846384e+00 1.689277134748200515e+00 1.498965590034106867e+02 1.814448665717106621e+02
1.473684210526315930e-01 9.269048701707267857e-02 1.382651335667670345e-01 1.069834237566794855e+00 1.585315006014800909e+00 1.687778111259575553e+00 1.499438918482757686e+02 1.815492081580196668e+02
1.947368421052631526e-01 1.223637104458463465e-01 1.826683175744641952e-01 1.069523258931522891e+00 1.584749164158620438e+00 1.686970287552814529e+00 1.504249270484686747e+02 1.822420563893972201e+02
2.421052631578947401e-01 1.518458753139056427e-01 2.270101824627063225e-01 1.069904804473310600e+00 1.584635499738743736e+00 1.686392018349395228e+00 1.514873739886936050e+02 1.837381319122708305e+02
2.894736842105263275e-01 1.810050159602684672e-01 2.712504817657315215e-01 1.070984363871603007e+00 1.584881715839648431e+00 1.685870209916818352e+00 1.533315717401754341e+02 1.863169771958847036e+02
3.368421052631579427e-01 2.096857612548028715e-01 3.153441218432280202e-01 1.072830516608227258e+00 1.585468696733687066e+00 1.685319204674729399e+00 1.561653269407263167e+02 1.902659594241525269e+02
3.842105263157894468e-01 2.377300574975810543e-01 3.592477061505580660e-01 1.075515651346791834e+00 1.586391086776644421e+00 1.684692738536884615e+00 1.601809057226064681e+02 1.958506136644014362e+02
4.315789473684210620e-01 2.649936338828431936e-01 4.029263061619376973e-01 1.079066336903032886e+00 1.587633479561887162e+00 1.683967419027497359e+00 1.655416631559315306e+02 2.032975096331643670e+02
4.789473684210526772e-01 2.913689921605358002e-01 4.463587136117992960e-01 1.083478488476141033e+00 1.589165051151761654e+00 1.683137239562030540e+00 1.723776951781397315e+02 2.127886663541816006e+02
5.263157894736841813e-01 3.167865865509535972e-01 4.895398160159544210e-01 1.088687723377032013e+00 1.590939417126394639e+00 1.682207339084684561e+00 1.807884628766591106e+02 2.244650312688070528e+02
5.736842105263157965e-01 3.412217523286527610e-01 5.324800829090243770e-01 1.094606680196701820e+00 1.592901741829972684e+00 1.681190875025294185e+00 1.908505073533867176e+02 2.384362926606322048e+02
6.210526315789474117e-01 3.646879953055783274e-01 5.752028850821381267e-01 1.101132384628265237e+00 1.594994935116554213e+00 1.680104979006583177e+00 2.026267983439139755e+02 2.547927214662724964e+02
6.684210526315789158e-01 3.872254775368058621e-01 6.177408276315861091e-01 1.108151318627088822e+00 1.597164582564812862e+00 1.678967719205876730e+00 2.161753290309086424e+02 2.736159431814852496e+02
7.157894736842105310e-01 4.088951373799584732e-01 6.601320676540117782e-01 1.115559537112855271e+00 1.599363276038118897e+00 1.677796240922651450e+00 2.315560069139685879e+02 2.949874440072222797e+02
7.631578947368421462e-01 4.297696133601397461e-01 7.024172035960396521e-01 1.123264609338194608e+00 1.601552555265702837e+00 1.676605652017964188e+00 2.488353421959671437e+02 3.189941839515661286e+02
8.105263157894736503e-01 4.499261285806049337e-01 7.446369292776187088e-01 1.131185885513917855e+00 1.603701522873512753e+00 1.675408585071588741e+00 2.680892280955957858e+02 3.457317188220885100e+02
8.578947368421052655e-01 4.694413212759961929e-01 7.868303929050436407e-01 1.139253656566528328e+00 1.605787456152990567e+00 1.674215149144671955e+00 2.894042487425116974e+02 3.753054409780868355e+02
9.052631578947368807e-01 4.883951887809575010e-01 8.290342102554069115e-01 1.147421621367997302e+00 1.607793250832909360e+00 1.673033293631611684e+00 3.128784750706147975e+02 4.078310777993901866e+02
9.526315789473683848e-01 5.068555273720070087e-01 8.712817519937309241e-01 1.155638017884860202e+00 1.609707842370688091e+00 1.671868879342157221e+00 3.386203297391294313e+02 4.434329467719699096e+02
1.000000000000000000e+00 5.248919041435599064e-01 9.136029898739256305e-01 1.163872438364760953e+00 1.611524820904546518e+00 1.670726111344330134e+00 3.667489898665248234e+02 4.822438806172400518e+02
