1.000000000000000056e-01 6.296496141123598955e-02 9.384077437120535992e-02 1.066869868245597042e+00 1.585069116908675690e+00 1.688291319918975075e+00 1.482643534192557695e+02 1.794159000389167034e+02
1.473684210526315930e-01 9.276852993548465043e-02 1.382849434542636202e-01 1.066089352977815707e+00 1.584266770795675461e+00 1.687438149123797526e+00 1.482760549617511572e+02 1.794549630372330569e+02
1.947368421052631526e-01 1.225249071907676679e-01 1.827141214586061602e-01 1.065889994664264151e+00 1.583939293097907708e+00 1.686982075994557739e+00 1.485245168061925654e+02 1.798107224090680631e+02
2.421052631578947401e-01 1.521870624068708266e-01 2.271140329805152458e-01 1.066073215987888956e+00 1.583860423825101726e+00 1.686660049983000453e+00 1.490671451362512698e+02 1.805682548558288545e+02
2.894736842105263275e-01 1.816914197366287786e-01 2.714658052143900657e-01 1.066624452547339841e+00 1.583972356667313175e+00 1.686374630218975046e+00 1.499925305657750414e+02 1.818506043652431288e+02
3.368421052631579427e-01 2.109606172507721422e-01 3.157471566183223666e-01 1.067578305228759294e+00 1.584264417939244884e+00 1.686078133267538970e+00 1.513973052463634588e+02 1.837901528574966221e+02
3.842105263157894468e-01 2.399080128749900565e-01 3.599342091389250431e-01 1.068978729286706342e+00 1.584738095135796332e+00 1.685741964914110769e+00 1.533767737851706841e+02 1.865167371810568682e+02
4.315789473684210620e-01 2.684467525920936071e-01 4.040037096784332982e-01 1.070873450854892717e+00 1.585397750973233544e+00 1.685349098844181270e+00 1.560194686990241451e+02 1.901506508678255898e+02
4.789473684210526772e-01 2.964919203813969339e-01 4.479352464270351941e-01 1.073284595529351959e+00 1.586242102544177079e+00 1.684889106408298698e+00 1.594035225944291483e+02 1.947980990460583257e+02
5.263157894736841813e-01 3.239706480600202942e-01 4.917132294775805046e-01 1.076223671268585758e+00 1.587264275125589430e+00 1.684357491326812672e+00 1.635953012107602262e+02 2.005494181749293716e+02
5.736842105263157965e-01 3.508243678213588956e-01 5.353282218582734453e-01 1.079680583676713157e+00 1.588450533986554669e+00 1.683754473367250259e+00 1.686493417723351058e+02 2.074790544149618086e+02
6.210526315789474117e-01 3.770112711457379584e-01 5.787774892156831719e-01 1.083626683613388542e+00 1.589781395786180607e+00 1.683083823729147888e+00 1.746095601248082119e+02 2.156471668211154622e+02
6.684210526315789158e-01 4.025115639814274560e-01 6.220649024984242770e-01 1.088030684251429792e+00 1.591233009693844513e+00 1.682351774984764514e+00 1.815115181836574720e+02 2.251024466528924108e+02
7.157894736842105310e-01 4.273204625710957383e-01 6.652001584735547368e-01 1.092846339730399796e+00 1.592780123863020814e+00 1.681566402581704756e+00 1.893847160564532999e+02 2.358850796700436092e+02
7.631578947368421462e-01 4.514482098020772827e-01 7.081977164371938693e-01 1.098023602521857933e+00 1.594397281417540002e+00 1.680736373027007957e+00 1.982550573323353831e+02 2.480298119236533978e+02
8.105263157894736503e-01 4.749155199788049897e-01 7.510755650012851392e-01 1.103508372837696649e+00 1.596060017455653179e+00 1.679870341162746028e+00 2.081468847363852888e+02 2.615684894118405737e+02
8.578947368421052655e-01 4.977565904329164237e-01 7.938540131567184410e-01 1.109257765115478245e+00 1.597746564414288750e+00 1.678977060167465840e+00 2.190846869618835910e+02 2.765321678660382076e+02
9.052631578947368807e-01 5.200067348989048099e-01 8.365546722053663897e-01 1.115221230719880996e+00 1.599437379281482441e+00 1.678064153925558077e+00 2.310943228879484366e+02 2.929525441348940262e+02
9.526315789473683848e-01 5.417073781515366893e-01 8.791995354359034565e-01 1.121357491034809861e+00 1.601115883775653170e+00 1.677138531653455500e+00 2.442038198428100770e+02 3.108629330068840773e+02
1.000000000000000000e+00 5.629018113828661019e-01 9.218103053916745226e-01 1.127629683719943543e+00 1.602767726272483984e+00 1.676206306300955129e+00 2.584438316506991100e+02 3.302987551252467711e+02
