1.000000000000000056e-01 6.293970653484474986e-02 9.383574903859925875e-02 1.068252895855297258e+00 1.584600939073235182e+00 1.687371489987016915e+00 1.491703941687742372e+02 1.805416353003418806e+02
1.473684210526315930e-01 9.274907311792408848e-02 1.382827524320333068e-01 1.067528332292001281e+00 1.583869785544481879e+00 1.686632620013719164e+00 1.490915306698722702e+02 1.804514610640102603e+02
1.947368421052631526e-01 1.225460883345416974e-01 1.827248980775900700e-01 1.067196083734778700e+00 1.583517443263529056e+00 1.686256449156372073e+00 1.490983926836166518e+02 1.804752158226400240e+02
2.421052631578947401e-01 1.523092277553042551e-01 2.271542226206082482e-01 1.067060195600718409e+00 1.583337414453251935e+00 1.686018501910801826e+00 1.492046201591127215e+02 1.806404441669905907e+02
2.894736842105263275e-01 1.820015805328907832e-01 2.715566603850129157e-01 1.067093163992077320e+00 1.583273872448474728e+00 1.685837276994816669e+00 1.494610117209324756e+02 1.810236984016336521e+02
3.368421052631579427e-01 2.115645369512121343e-01 3.159108027339113112e-01 1.067313603617148221e+00 1.583317720903492987e+00 1.685671036036506365e+00 1.499418581643402888e+02 1.817336532154281201e+02
3.842105263157894468e-01 2.409168823939667192e-01 3.601875391838278428e-01 1.067767680612326631e+00 1.583479793662060597e+00 1.685492748818667952e+00 1.507390368188571017e+02 1.829031858917528552e+02
4.315789473684210620e-01 2.699557849963097889e-01 4.043508679074375167e-01 1.068514202712036676e+00 1.583778870303111264e+00 1.685281428331089515e+00 1.519562250044657219e+02 1.846813771357722658e+02
4.789473684210526772e-01 2.985619995707980423e-01 4.483600829003145938e-01 1.069616144966387905e+00 1.584235600571544111e+00 1.685020023301646130e+00 1.537024585873950002e+02 1.872245496985147781e+02
5.263157894736841813e-01 3.266060970472093317e-01 4.921731407228006061e-01 1.071124047390508149e+00 1.584868055074618365e+00 1.684695698336895031e+00 1.560849226088426747e+02 1.906864628586340302e+02
5.736842105263157965e-01 3.539655515925371199e-01 5.357507878859703032e-01 1.073090676013144895e+00 1.585686569068997409e+00 1.684299084595084928e+00 1.592024174252708519e+02 1.952094575365277649e+02
6.210526315789474117e-01 3.805288561471061315e-01 5.790605976863337778e-01 1.075539564590411112e+00 1.586692886155524951e+00 1.683825864712026776e+00 1.631403783972147608e+02 2.009178357501499761e+02
6.684210526315789158e-01 4.062078987208960212e-01 6.220801570536198533e-01 1.078474677654089220e+00 1.587879503936264758e+00 1.683276263834431630e+00 1.679682855287186669e+02 2.079144642945709904e+02
7.157894736842105310e-01 4.309439621851655633e-01 6.647988601728740399e-01 1.081881749926286940e+00 1.589228591868949936e+00 1.682654073664299421e+00 1.737399284147000458e+02 2.162811340687979680e+02
7.631578947368421462e-01 4.547066028810727856e-01 7.072181137659885319e-01 1.085726685105370404e+00 1.590718207359963943e+00 1.681966511592861702e+00 1.804956008896396895e+02 2.260815149550260230e+02
8.105263157894736503e-01 4.774957256898006430e-01 7.493502840796780751e-01 1.089969143481899216e+00 1.592320425635090242e+00 1.681222768452766747e+00 1.882658889859077647e+02 2.373661286113706126e+02
8.578947368421052655e-01 4.993313082341818143e-01 7.912167894953501257e-01 1.094556134022760752e+00 1.594007173820063406e+00 1.680433092662604100e+00 1.970754830680417626e+02 2.501773835136073671e+02
9.052631578947368807e-01 5.202539204941903916e-01 8.328459373181820169e-01 1.099438046658710144e+00 1.595752000517824287e+00 1.679607744012409976e+00 2.069472310616315838e+02 2.645548025129913299e+02
9.526315789473683848e-01 5.403149510134810374e-01 8.742707803343320316e-01 1.104565128988242551e+00 1.597530570397018401e+00 1.678756462046030462e+00 2.179052233362908737e+02 2.805389958208084522e+02
1.000000000000000000e+00 5.595734821721135566e-01 9.155272540022805217e-01 1.109890525162965158e+00 1.599321734760449809e+00 1.677887610643782779e+00 2.299772148732429002e+02 2.981747094233233497e+02
