1.000000000000000056e-01 6.286355272792559790e-02 9.381843019386416904e-02 1.071254376330413427e+00 1.586714282061677306e+00 1.688981301144282909e+00 1.506092746936733420e+02 1.823901725197025598e+02
1.473684210526315930e-01 9.246404464730356709e-02 1.382184878734259992e-01 1.071356908965867660e+00 1.585823035384044566e+00 1.687388373342510128e+00 1.521475293455432052e+02 1.844233311642958881e+02
1.947368421052631526e-01 1.218168422288348068e-01 1.825621212026659890e-01 1.072983991926516278e+00 1.585872752202674540e+00 1.686336982809934604e+00 1.548137624596941748e+02 1.879281057087883369e+02
2.421052631578947401e-01 1.508109728075253120e-01 2.268244841847776028e-01 1.075790909828176822e+00 1.586469556750554899e+00 1.685412663106776510e+00 1.586990990315879344e+02 1.930336996402245404e+02
2.894736842105263275e-01 1.793379254784051580e-01 2.709822506309720880e-01 1.079648420119437402e+00 1.587468116365334136e+00 1.684477634915019673e+00 1.639043986013079177e+02 1.998797906400270392e+02
3.368421052631579427e-01 2.073007400844241177e-01 3.150159404652913553e-01 1.084460580431963805e+00 1.588784429924340325e+00 1.683480344857843702e+00 1.705200770393846597e+02 2.085927122342525877e+02
3.842105263157894468e-01 2.346210830340143272e-01 3.589114857006968640e-01 1.090127235530746530e+00 1.590350825739347496e+00 1.682404690872299380e+00 1.786238476383582849e+02 2.192829886092159200e+02
4.315789473684210620e-01 2.612416627002475678e-01 4.026608307739630299e-01 1.096534029021798196e+00 1.592105452577629698e+00 1.681252165815534827e+00 1.882825793948896091e+02 2.320477879035928197e+02
4.789473684210526772e-01 2.871271536191845053e-01 4.462617146275333901e-01 1.103560061701262640e+00 1.593990481988085905e+00 1.680032864759198441e+00 1.995556339099124443e+02 2.469750270960284979e+02
5.263157894736841813e-01 3.122613597483043235e-01 4.897167961021541838e-01 1.111081630464323622e+00 1.595953483178135457e+00 1.678760882602668536e+00 2.124979065491253039e+02 2.641471633219538830e+02
5.736842105263157965e-01 3.366464805690067563e-01 5.330324610127336049e-01 1.118986610356619060e+00 1.597949042747993653e+00 1.677451357884645722e+00 2.271623778562799885e+02 2.836443734639136665e+02
6.210526315789474117e-01 3.602941905379308807e-01 5.762176264571851059e-01 1.127163153101372384e+00 1.599936599805771520e+00 1.676120207729495659e+00 2.436025199808650825e+02 3.055474901218444757e+02
6.684210526315789158e-01 3.832289998297783162e-01 6.192826183735662404e-01 1.135522358096332507e+00 1.601889453581084810e+00 1.674779498817508872e+00 2.618730492241475076e+02 3.299389826006283783e+02
7.157894736842105310e-01 4.054785784041140539e-01 6.622383022885818260e-01 1.143980998639001267e+00 1.603783228224425539e+00 1.673440977582933531e+00 2.820311917697538320e+02 3.569045259698336281e+02
7.631578947368421462e-01 4.270759313551403813e-01 7.050954222671099725e-01 1.152473526513495994e+00 1.605601637802743786e+00 1.672114357280623853e+00 3.041367419319652186e+02 3.865331142200373051e+02
8.105263157894736503e-01 4.480525510807261691e-01 7.478641972871246102e-01 1.160939936838365716e+00 1.607332982224069173e+00 1.670807050188762188e+00 3.282524713745675058e+02 4.189175493146960321e+02
8.578947368421052655e-01 4.684426948931152968e-01 7.905540232599145289e-01 1.169336930997199486e+00 1.608970662962362130e+00 1.669525198170249025e+00 3.544435603508738950e+02 4.541538081855129576e+02
9.052631578947368807e-01 4.882797153280847846e-01 8.331733225740108884e-01 1.177629829614777357e+00 1.610511398648572845e+00 1.668273073461496336e+00 3.827775030155447666e+02 4.923409849703378995e+02
9.526315789473683848e-01 5.075948179922689096e-01 8.757295485715151928e-01 1.185790452596969802e+00 1.611954776689900504e+00 1.667053879601805289e+00 4.133239587070027596e+02 5.335810586213526676e+02
1.000000000000000000e+00 5.264175044725041275e-01 9.182291766195880278e-01 1.193796486801697698e+00 1.613302372783649297e+00 1.665870096863345085e+00 4.461543608161718453e+02 5.779784756444342975e+02
