1.000000000000000056e-01 6.291371983586395433e-02 9.382957911571146448e-02 1.068672253739860967e+00 1.585839502904815124e+00 1.688641207899578944e+00 1.493059605515759927e+02 1.807449925254454399e+02
1.473684210526315930e-01 9.260358592250764187e-02 1.382495393291413022e-01 1.068491677359723502e+00 1.585067618456248439e+00 1.687435338524969408e+00 1.502125925630850531e+02 1.819491289276471377e+02
1.947368421052631526e-01 1.221339120453883847e-01 1.826325012777262335e-01 1.069404813153361777e+00 1.585001795515635470e+00 1.686671188369120555e+00 1.518475495087386946e+02 1.841023922662907637e+02
2.421052631578947401e-01 1.514264263432992808e-01 2.269601784568419933e-01 1.071144838311315128e+00 1.585339549782651902e+00 1.686021017545959344e+00 1.542681994836416948e+02 1.872875627402064254e+02
2.894736842105263275e-01 1.803985644422918255e-01 2.712134854041415299e-01 1.073637164428485669e+00 1.585980257794389336e+00 1.685372748483122241e+00 1.575487041451997356e+02 1.916070907764759852e+02
3.368421052631579427e-01 2.089683145676292098e-01 3.153739333600285022e-01 1.076843197318696266e+00 1.586874351005276296e+00 1.684679210052032250e+00 1.617606961912715349e+02 1.971601535629800139e+02
3.842105263157894468e-01 2.370594303952497928e-01 3.594249128591614495e-01 1.080725561131530732e+00 1.587986787059248783e+00 1.683920692828639654e+00 1.669690657103068077e+02 2.040377397664551609e+02
4.315789473684210620e-01 2.646051564942657475e-01 4.033527330675200084e-01 1.085236373568939872e+00 1.589284983330982781e+00 1.683090934126870275e+00 1.732315831987893091e+02 2.123222451128837349e+02
4.789473684210526772e-01 2.915514643959487007e-01 4.471472252660266822e-01 1.090318528017969024e+00 1.590736099668527803e+00 1.682191728039170941e+00 1.805992576134052570e+02 2.220880074088059928e+02
5.263157894736841813e-01 3.178588461663854337e-01 4.908019816868960383e-01 1.095908698113706059e+00 1.592307078235587481e+00 1.681229761847610416e+00 1.891177896375662613e+02 2.334030619272879221e+02
5.736842105263157965e-01 3.434995197492383134e-01 5.343141613741585472e-01 1.101931493640043280e+00 1.593965065889529242e+00 1.680214000292761689e+00 1.988286550465244886e+02 2.463305274575342594e+02
6.210526315789474117e-01 3.684595503593119381e-01 5.776840710884680874e-01 1.108314561678070520e+00 1.595679254429236416e+00 1.679154886249598855e+00 2.097706511691221749e+02 2.609304793257027768e+02
6.684210526315789158e-01 3.927356103981736735e-01 6.209145599284493500e-01 1.114986105796531124e+00 1.597421617788761239e+00 1.678063017104369337e+00 2.219810388932386616e+02 2.772613697342748651e+02
7.157894736842105310e-01 4.163317719589706978e-01 6.640103702554854825e-01 1.121875062523168598e+00 1.599167867314747582e+00 1.676948832484742802e+00 2.354965192132750076e+02 2.953812353114055327e+02
7.631578947368421462e-01 4.392615784314709559e-01 7.069775095266805920e-01 1.128922237451786659e+00 1.600895522727574516e+00 1.675822212322490401e+00 2.503538156744955359e+02 3.153484298587656554e+02
8.105263157894736503e-01 4.615421186292731348e-01 7.498227190785434759e-01 1.136071337882189614e+00 1.602590118201823843e+00 1.674690868954075595e+00 2.665903132296035665e+02 3.372224094062077597e+02
8.578947368421052655e-01 4.831944320979861263e-01 7.925530351605489798e-01 1.143274084435378590e+00 1.604237978837523393e+00 1.673562283362340919e+00 2.842442774864430248e+02 3.610640104069545373e+02
9.052631578947368807e-01 5.042419967638941403e-01 8.351754430875654167e-01 1.150489428326522567e+00 1.605829264374319942e+00 1.672442736584571987e+00 3.033549789165608104e+02 3.869356265931205598e+02
9.526315789473683848e-01 5.247084974077989017e-01 8.776966496455169686e-01 1.157681008979308146e+00 1.607356825776376175e+00 1.671337152851818830e+00 3.239627953272008654e+02 4.149013311811553422e+02
1.000000000000000000e+00 5.446153335013065311e-01 9.201229209381749374e-01 1.164814471077309399e+00 1.608815801436222603e+00 1.670249823927154820e+00 3.461091623518224765e+02 4.450268292549752118e+02
