1.000000000000000056e-01 6.295971344923911861e-02 9.383990838607828011e-02 1.066223668831522309e+00 1.584050357238182327e+00 1.687182958122908971e+00 1.483226960361694466e+02 1.794916325099150356e+02
1.473684210526315930e-01 9.277153267965419781e-02 1.382866902851061508e-01 1.065753980035010651e+00 1.583564503236752907e+00 1.686671419758714929e+00 1.483175688326292061e+02 1.794989086823628384e+02
1.947368421052631526e-01 1.225558188708538027e-01 1.827243152048628472e-01 1.065616213690436132e+00 1.583360677027100483e+00 1.686398962179715078e+00 1.484457213256614239e+02 1.796862701188206586e+02
2.421052631578947401e-01 1.522811490874265983e-01 2.271427923310547214e-01 1.065698777358122129e+00 1.583306260972678903e+00 1.686207048037965395e+00 1.487493615720904074e+02 1.801164290624967066e+02
2.894736842105263275e-01 1.819027165667506385e-01 2.715278809177103514e-01 1.066006769453770042e+00 1.583371447402323273e+00 1.686036142907232360e+00 1.492944001031038965e+02 1.808818914000613916e+02
3.368421052631579427e-01 2.113625848099745796e-01 3.158614340210707527e-01 1.066579401899674595e+00 1.583555246734740241e+00 1.685854479000454154e+00 1.501566153930895666e+02 1.820876644245138891e+02
3.842105263157894468e-01 2.405900647055451980e-01 3.601223397410029947e-01 1.067459483580520230e+00 1.583867601921659762e+00 1.685641706248952376e+00 1.514155559761304346e+02 1.838432726423903318e+02
4.315789473684210620e-01 2.695061415303762198e-01 4.042879393278399625e-01 1.068689781706243958e+00 1.584319820581857385e+00 1.685383981336512793e+00 1.531498720092111228e+02 1.862566488872252535e+02
4.789473684210526772e-01 2.980302692884731486e-01 4.483358108513083029e-01 1.070312878583686400e+00 1.584920247609593158e+00 1.685070774389911374e+00 1.554338791268578177e+02 1.894295976586353447e+02
5.263157894736841813e-01 3.260824962803626770e-01 4.922456277425913407e-01 1.072352849411456699e+00 1.585674041821515168e+00 1.684695843815199767e+00 1.583347228053773676e+02 1.934541566197081863e+02
5.736842105263157965e-01 3.535947750007839008e-01 5.360009175063088493e-01 1.074833962971588397e+00 1.586579852251959410e+00 1.684255894085784577e+00 1.619109795390153295e+02 1.984107353571709780e+02
6.210526315789474117e-01 3.805073317599613758e-01 5.795903375576352268e-01 1.077753807448407208e+00 1.587630523330578303e+00 1.683750867390331418e+00 1.662119735191243421e+02 2.043673125477421024e+02
6.684210526315789158e-01 4.067767324180428523e-01 6.230084383565946959e-01 1.081101497232192621e+00 1.588813425146766267e+00 1.683183426149047257e+00 1.712783077808783219e+02 2.113801115781165834e+02
7.157894736842105310e-01 4.323757895650323091e-01 6.662558211359368432e-01 1.084855006015303047e+00 1.590112362850403915e+00 1.682558068440567878e+00 1.771431647275817909e+02 2.194952625698136046e+02
7.631578947368421462e-01 4.572922755550121732e-01 7.093387514335861566e-01 1.088982163528623870e+00 1.591508075967126734e+00 1.681880785465410977e+00 1.838339153016139562e+02 2.287508690174209960e+02
8.105263157894736503e-01 4.815290093447089914e-01 7.522684126448615505e-01 1.093447479043369697e+00 1.592980624796724198e+00 1.681158698572068344e+00 1.913740255983566669e+02 2.391794099974509322e+02
8.578947368421052655e-01 5.050991907473518783e-01 7.950599006815325387e-01 1.098209447741550049e+00 1.594510078865109648e+00 1.680399318198194880e+00 1.997846310969484307e+02 2.508097537205286756e+02
9.052631578947368807e-01 5.280281230172486628e-01 8.377312798194938015e-01 1.103231197651030282e+00 1.596077184222879364e+00 1.679609680641022784e+00 2.090863655555853597e+02 2.636693520816948535e+02
9.526315789473683848e-01 5.503467968320578940e-01 8.803025285804454425e-01 1.108474388743331707e+00 1.597664578679474312e+00 1.678796552975428513e+00 2.193002896308640572e+02 2.777854415172475342e+02
1.000000000000000000e+00 5.720909648969628725e-01 9.227947081395844187e-01 1.113902812322737468e+00 1.599256640061264445e+00 1.677966408714965052e+00 2.304489043014183949e+02 2.931862311580477467e+02
