1.000000000000000056e-01 6.284539356852346381e-02 9.382910387457776835e-02 1.068158379092858601e+00 1.584573642296869700e+00 1.686702620182941370e+00 1.507574142227396408e+02 1.825342418592063893e+02
1.473684210526315930e-01 9.247442054361877661e-02 1.382573127633509869e-01 1.069644452328174289e+00 1.584615342873894273e+00 1.685913235035339408e+00 1.527462809166122213e+02 1.850337151547893484e+02
1.947368421052631526e-01 1.219764160384531199e-01 1.826679984068266260e-01 1.071661274287758481e+00 1.584953520545486993e+00 1.685286810736678964e+00 1.551468355523194873e+02 1.880571930975896748e+02
2.421052631578947401e-01 1.513244688033939800e-01 2.270558434357686783e-01 1.074048026627980157e+00 1.585450780846583196e+00 1.684698406907764623e+00 1.579371335540577093e+02 1.915809163531344836e+02
2.894736842105263275e-01 1.804923548816866619e-01 2.714151151677243190e-01 1.076748690357541616e+00 1.586058228986877205e+00 1.684107923892708136e+00 1.611176625804053799e+02 1.956087381445347546e+02
3.368421052631579427e-01 2.094516727348854357e-01 3.157397286648305212e-01 1.079723920397041459e+00 1.586752497121539429e+00 1.683499470719796554e+00 1.646979804909027223e+02 2.001558881583036680e+02
3.842105263157894468e-01 2.381750522782586921e-01 3.600232965769227245e-01 1.082953522067617413e+00 1.587519688107287275e+00 1.682866392267253319e+00 1.686921281111378335e+02 2.052434464865507096e+02
4.315789473684210620e-01 2.666351417242518451e-01 4.042592148857146461e-01 1.086420300063271283e+00 1.588349763973609274e+00 1.682206021768721582e+00 1.731169001132904839e+02 2.108962278964235111e+02
4.789473684210526772e-01 2.948032918063933083e-01 4.484407441382292636e-01 1.090102570744035271e+00 1.589234617920496584e+00 1.681517961473287581e+00 1.779908983660175181e+02 2.171416459984380651e+02
5.263157894736841813e-01 3.226543186159564480e-01 4.925610727287820234e-01 1.093989547442985044e+00 1.590166985905544283e+00 1.680803099046523474e+00 1.833337482811012080e+02 2.240088001768528443e+02
5.736842105263157965e-01 3.501614595664274687e-01 5.366134343578848886e-01 1.098060968893485922e+00 1.591139931717618916e+00 1.680062928789987975e+00 1.891660735148202264e+02 2.315284023848874710e+02
6.210526315789474117e-01 3.773003743378154917e-01 5.805911314144365232e-01 1.102300396261693516e+00 1.592146799450163908e+00 1.679299576226885637e+00 1.955088633925811052e+02 2.397320885447653325e+02
6.684210526315789158e-01 4.040505831989565921e-01 6.244875926790159903e-01 1.106696457315103466e+00 1.593181043509538819e+00 1.678515487043408472e+00 2.023832573774699028e+02 2.486521644680572081e+02
7.157894736842105310e-01 4.303885897060485966e-01 6.682964748442733471e-01 1.111225165086859645e+00 1.594236503672275429e+00 1.677713468654048690e+00 2.098108544070862536e+02 2.583219318126405142e+02
7.631578947368421462e-01 4.562959637264327184e-01 7.120116222806841533e-01 1.115870537295452491e+00 1.595306963826964575e+00 1.676896253901016598e+00 2.178129261266842605e+02 2.687748271241026146e+02
8.105263157894736503e-01 4.817563689163533169e-01 7.556271127800581189e-01 1.120616361457843269e+00 1.596386578103585974e+00 1.676066745219308540e+00 2.264105586419388487e+02 2.800445693468964237e+02
8.578947368421052655e-01 5.067531314176207946e-01 7.991372810675128058e-01 1.125441760608919761e+00 1.597469855372687597e+00 1.675227850817111452e+00 2.356247272745159194e+02 2.921652412763865527e+02
9.052631578947368807e-01 5.312750475968869290e-01 8.425366538063888688e-01 1.130332893506393432e+00 1.598551608830119708e+00 1.674382412882528648e+00 2.454756870502442325e+02 3.051706077719130690e+02
9.526315789473683848e-01 5.553101788219000357e-01 8.858199910465339721e-01 1.135271105940274694e+00 1.599626955739615664e+00 1.673533248489271985e+00 2.559833986717883079e+02 3.190945774334908833e+02
1.000000000000000000e+00 5.788484714671195963e-01 9.289822295682649278e-01 1.140238713014194882e+00 1.600691632562073252e+00 1.672683093382117070e+00 2.671671271544840920e+02 3.339707389480333859e+02
