1.000000000000000056e-01 6.292129120736296433e-02 9.383129288059724460e-02 1.070637053979214492e+00 1.585895681291669357e+00 1.688387270681131813e+00 1.499453982982540765e+02 1.815050064356173891e+02
1.473684210526315930e-01 9.270343017414522935e-02 1.382702246838926619e-01 1.069535332996966570e+00 1.584730943653317237e+00 1.687165666232924632e+00 1.499210804874165888e+02 1.815029099913730590e+02
1.947368421052631526e-01 1.224297718151288322e-01 1.826901831866310499e-01 1.069175130134553342e+00 1.584224130759504412e+00 1.686520152542589246e+00 1.501714267058869439e+02 1.818729073039448281e+02
2.421052631578947401e-01 1.520355797485496430e-01 2.270701436486635971e-01 1.069294770034480813e+00 1.584056795480653479e+00 1.686076182325230599e+00 1.507862506104904412e+02 1.827490484841536045e+02
2.894736842105263275e-01 1.814276939289496959e-01 2.713807213431382870e-01 1.069881306622121331e+00 1.584150053482315634e+00 1.685694357718034331e+00 1.519043004445704241e+02 1.843267521003429295e+02
3.368421052631579427e-01 2.104898203500087661e-01 3.155862603631801599e-01 1.070994991436604815e+00 1.584491536260521860e+00 1.685304381961088227e+00 1.536808079756288521e+02 1.868217016267600741e+02
3.842105263157894468e-01 2.390911685824960164e-01 3.596485520762361943e-01 1.072706715980816794e+00 1.585086409404289576e+00 1.684864366737929053e+00 1.562702070456620049e+02 1.904474142791526106e+02
4.315789473684210620e-01 2.671013734558400077e-01 4.035316478859371503e-01 1.075079285803025808e+00 1.585939633490766720e+00 1.684349702162614371e+00 1.598145578736036327e+02 1.954000301771875741e+02
4.789473684210526772e-01 2.944026282363654268e-01 4.472066053566629562e-01 1.078144475390806045e+00 1.587045461980246985e+00 1.683747138735456339e+00 1.644356863431719660e+02 2.018482153992284509e+02
5.263157894736841813e-01 3.209003547475492435e-01 4.906552109612668522e-01 1.081895876116613753e+00 1.588385829695520002e+00 1.683053280168137933e+00 1.702325015683155129e+02 2.099296819945504353e+02
5.736842105263157965e-01 3.465346619379268689e-01 5.338718338429497834e-01 1.086306259667446206e+00 1.589931375733355079e+00 1.682272252944537971e+00 1.772823805697300372e+02 2.197530396223203013e+02
6.210526315789474117e-01 3.712762868287656226e-01 5.768633204719801899e-01 1.091315463653609097e+00 1.591644601797110203e+00 1.681413269260539689e+00 1.856454133151111705e+02 2.314032860456248386e+02
6.684210526315789158e-01 3.951286303239788245e-01 6.196474105369089713e-01 1.096855478740461187e+00 1.593484815809682154e+00 1.680488673256413490e+00 1.953705163275993186e+02 2.449495340410402378e+02
7.157894736842105310e-01 4.181188241216307611e-01 6.622502198315457500e-01 1.102848522467863690e+00 1.595411169824298758e+00 1.679512161660738467e+00 2.065010197566590193e+02 2.604520992219659661e+02
7.631578947368421462e-01 4.402919468857234842e-01 7.047035482286685415e-01 1.109216293795444397e+00 1.597386143945254799e+00 1.678497113110102301e+00 2.190796604836520771e+02 2.779686896916675778e+02
8.105263157894736503e-01 4.617050706296024210e-01 7.470424042785770435e-01 1.115885795078582987e+00 1.599377421325884452e+00 1.677455850300329177e+00 2.331522668322635070e+02 2.975588769409878864e+02
8.578947368421052655e-01 4.824240696309672893e-01 7.893029948804614060e-01 1.122795976642231519e+00 1.601357932204957812e+00 1.676399258922594893e+00 2.487703778999945712e+02 3.192871353783036739e+02
9.052631578947368807e-01 5.025149887108456559e-01 8.315211689520903837e-01 1.129888634963989169e+00 1.603305930871705920e+00 1.675336516435850465e+00 2.659925295929107847e+02 3.432241966730449576e+02
9.526315789473683848e-01 5.220449426211716260e-01 8.737313513902558171e-01 1.137116378828870955e+00 1.605204316728264802e+00 1.674275047694420593e+00 2.848849714900347863e+02 3.694476082273916404e+02
1.000000000000000000e+00 5.410789864744767197e-01 9.159658190859339966e-01 1.144439448564792849e+00 1.607040751981955395e+00 1.673220744551510819e+00 3.055218954358585393e+02 3.980416957817876096e+02
