1.000000000000000056e-01 6.291430770517043858e-02 9.383025651242797582e-02 1.067679994755510009e+00 1.584704007160578465e+00 1.687479675212764318e+00 1.492122772835613489e+02 1.806281125967978767e+02
1.473684210526315930e-01 9.262372060225877723e-02 1.382560609818213326e-01 1.067789932682940091e+00 1.584270744514723051e+00 1.686666183758930515e+00 1.500380304460979346e+02 1.817128443250406349e+02
1.947368421052631526e-01 1.222088288231085174e-01 1.826547715026345109e-01 1.068681395677424373e+00 1.584313090259662493e+00 1.686122598580094278e+00 1.514201926034817234e+02 1.835185794118994806e+02
2.421052631578947401e-01 1.516158364024178806e-01 2.270147937428681761e-01 1.070178984174112724e+00 1.584634147158700657e+00 1.685639651746509982e+00 1.533860620161704844e+02 1.860845469197420812e+02
2.894736842105263275e-01 1.807893028496770360e-01 2.713245707938818363e-01 1.072224962060988496e+00 1.585166804218548942e+00 1.685146397609292634e+00 1.559716896415833389e+02 1.894598226196080191e+02
3.368421052631579427e-01 2.096767829688489515e-01 3.155732624489034355e-01 1.074795948318683525e+00 1.585877683738551314e+00 1.684613341266282038e+00 1.592110791824478611e+02 1.936905600570376293e+02
3.842105263157894468e-01 2.382286912686665259e-01 3.597513326048109028e-01 1.077864145211960611e+00 1.586743797065961692e+00 1.684028085776047012e+00 1.631344219157846851e+02 1.988179714373436582e+02
4.315789473684210620e-01 2.664018843014108184e-01 4.038509477854699270e-01 1.081401446536291777e+00 1.587744709804549625e+00 1.683386449026285536e+00 1.677678237864573418e+02 2.048781323312503844e+02
4.789473684210526772e-01 2.941599762254625272e-01 4.478662721102911748e-01 1.085373603669940845e+00 1.588860583191316955e+00 1.682689056495576319e+00 1.731340494483507939e+02 2.119028743911957520e+02
5.263157894736841813e-01 3.214721001861000071e-01 4.917935244832017383e-01 1.089735577012255208e+00 1.590071763914963299e+00 1.681939655695084523e+00 1.792530274365032312e+02 2.199204867655115549e+02
5.736842105263157965e-01 3.483181277119985486e-01 5.356309633100334588e-01 1.094449875245377291e+00 1.591358425115775521e+00 1.681143214678640918e+00 1.861426975033904228e+02 2.289567068350971510e+02
6.210526315789474117e-01 3.746835010049476833e-01 5.793786744075279938e-01 1.099471537548378341e+00 1.592701602045230036e+00 1.680305896672037225e+00 1.938195422828658820e+02 2.390354344184850959e+02
6.684210526315789158e-01 4.005594603046981894e-01 6.230383399033485592e-01 1.104753801837319305e+00 1.594083408489821441e+00 1.679434199883681478e+00 2.022992440537910568e+02 2.501795121468508114e+02
7.157894736842105310e-01 4.259457101058267692e-01 6.666129140091676675e-01 1.110258035042644087e+00 1.595487461931202722e+00 1.678534696316942965e+00 2.115970119675693297e+02 2.624111674973945014e+02
7.631578947368421462e-01 4.508463442964043555e-01 7.101063532786767718e-01 1.115945685498037410e+00 1.596899166820701987e+00 1.677613728673305715e+00 2.217281466898146505e+02 2.757526700553698902e+02
8.105263157894736503e-01 4.752665562565029367e-01 7.535233310069615609e-01 1.121774713144314317e+00 1.598305633523980251e+00 1.676677038121670682e+00 2.327083008382847424e+02 2.902266560083491527e+02
8.578947368421052655e-01 4.992168603267901350e-01 7.968689500576349172e-01 1.127711577208157623e+00 1.599696646587766447e+00 1.675730405038504012e+00 2.445535606483132085e+02 3.058562675547568688e+02
9.052631578947368807e-01 5.227099728545868684e-01 8.401485434017526011e-01 1.133725720033064599e+00 1.601062744761660106e+00 1.674778298348613470e+00 2.572806228761225498e+02 3.226653535052954567e+02
9.526315789473683848e-01 5.457615487404435806e-01 8.833674845065638825e-01 1.139792062911703541e+00 1.602396427783789434e+00 1.673825039271318982e+00 2.709067898561282846e+02 3.406784815540443674e+02
1.000000000000000000e+00 5.683851172766847260e-01 9.265310943005689026e-01 1.145883172201058287e+00 1.603691705513836441e+00 1.672874308279393984e+00 2.854503063017138516e+02 3.599213133594811325e+02
