1.000000000000000056e-01 6.296870556313867440e-02 9.384201840918589277e-02 1.065415300750516048e+00 1.583786397677420243e+00 1.687057630958181953e+00 1.479924067763907658e+02 1.790800030747508345e+02
1.473684210526315930e-01 9.279143720699914444e-02 1.382918582007031660e-01 1.065017865083245807e+00 1.583392243032095026e+00 1.686655941701751704e+00 1.479583811613852049e+02 1.790446771960118326e+02
1.947368421052631526e-01 1.226006253258171974e-01 1.827371348781131610e-01 1.064851473928337899e+00 1.583211823620304770e+00 1.686448278857680450e+00 1.479959877290642680e+02 1.791054597421363326e+02
2.421052631578947401e-01 1.523801378883787028e-01 2.271718114912147646e-01 1.064828757925383007e+00 1.583135711002290114e+00 1.686310912463005351e+00 1.481230525535674190e+02 1.792915785959742720e+02
2.894736842105263275e-01 1.821022750208255714e-01 2.715862211615830413e-01 1.064939292168090468e+00 1.583136655287116223e+00 1.686197731189259308e+00 1.483788516520328074e+02 1.796600551930514200e+02
3.368421052631579427e-01 2.117251718959371476e-01 3.159666191717105388e-01 1.065194484739608871e+00 1.583213404462236795e+00 1.686085168752832208e+00 1.488148828385635625e+02 1.802842593262893160e+02
3.842105263157894468e-01 2.411967680138628334e-01 3.602951126290034889e-01 1.065635833122933862e+00 1.583373802055485946e+00 1.685956730084464450e+00 1.494910089749228916e+02 1.812488779672318913e+02
4.315789473684210620e-01 2.704492593635535735e-01 4.045500191874943363e-01 1.066294602459929131e+00 1.583630893464057499e+00 1.685799393665435630e+00 1.504725238526435191e+02 1.826459981185478512e+02
4.789473684210526772e-01 2.994095371005912609e-01 4.487067508054932707e-01 1.067225158133020324e+00 1.583998835270373107e+00 1.685603651986090856e+00 1.518273662368724786e+02 1.845713038367083811e+02
5.263157894736841813e-01 3.279925080452953390e-01 4.927390991245202967e-01 1.068458174973329955e+00 1.584489577559550000e+00 1.685360599813383153e+00 1.536231229956535174e+02 1.871201214049284545e+02
5.736842105263157965e-01 3.561136423949003982e-01 5.366209233584233740e-01 1.070029441502996059e+00 1.585112345487344587e+00 1.685063936192930489e+00 1.559243715290345733e+02 1.903838403537635884e+02
6.210526315789474117e-01 3.836910768713418518e-01 5.803279542918099443e-01 1.071963776928245071e+00 1.585872326444750957e+00 1.684709234007678358e+00 1.587903664271649973e+02 1.944468648572680252e+02
6.684210526315789158e-01 4.106492967290922280e-01 6.238394723500925165e-01 1.074272054103120766e+00 1.586768781134835882e+00 1.684294765388476112e+00 1.622733482350025156e+02 1.993844226206012991e+02
7.157894736842105310e-01 4.369246331037976439e-01 6.671396938621714234e-01 1.076953536442124770e+00 1.587796476352167474e+00 1.683820917233182390e+00 1.664177564168955143e+02 2.052615080255106363e+02
7.631578947368421462e-01 4.624705516856703613e-01 7.102186462096712338e-01 1.080002466493466651e+00 1.588945453298243660e+00 1.683290294225600947e+00 1.712603779307339096e+02 2.121330532221513465e+02
8.105263157894736503e-01 4.872548001075800439e-01 7.530724551527790966e-01 1.083398476018110346e+00 1.590201529670651981e+00 1.682706790776028694e+00 1.768310114084422082e+02 2.200448038275361853e+02
8.578947368421052655e-01 5.112610115738288608e-01 7.957031421055654752e-01 1.087114673748086124e+00 1.591548825475382900e+00 1.682076275361447104e+00 1.831537524239844288e+02 2.290349621909407460e+02
9.052631578947368807e-01 5.344866214906768276e-01 8.381180146250193363e-01 1.091117364866353912e+00 1.592969578527982710e+00 1.681404862777115650e+00 1.902484602851491786e+02 2.391360754267969071e+02
9.526315789473683848e-01 5.569434339115251209e-01 8.803288170142334890e-01 1.095374316019840588e+00 1.594446280936587357e+00 1.680699373922452722e+00 1.981323317829226198e+02 2.503770510503277364e+02
1.000000000000000000e+00 5.786550483590698901e-01 9.223508414705035019e-01 1.099855260013146596e+00 1.595961904462810388e+00 1.679966669861914674e+00 2.068215174983852762e+02 2.627851722240383197e+02
