1.000000000000000056e-01 6.293644877995786813e-02 9.383512833936995257e-02 1.066809234355203806e+00 1.584110837081902146e+00 1.687038598446064297e+00 1.487875843296399694e+02 1.800839745978494761e+02
1.473684210526315930e-01 9.270354795290186578e-02 1.382734592867875811e-01 1.066681487743057044e+00 1.583722952358444847e+00 1.686466655439867512e+00 1.491611072840139798e+02 1.805775103432317223e+02
1.947368421052631526e-01 1.224084305144255702e-01 1.826977889310183734e-01 1.067026875738779967e+00 1.583656694324579561e+00 1.686112900113368340e+00 1.498186432768804082e+02 1.814392085949441196e+02
2.421052631578947401e-01 1.520199220005701568e-01 2.271008575889608416e-01 1.067712788167387572e+00 1.583768020132244825e+00 1.685821485210607262e+00 1.507745271581076167e+02 1.826911912713336790e+02
2.894736842105263275e-01 1.815037683133855773e-01 2.714743009880374869e-01 1.068712747310958999e+00 1.584012439941488104e+00 1.685538010802455133e+00 1.520551961031923440e+02 1.843702427558925763e+02
3.368421052631579427e-01 2.108220602996719595e-01 3.158087797420648934e-01 1.070021851979467087e+00 1.584372699434494658e+00 1.685237546853904700e+00 1.536897673294819526e+02 1.865166139638814684e+02
3.842105263157894468e-01 2.399341493083936849e-01 3.600941911356689840e-01 1.071641343761654097e+00 1.584841075564283663e+00 1.684907074346145617e+00 1.557079325079727710e+02 1.891714960011315725e+02
4.315789473684210620e-01 2.687967250592444568e-01 4.043199003251030654e-01 1.073569325942400621e+00 1.585412926416209345e+00 1.684539271635248525e+00 1.581389582884407901e+02 1.923758616399493349e+02
4.789473684210526772e-01 2.973671434546240611e-01 4.484750356070781874e-01 1.075807753575349857e+00 1.586084121171253525e+00 1.684129976447611421e+00 1.610114476510417205e+02 1.961701638545522428e+02
5.263157894736841813e-01 3.256018440075421627e-01 4.925487542005465014e-01 1.078350248536593448e+00 1.586850017243028432e+00 1.683677297207270662e+00 1.643528851225812843e+02 2.005938330279076069e+02
5.736842105263157965e-01 3.534626074580763944e-01 5.365305495748043940e-01 1.081198615072499036e+00 1.587704981287906048e+00 1.683180978878646927e+00 1.681895770762037898e+02 2.056851811714287805e+02
6.210526315789474117e-01 3.809080842846461756e-01 5.804105160729503554e-01 1.084332712157580980e+00 1.588642216507205607e+00 1.682642036152313558e+00 1.725465573329678080e+02 2.114812912519417694e+02
6.684210526315789158e-01 4.079050921191571533e-01 6.241795370145253319e-01 1.087743121834129134e+00 1.589653604550197885e+00 1.682062325076008946e+00 1.774473379630345278e+02 2.180177482791374359e+02
7.157894736842105310e-01 4.344206105120171912e-01 6.678294863859779440e-01 1.091406836170332628e+00 1.590730250205294682e+00 1.681444614908281787e+00 1.829141104979951820e+02 2.253288406803550288e+02
7.631578947368421462e-01 4.604290646255034813e-01 7.113533071282366338e-01 1.095305909210086748e+00 1.591862555928453160e+00 1.680792258209433010e+00 1.889676279013082478e+02 2.334474384973177905e+02
8.105263157894736503e-01 4.859078755028236607e-01 7.547450668683741704e-01 1.099416209274300060e+00 1.593040525867478019e+00 1.680108997210062460e+00 1.956273907411692790e+02 2.424051996027612290e+02
8.578947368421052655e-01 5.108386245239024959e-01 7.979999055516531214e-01 1.103711605126886708e+00 1.594254216119760148e+00 1.679399026000666373e+00 2.029115663618602525e+02 2.522324953917624555e+02
9.052631578947368807e-01 5.352088741987642839e-01 8.411140110509116585e-01 1.108168174488266766e+00 1.595493699550507571e+00 1.678666444951536052e+00 2.108372852670375721e+02 2.629587266869925202e+02
9.526315789473683848e-01 5.590100739587197110e-01 8.840844847590715316e-01 1.112761095699202452e+00 1.596749537161143540e+00 1.677915443814513186e+00 2.194206263334249627e+02 2.746123255931521498e+02
1.000000000000000000e+00 5.822373611672621019e-01 9.269092237097282805e-01 1.117465631411455274e+00 1.598012925612755986e+00 1.677150142967881896e+00 2.286767190312104105e+02 2.872208603423990212e+02
