1.000000000000000056e-01 6.290799890265402761e-02 9.382813769485404132e-02 1.070316848165214552e+00 1.585282376938759175e+00 1.687666743087649746e+00 1.501050348138075208e+02 1.817170445528965388e+02
1.473684210526315930e-01 9.266104187010973381e-02 1.382605281893076743e-01 1.069625953904858262e+00 1.584394533350223400e+00 1.686628730865179060e+00 1.503351747181914675e+02 1.820447764456530990e+02
1.947368421052631526e-01 1.223312839635835314e-01 1.826698809272018220e-01 1.069684544312719199e+00 1.584091384934464442e+00 1.686041590945676294e+00 1.509566787703031707e+02 1.828914184524274447e+02
2.421052631578947401e-01 1.518568185169842655e-01 2.270391905181555203e-01 1.070282679231971068e+00 1.584108583598178743e+00 1.685597426229251017e+00 1.520445559047714426e+02 1.843639325468196546e+02
2.894736842105263275e-01 1.811612588315113515e-01 2.713475899358182564e-01 1.071396211607538618e+00 1.584371816476183525e+00 1.685184123352813979e+00 1.536956510277416612e+02 1.865957779090802262e+02
3.368421052631579427e-01 2.101589226657647191e-01 3.155715291534452183e-01 1.073051735625697001e+00 1.584857694942922945e+00 1.684748627218074057e+00 1.560089653262643594e+02 1.897231346949989472e+02
3.842105263157894468e-01 2.387581928998911418e-01 3.596863732401724412e-01 1.075275246209615787e+00 1.585556635770495104e+00 1.684262176303536584e+00 1.590791116756378187e+02 1.938768891229686915e+02
4.315789473684210620e-01 2.668664367643007740e-01 4.036681920224399200e-01 1.078076065713404974e+00 1.586459932085488855e+00 1.683709019527161566e+00 1.629927107890262619e+02 1.991782269109303058e+02
4.789473684210526772e-01 2.943994573161359263e-01 4.474955387361657655e-01 1.081456454297415215e+00 1.587555073981455678e+00 1.683082183788824793e+00 1.678267708147598114e+02 2.057365932037404832e+02
5.263157894736841813e-01 3.212822246981420493e-01 4.911508862098231676e-01 1.085392275623496605e+00 1.588823872885955391e+00 1.682380850753419255e+00 1.736479590242594782e+02 2.136488092606156215e+02
5.736842105263157965e-01 3.474562816750583760e-01 5.346216091101486656e-01 1.089848656003690408e+00 1.590243051827170850e+00 1.681608716466342912e+00 1.805133247133591681e+02 2.229999004339481417e+02
6.210526315789474117e-01 3.728792233647497678e-01 5.779003177217566511e-01 1.094775338868246184e+00 1.591785655467287341e+00 1.680772733499931171e+00 1.884713754069703668e+02 2.338644518902402467e+02
6.684210526315789158e-01 3.975255953021029076e-01 6.209846734759173481e-01 1.100113980273530023e+00 1.593423010089781711e+00 1.679881930691930370e+00 1.975638097077970485e+02 2.463087370129702549e+02
7.157894736842105310e-01 4.213869612872967463e-01 6.638767948601099755e-01 1.105805583123691926e+00 1.595126612587281167e+00 1.678946435023514372e+00 2.078273950109005170e+02 2.603930302139417563e+02
7.631578947368421462e-01 4.444651437702608066e-01 7.065824212277248551e-01 1.111783004896807592e+00 1.596869352673087938e+00 1.677976657792950910e+00 2.192957293973404944e+02 2.761737838931960027e+02
8.105263157894736503e-01 4.667738212286688393e-01 7.491099913365169005e-01 1.117984744676637110e+00 1.598626798206142841e+00 1.676982571661309818e+00 2.320006609282274894e+02 2.937053877472214367e+02
8.578947368421052655e-01 4.883348529972417751e-01 7.914697568490032253e-01 1.124354042921893893e+00 1.600377849013915110e+00 1.675973362236464093e+00 2.459735137485865550e+02 3.130416980970191503e+02
9.052631578947368807e-01 5.091755370713574314e-01 8.336730332306535596e-01 1.130839363617446969e+00 1.602105156005011466e+00 1.674957225008458339e+00 2.612459650784629162e+02 3.342371088904936869e+02
9.526315789473683848e-01 5.293266249466843654e-01 8.757315768059115157e-01 1.137395050467733482e+00 1.603794652269170617e+00 1.673941517191210648e+00 2.778506207312189531e+02 3.573472724740056492e+02
1.000000000000000000e+00 5.488207376544116389e-01 9.176571140008681349e-01 1.143981524934224892e+00 1.605435892398936026e+00 1.672931901647307651e+00 2.958213692313948968e+02 3.824295425382669009e+02
