1.000000000000000056e-01 6.295573371250721972e-02 9.383896199596637733e-02 1.065764780935717582e+00 1.583985311343953484e+00 1.687172312651147532e+00 1.482083459701760262e+02 1.793596655414565646e+02
1.473684210526315930e-01 9.274138317190160075e-02 1.382802287876204739e-01 1.065563346155966373e+00 1.583619578782250237e+00 1.686677268230400095e+00 1.484564559306666069e+02 1.796951375038169942e+02
1.947368421052631526e-01 1.224701339672192718e-01 1.827071503268322405e-01 1.065784474143415039e+00 1.583544145117766533e+00 1.686376987711837083e+00 1.489619815838789805e+02 1.803685797160699451e+02
2.421052631578947401e-01 1.521055814237438630e-01 2.271101868490841558e-01 1.066326269687428940e+00 1.583637063005754575e+00 1.686129168942967604e+00 1.497600545540046539e+02 1.814306208442660875e+02
2.894736842105263275e-01 1.816045820648491960e-01 2.714772758212649628e-01 1.067189428097553128e+00 1.583866002531021833e+00 1.685882034180209432e+00 1.508991806736976002e+02 1.829486935340291325e+02
3.368421052631579427e-01 2.109143350916461990e-01 3.157938724157534072e-01 1.068384613721772736e+00 1.584222897672760810e+00 1.685609949249525563e+00 1.524322020573672773e+02 1.849962916507748218e+02
3.842105263157894468e-01 2.399741060595801390e-01 3.600431329851704887e-01 1.069926435829485767e+00 1.584707668578586359e+00 1.685298103409230475e+00 1.544135576051715475e+02 1.876497610994370007e+02
4.315789473684210620e-01 2.687200074513522718e-01 4.042063021434933456e-01 1.071839970814978171e+00 1.585322051293754697e+00 1.684937101995178432e+00 1.568979650323107933e+02 1.909867178398570218e+02
4.789473684210526772e-01 2.970808539396980752e-01 4.482632259315463275e-01 1.074130032105592658e+00 1.586066535607333350e+00 1.684520899456081633e+00 1.599392186591658174e+02 1.950846511295010544e+02
5.263157894736841813e-01 3.249895936466468127e-01 4.921930282028050274e-01 1.076814130509729850e+00 1.586939737779351711e+00 1.684046715415240092e+00 1.635891955207972899e+02 2.000197028955547580e+02
5.736842105263157965e-01 3.523749473579587677e-01 5.359748358097624621e-01 1.079880632955440900e+00 1.587936434981124911e+00 1.683513364728322914e+00 1.678969543246229534e+02 2.058655732539806991e+02
6.210526315789474117e-01 3.791721053853069900e-01 5.795885148508354012e-01 1.083318738002261750e+00 1.589048500587581625e+00 1.682922117297855902e+00 1.729079374186024154e+02 2.126925081811439213e+02
6.684210526315789158e-01 4.053241422997790333e-01 6.230153033854592959e-01 1.087112937235728438e+00 1.590264718257156540e+00 1.682276019609435513e+00 1.786633754935858462e+02 2.205665367687878700e+02
7.157894736842105310e-01 4.307786745670325046e-01 6.662383112934370244e-01 1.091230413213087447e+00 1.591571203785265842e+00 1.681579485460759749e+00 1.851999714265316754e+02 2.295490098301118280e+02
7.631578947368421462e-01 4.554936733408867511e-01 7.092427979400822702e-01 1.095636039285968533e+00 1.592952530895425989e+00 1.680838396033062176e+00 1.925496441924204305e+02 2.396962242412467106e+02
8.105263157894736503e-01 4.794391897332495600e-01 7.520162592236456778e-01 1.100295121503163998e+00 1.594391893357203216e+00 1.680059025898916092e+00 2.007395653569825811e+02 2.510593732651516916e+02
8.578947368421052655e-01 5.025928515983778544e-01 7.945483485390948397e-01 1.105165498406481817e+00 1.595872516076636938e+00 1.679248358077525261e+00 2.097922983923784841e+02 2.636845862177768822e+02
9.052631578947368807e-01 5.249421149193165270e-01 8.368306386125695662e-01 1.110205568869231607e+00 1.597378023782368706e+00 1.678413444883184225e+00 2.197259675445807545e+02 2.776129952076908012e+02
9.526315789473683848e-01 5.464824469036773102e-01 8.788562923960749895e-01 1.115373896678700349e+00 1.598892910769227571e+00 1.677561199079819376e+00 2.305544412018712990e+02 2.928807845682263746e+02
1.000000000000000000e+00 5.672148740823984570e-01 9.206196837299831515e-01 1.120628289313062353e+00 1.600403116700416684e+00 1.676698113572690385e+00 2.422874642246388532e+02 3.095191417670321812e+02
