1.000000000000000056e-01 6.282572807890778044e-02 9.382358711446689425e-02 1.070221625498881002e+00 1.585502728763806601e+00 1.687358689622793007e+00 1.514762970614086157e+02 1.834355146585856460e+02
1.473684210526315930e-01 9.243165464440432355e-02 1.382459722417583858e-01 1.071456850574894926e+00 1.585231523724937031e+00 1.686209709304038462e+00 1.535505420486818764e+02 1.860529587579406723e+02
1.947368421052631526e-01 1.218935373361009905e-01 1.826473590325706775e-01 1.073465489166216091e+00 1.585449266240394728e+00 1.685386143397679781e+00 1.561455089460032752e+02 1.893324645057563202e+02
2.421052631578947401e-01 1.511793009174458025e-01 2.270213837863505335e-01 1.075980743327918487e+00 1.585912547735178979e+00 1.684660212994236517e+00 1.592258904217363522e+02 1.932347356119448136e+02
2.894736842105263275e-01 1.802562336379050500e-01 2.713613050678679861e-01 1.078896978443199206e+00 1.586535233446426441e+00 1.683957866919631119e+00 1.627888607675956223e+02 1.977603377215115756e+02
3.368421052631579427e-01 2.090910675352276593e-01 3.156601122625114497e-01 1.082155335014808317e+00 1.587276359213442012e+00 1.683248970066952621e+00 1.668440844558556364e+02 2.029254260185722956e+02
3.842105263157894468e-01 2.376533399785892842e-01 3.599105940424867645e-01 1.085727669564620967e+00 1.588112070734024162e+00 1.682520467572435008e+00 1.714070415898478075e+02 2.087537294576499391e+02
4.315789473684210620e-01 2.659114958304986120e-01 4.041054799865144154e-01 1.089582453518223470e+00 1.589025854558408168e+00 1.681766821160907810e+00 1.764968520556392093e+02 2.152738453768800468e+02
4.789473684210526772e-01 2.938358459885295759e-01 4.482375220390119042e-01 1.093694588532483136e+00 1.590004517504113313e+00 1.680986223951035585e+00 1.821346629274593454e+02 2.225173416438195773e+02
5.263157894736841813e-01 3.213982512948009851e-01 4.922996065299204971e-01 1.098039905954939277e+00 1.591036730151851764e+00 1.680179062080521035e+00 1.883430538197693807e+02 2.305180218746649246e+02
5.736842105263157965e-01 3.485704340108398691e-01 5.362848510135815872e-01 1.102588937549451531e+00 1.592112537854740495e+00 1.679347297793121641e+00 1.951455728703185741e+02 2.393113616395824863e+02
6.210526315789474117e-01 3.753296722782297201e-01 5.801866210386568135e-01 1.107322625141556660e+00 1.593222228420481557e+00 1.678493262706323819e+00 2.025661430579391720e+02 2.489338681053351081e+02
6.684210526315789158e-01 4.016539397270508238e-01 6.239986154719576739e-01 1.112216644422274303e+00 1.594356913981561874e+00 1.677620017753529202e+00 2.106290428772140899e+02 2.594230142157128967e+02
7.157894736842105310e-01 4.275232406374808170e-01 6.677148838598417901e-01 1.117245966153101344e+00 1.595508180850534030e+00 1.676730904942706379e+00 2.193586856522894948e+02 2.708169970305390848e+02
7.631578947368421462e-01 4.529191733194569136e-01 7.113298307319041447e-01 1.122384305101260082e+00 1.596668314679840828e+00 1.675829286610022617e+00 2.287794539120760646e+02 2.831545512098093695e+02
8.105263157894736503e-01 4.778314359266104261e-01 7.548381535786735652e-01 1.127617839915095566e+00 1.597830335854449002e+00 1.674918801927258283e+00 2.389150713171915470e+02 2.964742452993087909e+02
8.578947368421052655e-01 5.022455254461481999e-01 7.982349051757459124e-01 1.132919001920035917e+00 1.598987736871283483e+00 1.674002703957468530e+00 2.497894251011879305e+02 3.108153985822572167e+02
9.052631578947368807e-01 5.261516215114281358e-01 8.415153921398096371e-01 1.138266661755493958e+00 1.600134757552513332e+00 1.673084257911834349e+00 2.614257477901766151e+02 3.262171560054344468e+02
9.526315789473683848e-01 5.495425425432545197e-01 8.846751418052194449e-01 1.143641641004252030e+00 1.601266251482029057e+00 1.672166552766769732e+00 2.738466049379891842e+02 3.427184574042034342e+02
1.000000000000000000e+00 5.724130147579475913e-01 9.277098479657063246e-01 1.149025745783811114e+00 1.602377816285849521e+00 1.671252462232997171e+00 2.870738185572059820e+02 3.603579425551891973e+02
