1.000000000000000056e-01 6.296411456291280129e-02 9.384069848472129105e-02 1.066669423007705397e+00 1.584809121696312717e+00 1.688017267539092758e+00 1.482604145290766837e+02 1.794116099807983176e+02
1.473684210526315930e-01 9.277100863343212822e-02 1.382857780482452392e-01 1.065969598729869627e+00 1.584086968440375554e+00 1.687252736774261574e+00 1.482630746126153838e+02 1.794361356048404730e+02
1.947368421052631526e-01 1.225364238307571768e-01 1.827177164333930182e-01 1.065776301711977903e+00 1.583788675722315631e+00 1.686845174058686503e+00 1.484712920873633948e+02 1.797359868777903387e+02
2.421052631578947401e-01 1.522194763226354108e-01 2.271237862441660427e-01 1.065922784741810236e+00 1.583711654759121235e+00 1.686558566530436565e+00 1.489368220246603016e+02 1.803877880329965535e+02
2.894736842105263275e-01 1.817630852004931685e-01 2.714871544642823431e-01 1.066393721338799949e+00 1.583804610752593822e+00 1.686305933559989700e+00 1.497394861082664761e+02 1.815021957007940898e+02
3.368421052631579427e-01 2.110974974082110434e-01 3.157880324039684106e-01 1.067219008468146546e+00 1.584058426284286281e+00 1.686043587475887451e+00 1.509665567488298734e+02 1.831982395740482445e+02
3.842105263157894468e-01 2.401472962865888183e-01 3.600053490318869120e-01 1.068451228137887510e+00 1.584476122280103150e+00 1.685746159661625443e+00 1.527039271524756145e+02 1.855921010082139162e+02
4.315789473684210620e-01 2.688328034064766392e-01 4.041187488767011837e-01 1.070127226745291260e+00 1.585061919030327449e+00 1.685397237819971750e+00 1.550311762334157493e+02 1.887907679113885706e+02
4.789473684210526772e-01 2.970789049475252575e-01 4.481106086175686287e-01 1.072275998132017572e+00 1.585817163908605609e+00 1.684987277214065271e+00 1.580183988246674573e+02 1.928880070385333738e+02
5.263157894736841813e-01 3.248194480651149796e-01 4.919677740394927112e-01 1.074910217469943863e+00 1.586736570909333288e+00 1.684511241278319194e+00 1.617248158802926525e+02 1.979626256383899090e+02
5.736842105263157965e-01 3.520001398482294763e-01 5.356827200043253745e-01 1.078022826228453912e+00 1.587810505853867848e+00 1.683968813510833495e+00 1.661986240207266690e+02 2.040783859744599624e+02
6.210526315789474117e-01 3.785863734367505007e-01 5.792541203785265269e-01 1.081603361990483680e+00 1.589022604935742766e+00 1.683362355877803029e+00 1.714782660524823541e+02 2.112856161698922506e+02
6.684210526315789158e-01 4.045579578400342324e-01 6.226866891371681811e-01 1.085622540535853497e+00 1.590353064376368586e+00 1.682696735160651880e+00 1.775940929903431424e+02 2.196234140124960561e+02
7.157894736842105310e-01 4.299101324547056069e-01 6.659905531771534992e-01 1.090042194468147319e+00 1.591779852111535387e+00 1.681978680645780821e+00 1.845705458304496744e+02 2.291224123458010524e+02
7.631578947368421462e-01 4.546515712995852221e-01 7.091802722245682533e-01 1.094818863787727636e+00 1.593280523194709364e+00 1.681215596576633331e+00 1.924281893449300469e+02 2.398073578575977081e+02
8.105263157894736503e-01 4.788070020465333143e-01 7.522737464672683005e-01 1.099917679201262599e+00 1.594833257796489878e+00 1.680415260992888182e+00 2.011857224240622486e+02 2.516995973375420306e+02
8.578947368421052655e-01 5.024027787168887649e-01 7.952910792149165964e-01 1.105288127362897166e+00 1.596417397547198913e+00 1.679584928156021117e+00 2.108612321876127567e+02 2.648186494729624769e+02
9.052631578947368807e-01 5.254753158850271610e-01 8.382535911064726841e-01 1.110890548410394807e+00 1.598014766224723937e+00 1.678731727289294984e+00 2.214734268376332409e+02 2.791836836112559013e+02
9.526315789473683848e-01 5.480644329116747260e-01 8.811829544138662929e-01 1.116687000742598190e+00 1.599609329794519530e+00 1.677862021069791210e+00 2.330422593161946452e+02 2.948142661764795207e+02
1.000000000000000000e+00 5.702121287814606587e-01 9.241005199597986941e-01 1.122642990215198422e+00 1.601187431314243126e+00 1.676981390013406292e+00 2.455893337311466951e+02 3.117308130120612759e+02
