1.000000000000000056e-01 6.294486549232200523e-02 9.383653551156172223e-02 1.066144977829895479e+00 1.584330042923220550e+00 1.687460928693658602e+00 1.483839430104745531e+02 1.795871390243907513e+02
1.473684210526315930e-01 9.269705127276614554e-02 1.382703418123691352e-01 1.066078440002813599e+00 1.583941105515657588e+00 1.686828566805960383e+00 1.488920728488265581e+02 1.802637539859892399e+02
1.947368421052631526e-01 1.223538448810375517e-01 1.826811896977704186e-01 1.066628395258112150e+00 1.583934849455737037e+00 1.686418059619219312e+00 1.498253795110773865e+02 1.814966710591421872e+02
2.421052631578947401e-01 1.518618031467726393e-01 2.270560454203904566e-01 1.067666635428732302e+00 1.584161621948673160e+00 1.686056040192440264e+00 1.512324131852754192e+02 1.833545691259523380e+02
2.894736842105263275e-01 1.811607815362485663e-01 2.713798688559693750e-01 1.069178604252624787e+00 1.584577843547378961e+00 1.685680262795361539e+00 1.531732902682155668e+02 1.859202154390350472e+02
3.368421052631579427e-01 2.101862278190248512e-01 3.156362173957907857e-01 1.071174452374836772e+00 1.585167273040964275e+00 1.685261957204242433e+00 1.557088526650537119e+02 1.892775776398003984e+02
3.842105263157894468e-01 2.388705994640417107e-01 3.598079721458733449e-01 1.073660228226524183e+00 1.585920985218702617e+00 1.684786559815797835e+00 1.588976724887674550e+02 1.935083028602438162e+02
4.315789473684210620e-01 2.671446114010491146e-01 4.038781436549518378e-01 1.076627091683342918e+00 1.586830427592609505e+00 1.684247193146467314e+00 1.627949147892529993e+02 1.986903778676965260e+02
4.789473684210526772e-01 2.949453159486233322e-01 4.478306727942198417e-01 1.080069787586986019e+00 1.587884544593862080e+00 1.683641542214362685e+00 1.674516685839344348e+02 2.048973262894474772e+02
5.263157894736841813e-01 3.222141750906568625e-01 4.916511224550212389e-01 1.083966232685362296e+00 1.589069337211051813e+00 1.682970811028005276e+00 1.729147889820359012e+02 2.121980306490425789e+02
5.736842105263157965e-01 3.488991664579883523e-01 5.353271985824049617e-01 1.088281540927281910e+00 1.590368143028763726e+00 1.682238876399611005e+00 1.792269063960409312e+02 2.206567460056064363e+02
6.210526315789474117e-01 3.749603703229310581e-01 5.788490574322818771e-01 1.092982478296422144e+00 1.591762305773357200e+00 1.681451568422936305e+00 1.864266354243781905e+02 2.303333507039318988e+02
6.684210526315789158e-01 4.003649708525313100e-01 6.222094143266633237e-01 1.098022131893903186e+00 1.593231852745996546e+00 1.680615744063067574e+00 1.945491816439370893e+02 2.412840578710021191e+02
7.157894736842105310e-01 4.250906672807417963e-01 6.654034192636241185e-01 1.103353271717659068e+00 1.594756786171834362e+00 1.679739155378552118e+00 2.036267104149976319e+02 2.535618790630583135e+02
7.631578947368421462e-01 4.491240604924640611e-01 7.084284017615273266e-01 1.108927213084847763e+00 1.596317736872502113e+00 1.678829804243666235e+00 2.136889127296942945e+02 2.672173049087161871e+02
8.105263157894736503e-01 4.724620230824148615e-01 7.512835203011836160e-01 1.114700442606830988e+00 1.597896621202635092e+00 1.677895509383552142e+00 2.247634903251693856e+02 2.822988873878314848e+02
8.578947368421052655e-01 4.951037672510807397e-01 7.939693930679314615e-01 1.120622010748808517e+00 1.599477530582394280e+00 1.676944015725527537e+00 2.368767571906195428e+02 2.988539434237424075e+02
9.052631578947368807e-01 5.170575881485917069e-01 8.364876759235823078e-01 1.126651240616270755e+00 1.601045413888990687e+00 1.675982339116883990e+00 2.500536803372561394e+02 3.169286150505361093e+02
9.526315789473683848e-01 5.383353652961893054e-01 8.788407265517527156e-01 1.132749435671281724e+00 1.602588683380411494e+00 1.675016630790278294e+00 2.643182855889503458e+02 3.365683214210573055e+02
1.000000000000000000e+00 5.589517913346987443e-01 9.210312796651889400e-01 1.138881040116092480e+00 1.604097816454329362e+00 1.674052451845328360e+00 2.796937833926495500e+02 3.578178996702558834e+02
