1.000000000000000056e-01 6.294107382333091749e-02 9.383574503658380361e-02 1.067384257519135238e+00 1.584121745937707715e+00 1.686974438732992576e+00 1.489333790891972171e+02 1.802546519917868864e+02
1.473684210526315930e-01 9.273622034286360671e-02 1.382785648320224992e-01 1.066930601547689150e+00 1.583603816411153442e+00 1.686400425966737782e+00 1.489934137957444591e+02 1.803489247238575501e+02
1.947368421052631526e-01 1.224920461609882993e-01 1.827097655970099932e-01 1.066871704646547014e+00 1.583407230475357697e+00 1.686084469241967643e+00 1.492404744313266747e+02 1.806926495327760165e+02
2.421052631578947401e-01 1.521743978189780133e-01 2.271195597225837137e-01 1.067090182687039368e+00 1.583384591873701286e+00 1.685852561176024222e+00 1.497179994437317987e+02 1.813481677242107537e+02
2.894736842105263275e-01 1.817403359581024613e-01 2.714954080614263576e-01 1.067588734281527341e+00 1.583497767776512299e+00 1.685640291674927349e+00 1.504855706018134640e+02 1.823972564911806273e+02
3.368421052631579427e-01 2.111363799018047271e-01 3.158225963138828751e-01 1.068386021380299811e+00 1.583738895662146096e+00 1.685415963054911481e+00 1.516062494919578683e+02 1.839256443331844366e+02
3.842105263157894468e-01 2.403040369813228549e-01 3.600850697912852394e-01 1.069515912863412410e+00 1.584109470095627747e+00 1.685160245721179395e+00 1.531419948799081396e+02 1.860172832166372530e+02
4.315789473684210620e-01 2.691792086790550931e-01 4.042664349453998773e-01 1.070999941667267752e+00 1.584613207003522151e+00 1.684861162265053558e+00 1.551511467729150695e+02 1.887511916030620398e+02
4.789473684210526772e-01 2.977011355562455552e-01 4.483510608731046121e-01 1.072867351059288987e+00 1.585251648908474031e+00 1.684511199099697709e+00 1.576869356892678411e+02 1.921995512168278992e+02
5.263157894736841813e-01 3.258096442445328478e-01 4.923251122845017091e-01 1.075126315536110599e+00 1.586023234892813605e+00 1.684105824606394020e+00 1.607965713282685272e+02 1.964265878798669860e+02
5.736842105263157965e-01 3.534539833892982319e-01 5.361774412203231810e-01 1.077785164713197963e+00 1.586922675499069291e+00 1.683643667667989119e+00 1.645209192608451474e+02 2.014881678559794977e+02
6.210526315789474117e-01 3.805887631712216446e-01 5.799002232619034913e-01 1.080831535207574801e+00 1.587941112476570993e+00 1.683125357621017226e+00 1.688947407076898628e+02 2.074321083791488149e+02
6.684210526315789158e-01 4.071801288298317889e-01 6.234892630346238196e-01 1.084249442958966858e+00 1.589066462815325043e+00 1.682553669781314154e+00 1.739472109378717448e+02 2.142988711847554555e+02
7.157894736842105310e-01 4.332051261107043305e-01 6.669440480768027424e-01 1.088016097133012172e+00 1.590284294226946837e+00 1.681932704543577684e+00 1.797028651333588698e+02 2.221227294558829044e+02
7.631578947368421462e-01 4.586515387154944667e-01 7.102675177549874208e-01 1.092103797346808403e+00 1.591578886418267391e+00 1.681267493658785916e+00 1.861826273590181131e+02 2.309330689782167667e+02
8.105263157894736503e-01 4.835160576572302138e-01 7.534656413580291812e-01 1.096479743281377983e+00 1.592933976872321411e+00 1.680563680001960325e+00 1.934048228238231957e+02 2.407556644184272443e+02
8.578947368421052655e-01 5.078037197653050283e-01 7.965468942864872837e-01 1.101109667157649463e+00 1.594333617324568353e+00 1.679827218778722875e+00 2.013861607322289444e+02 2.516139026860834065e+02
9.052631578947368807e-01 5.315264578439157228e-01 8.395216933974429807e-01 1.105959146846630770e+00 1.595762660715334125e+00 1.679064011234457032e+00 2.101425738064660322e+02 2.635298221560072989e+02
9.526315789473683848e-01 5.547022489875604867e-01 8.824018368891053399e-01 1.110995779048797427e+00 1.597207157186560922e+00 1.678279673655799220e+00 2.196899049603240428e+02 2.765249648150393682e+02
1.000000000000000000e+00 5.773554190982449486e-01 9.252000152884206630e-01 1.116192601427721254e+00 1.598654692462218918e+00 1.677479425918104283e+00 2.300445126765340831e+02 2.906211044716607148e+02
