1.000000000000000056e-01 6.289983499795621935e-02 9.382620795856587426e-02 1.069665858180273155e+00 1.584920435872976707e+00 1.687323487387170751e+00 1.500289475094377281e+02 1.816372293242340277e+02
1.473684210526315930e-01 9.261770234098622157e-02 1.382508822854760233e-01 1.069395375358754174e+00 1.584271328288471503e+00 1.686395366568491871e+00 1.505926639373104763e+02 1.823980598843274095e+02
1.947368421052631526e-01 1.222129209384541781e-01 1.826447580443092689e-01 1.069951758612986525e+00 1.584175639410555725e+00 1.685817477914579365e+00 1.517138666420449340e+02 1.838920767426832015e+02
2.421052631578947401e-01 1.516139213336653857e-01 2.269904336324039817e-01 1.071163153548765345e+00 1.584409268573857998e+00 1.685328259997448841e+00 1.534722206309442925e+02 1.862290925270951618e+02
2.894736842105263275e-01 1.807426705884452034e-01 2.712692686659394781e-01 1.073004384911429687e+00 1.584903343661931086e+00 1.684834424991104029e+00 1.559538170679779512e+02 1.895253465318746180e+02
3.368421052631579427e-01 2.095209251890263191e-01 3.154629803040565061e-01 1.075479961583052813e+00 1.585627406104705095e+00 1.684294618291899859e+00 1.592375287469535294e+02 1.938872918335597433e+02
3.842105263157894468e-01 2.378732989723570945e-01 3.595551455300529664e-01 1.078581104388226963e+00 1.586559698363367410e+00 1.683689559424585980e+00 1.633919101271650618e+02 1.994080357258465881e+02
4.315789473684210620e-01 2.657324914114812531e-01 4.035324433639164710e-01 1.082284268442553543e+00 1.587678410759489456e+00 1.683012075906214378e+00 1.684750618427871416e+02 2.061672944121660862e+02
4.789473684210526772e-01 2.930434913215131387e-01 4.473854795610108237e-01 1.086553372519189375e+00 1.588958698922426693e+00 1.682262145521775443e+00 1.745355867851759513e+02 2.142326496052202458e+02
5.263157894736841813e-01 3.197654818954787093e-01 4.911091461385108659e-01 1.091341183695337724e+00 1.590373104982546471e+00 1.681444363553145305e+00 1.816142977266457308e+02 2.236616847350684623e+02
5.736842105263157965e-01 3.458707323133238254e-01 5.347025071801451146e-01 1.096588276594557598e+00 1.591892810867754138e+00 1.680566233597709402e+00 1.897459903002763326e+02 2.345042251866460958e+02
6.210526315789474117e-01 3.713471594418557564e-01 5.781683548415468277e-01 1.102237266048577746e+00 1.593489139273605915e+00 1.679636863152074611e+00 1.989612849764201314e+02 2.468046235005637357e+02
6.684210526315789158e-01 3.961921153631220993e-01 6.215125681108045752e-01 1.108222528497811998e+00 1.595134986251444564e+00 1.678666066236212728e+00 2.092884893775995749e+02 2.606040439778549853e+02
7.157894736842105310e-01 4.204135912008761244e-01 6.647433391547716841e-01 1.114482758758428060e+00 1.596805558434353456e+00 1.677663457261710844e+00 2.207547116466524244e+02 2.759418762294137082e+02
7.631578947368421462e-01 4.440276864355323649e-01 7.078704551767567299e-01 1.120961430306953721e+00 1.598479184812313214e+00 1.676638148331412559e+00 2.333870692056515850e+02 2.928572098640803461e+02
8.105263157894736503e-01 4.670535491292939212e-01 7.509046453296500667e-01 1.127601607358547753e+00 1.600137536652664005e+00 1.675598435006173226e+00 2.472134983850855008e+02 3.113898359114642744e+02
8.578947368421052655e-01 4.895173080066721472e-01 7.938570314397862537e-01 1.134358957605930085e+00 1.601765554824991611e+00 1.674551610539385615e+00 2.622631164639207100e+02 3.315807014161175630e+02
9.052631578947368807e-01 5.114460514093722709e-01 8.367387141344114765e-01 1.141191858645292045e+00 1.603352146774766229e+00 1.673504246679587970e+00 2.785666376603293202e+02 3.534724163091668174e+02
9.526315789473683848e-01 5.328675029129186225e-01 8.795604636113169006e-01 1.148063485053614219e+00 1.604886992818447933e+00 1.672461427912508070e+00 2.961564951714772747e+02 3.771094058098813662e+02
1.000000000000000000e+00 5.538096919183559397e-01 9.223325021251279621e-01 1.154942552737421080e+00 1.606363766947284555e+00 1.671427602171574822e+00 3.150668281833201831e+02 4.025379020243544232e+02
