1.000000000000000056e-01 6.296227705815557463e-02 9.384047570738081323e-02 1.065214296693403728e+00 1.584548742567679636e+00 1.687959599913465336e+00 1.478168131133942609e+02 1.788788592563662689e+02
1.473684210526315930e-01 9.271996238752366892e-02 1.382763444758356997e-01 1.065097192888037281e+00 1.584129706082789024e+00 1.687287170274778259e+00 1.483440940629808154e+02 1.795786651353927255e+02
1.947368421052631526e-01 1.223865477781642258e-01 1.826918428758495805e-01 1.065649967625783567e+00 1.584113962113905982e+00 1.686856660958715448e+00 1.492973484438320781e+02 1.808290489734110338e+02
2.421052631578947401e-01 1.519195574261939519e-01 2.270778200772911315e-01 1.066689458843575355e+00 1.584327241374805739e+00 1.686485186245248125e+00 1.506882678758668703e+02 1.826490329543202336e+02
2.894736842105263275e-01 1.812750200239904852e-01 2.714249668513968317e-01 1.068165200367129808e+00 1.584712914611013268e+00 1.686110314436303215e+00 1.525429609623400893e+02 1.850741987891339022e+02
3.368421052631579427e-01 2.104114299182669734e-01 3.157243135142114299e-01 1.070068638571058273e+00 1.585245993276870546e+00 1.685705835173345601e+00 1.548875869075151002e+02 1.881396709713797009e+02
3.842105263157894468e-01 2.392855281848966786e-01 3.599676630230708163e-01 1.072374682193941275e+00 1.585910288355495856e+00 1.685259329024260122e+00 1.577455948355633097e+02 1.918769360904102541e+02
4.315789473684210620e-01 2.678611805203957585e-01 4.041479652743293349e-01 1.075076017154724894e+00 1.586692614927360134e+00 1.684765498141473694e+00 1.611372749339615496e+02 1.963133540254540321e+02
4.789473684210526772e-01 2.961034367441660042e-01 4.482595733698976903e-01 1.078146972189874875e+00 1.587580376840392438e+00 1.684223429111941117e+00 1.650799956797511072e+02 2.014725086409011965e+02
5.263157894736841813e-01 3.239844621218341270e-01 4.922983724570444419e-01 1.081565874283155093e+00 1.588560138213677808e+00 1.683634096706742467e+00 1.695884494557547271e+02 2.073745692807870284e+02
5.736842105263157965e-01 3.514823049101230557e-01 5.362618422631515447e-01 1.085308072882419150e+00 1.589618323103685560e+00 1.683000343814558430e+00 1.746752875830231915e+02 2.140370591020589188e+02
6.210526315789474117e-01 3.785794929363957007e-01 5.801490118614557323e-01 1.089342727263733268e+00 1.590741171489645334e+00 1.682325999195408261e+00 1.803516054654916161e+02 2.214754616021009213e+02
6.684210526315789158e-01 4.052638043590022221e-01 6.239602986554326769e-01 1.093637742785776412e+00 1.591915335644558560e+00 1.681615738582491693e+00 1.866272061166393996e+02 2.297035975362447857e+02
7.157894736842105310e-01 4.315294122597281845e-01 6.676973990207411003e-01 1.098163858749966471e+00 1.593127533675758434e+00 1.680874022228453279e+00 1.935112853050704587e+02 2.387343970196393173e+02
7.631578947368421462e-01 4.573744395758060355e-01 7.113630247186452094e-01 1.102890774727726786e+00 1.594365590922412368e+00 1.680105718782737734e+00 2.010125114147196257e+02 2.485800726595068681e+02
8.105263157894736503e-01 4.828003657494499001e-01 7.549607236514774833e-01 1.107788052683859492e+00 1.595618368020312428e+00 1.679315515327474806e+00 2.091394315085482845e+02 2.592525842510022471e+02
8.578947368421052655e-01 5.078107914253251476e-01 7.984946702221683568e-01 1.112824765013283201e+00 1.596875833328566863e+00 1.678507772186297542e+00 2.179006745951207051e+02 2.707638959132315222e+02
9.052631578947368807e-01 5.324171538266364578e-01 8.419694443556267061e-01 1.117981966604939537e+00 1.598128101136033319e+00 1.677687217468986081e+00 2.273049140576716525e+02 2.831259613927056762e+02
9.526315789473683848e-01 5.566276360978628102e-01 8.853899206253935672e-01 1.123232032627221377e+00 1.599368793747954598e+00 1.676857265962834243e+00 2.373613271417638657e+02 2.963512362270206495e+02
1.000000000000000000e+00 5.804524762629490464e-01 9.287610830019352726e-01 1.128551000267530524e+00 1.600590934999408077e+00 1.676021356490676961e+00 2.480794827975192618e+02 3.104525854107301939e+02
