1.000000000000000056e-01 6.296919870447259537e-02 9.384237419393812174e-02 1.064403754398744351e+00 1.583715112745574860e+00 1.687154140559845805e+00 1.476428484187368042e+02 1.786569723584098597e+02
1.473684210526315930e-01 9.276106934242575597e-02 1.382863414593413498e-01 1.064372939466347479e+00 1.583490471423412371e+00 1.686783371022080091e+00 1.479477882889244142e+02 1.790581436715752659e+02
1.947368421052631526e-01 1.225037216075243740e-01 1.827194412717101923e-01 1.064681688175572516e+00 1.583480509010265269e+00 1.686544553092325760e+00 1.484700970550727561e+02 1.797409699459719263e+02
2.421052631578947401e-01 1.521736098994010689e-01 2.271357264059875869e-01 1.065251260963637980e+00 1.583594232556349013e+00 1.686338501196831041e+00 1.492206963674574922e+02 1.807228687818308401e+02
2.894736842105263275e-01 1.817415291661727272e-01 2.715279579344158090e-01 1.066059307243425680e+00 1.583805054800965006e+00 1.686129978690358522e+00 1.502221135258043887e+02 1.820356073155898002e+02
3.368421052631579427e-01 2.111753906073900455e-01 3.158875652174150672e-01 1.067111739216584532e+00 1.584104929705329123e+00 1.685902225721108483e+00 1.515006132246570871e+02 1.837159289215301499e+02
3.842105263157894468e-01 2.404372578625299239e-01 3.602046557048380615e-01 1.068410642367745522e+00 1.584491672940053109e+00 1.685646025877753029e+00 1.530844137961008755e+02 1.858034558294985459e+02
4.315789473684210620e-01 2.694869148168741457e-01 4.044680823892609633e-01 1.069966588042344124e+00 1.584965483734189773e+00 1.685355546251090075e+00 1.550027818132031427e+02 1.883396315246533845e+02
4.789473684210526772e-01 2.982801909746617963e-01 4.486655762840922601e-01 1.071784673644048835e+00 1.585526704298589440e+00 1.685026808789344521e+00 1.572856659098422938e+02 1.913673019074689705e+02
5.263157894736841813e-01 3.267722259655997386e-01 4.927839112661386856e-01 1.073873659696535920e+00 1.586175191464539891e+00 1.684657330464617964e+00 1.599631088622074628e+02 1.949300545738508958e+02
5.736842105263157965e-01 3.549151173110179358e-01 5.368091775336151228e-01 1.076233001782634036e+00 1.586910030044478059e+00 1.684245970856157903e+00 1.630651021014621165e+02 1.990720146863127695e+02
6.210526315789474117e-01 3.826621716140714557e-01 5.807270003108067069e-01 1.078862930920656105e+00 1.587728506030769537e+00 1.683792263444899850e+00 1.666208908840339973e+02 2.038370793391201801e+02
6.684210526315789158e-01 4.099668447774230673e-01 6.245228726024859567e-01 1.081757460169575413e+00 1.588626712218553116e+00 1.683296816802308804e+00 1.706588143154528723e+02 2.092686789706667128e+02
7.157894736842105310e-01 4.367829884304235688e-01 6.681824369012920872e-01 1.084903010469181250e+00 1.589599380272489038e+00 1.682761052517173450e+00 1.752059045341000569e+02 2.154092983865625399e+02
7.631578947368421462e-01 4.630704513383084864e-01 7.116917506974114183e-01 1.088289736265876329e+00 1.590639825536249941e+00 1.682187125322506915e+00 1.802875626149996435e+02 2.223000704798934350e+02
8.105263157894736503e-01 4.887891755920374948e-01 7.550374919353768366e-01 1.091895816856119694e+00 1.591740250418614888e+00 1.681578000874926149e+00 1.859272727203361626e+02 2.299804203456947391e+02
8.578947368421052655e-01 5.139070431635722747e-01 7.982071556685687019e-01 1.095704078765301848e+00 1.592891822230553256e+00 1.680936956032318630e+00 1.921464552885225032e+02 2.384878228193484517e+02
9.052631578947368807e-01 5.383957842520575854e-01 8.411891227303932572e-01 1.099692424983559791e+00 1.594085223215258473e+00 1.680267797302841259e+00 1.989642484224848999e+02 2.478575168670153062e+02
9.526315789473683848e-01 5.622319886788674781e-01 8.839727083198366531e-01 1.103836472715101547e+00 1.595310895111242022e+00 1.679574587119181395e+00 2.063974096616342706e+02 2.581223098815278831e+02
1.000000000000000000e+00 5.853973430665591060e-01 9.265481271828160947e-01 1.108110754099612905e+00 1.596559302440336170e+00 1.678861520957541487e+00 2.144602169869989154e+02 2.693123842945390152e+02
