1.000000000000000056e-01 6.292939924406040775e-02 9.383216382753260809e-02 1.068995204264249654e+00 1.585685833932019673e+00 1.688484832605706254e+00 1.492621381063615900e+02 1.806727706140210046e+02
1.473684210526315930e-01 9.266816175985236048e-02 1.382587462114082677e-01 1.068315267095324872e+00 1.584760702769610008e+00 1.687346551755307678e+00 1.496301875724777233e+02 1.811960886086326070e+02
1.947368421052631526e-01 1.222698166926960844e-01 1.826457246254083178e-01 1.068596556839846334e+00 1.584524858068742548e+00 1.686675835591150641e+00 1.506049508163444273e+02 1.825330856973184837e+02
2.421052631578947401e-01 1.516268188237772929e-01 2.269626648910315070e-01 1.069664921383733258e+00 1.584709352988210140e+00 1.686127737525560111e+00 1.523494434162348057e+02 1.849119756126039249e+02
2.894736842105263275e-01 1.806092743599904127e-01 2.711735618186211783e-01 1.071540958972037050e+00 1.585246943272058173e+00 1.685573464416526779e+00 1.550477807633751581e+02 1.885860395054694152e+02
3.368421052631579427e-01 2.090761753652254640e-01 3.152408681527563705e-01 1.074265636447605754e+00 1.586115227696021979e+00 1.684952056536102472e+00 1.588754144728129916e+02 1.937971024271608940e+02
3.842105263157894468e-01 2.368927667747946497e-01 3.591301093758554330e-01 1.077867720854120526e+00 1.587295235137265115e+00 1.684234539345929260e+00 1.639872524414186614e+02 2.007607934910804488e+02
4.315789473684210620e-01 2.639403970055091420e-01 4.028140715092778379e-01 1.082325527272927079e+00 1.588757605855373622e+00 1.683410654587981892e+00 1.705131940452948527e+02 2.096609447592691708e+02
4.789473684210526772e-01 2.901315720973886569e-01 4.462755716025029185e-01 1.087589768158169212e+00 1.590460716429994648e+00 1.682482913374244049e+00 1.785583434409255403e+02 2.206498820802715386e+02
5.263157894736841813e-01 3.154093846397493239e-01 4.895084212555035341e-01 1.093570578692124817e+00 1.592354607141252654e+00 1.681462654265577505e+00 1.882071029996153015e+02 2.338534864391100996e+02
5.736842105263157965e-01 3.397506518180793411e-01 5.325166171119006808e-01 1.100163945568189749e+00 1.594385313752062938e+00 1.680365736492278383e+00 1.995286924751545712e+02 2.493781511357438490e+02
6.210526315789474117e-01 3.631589581528172350e-01 5.753124879944067072e-01 1.107254634749482713e+00 1.596500107425840476e+00 1.679210155590076692e+00 2.125833927858011236e+02 2.673184976665960448e+02
6.684210526315789158e-01 3.856604916065287103e-01 6.179143251959429151e-01 1.114732681410287807e+00 1.598651388481135305e+00 1.678013828623026171e+00 2.274278183687386274e+02 2.877639523890724149e+02
7.157894736842105310e-01 4.072949202154454440e-01 6.603440916068510358e-01 1.122492519736367544e+00 1.600799473787664962e+00 1.676793278722285452e+00 2.441189738035838559e+02 3.108037724689813786e+02
7.631578947368421462e-01 4.281119652232390771e-01 7.026254776136591218e-01 1.130442786886667994e+00 1.602912295584594693e+00 1.675562765857515624e+00 2.627170391873323183e+02 3.365305059996233581e+02
8.105263157894736503e-01 4.481671511538198871e-01 7.447824652785955957e-01 1.138507740074834906e+00 1.604965448604178668e+00 1.674334160213831746e+00 2.832871835113223824e+02 3.650421887351465102e+02
8.578947368421052655e-01 4.675164632846463553e-01 7.868383229082159813e-01 1.146622698037986554e+00 1.606941094872232689e+00 1.673116964272046703e+00 3.059003929617340418e+02 3.964433342705015093e+02
9.052631578947368807e-01 4.862147701408694456e-01 8.288149755443893207e-01 1.154734659352608883e+00 1.608826864573873250e+00 1.671918597538456952e+00 3.306338770765425465e+02 4.308453950902128327e+02
9.526315789473683848e-01 5.043145708690792706e-01 8.707326746072890922e-01 1.162801278997311005e+00 1.610615908833740839e+00 1.670744513057665026e+00 3.575711108306621213e+02 4.683667384977806591e+02
1.000000000000000000e+00 5.218667619202183028e-01 9.126098273297575947e-01 1.170792026587776480e+00 1.612304890161905702e+00 1.669598764152823156e+00 3.868016384573359119e+02 5.091323771543971475e+02
