1.000000000000000056e-01 6.294373636887237722e-02 9.383618523713641024e-02 1.068600474265768652e+00 1.585350057316592620e+00 1.688213632399043540e+00 1.490692930215163585e+02 1.804162905812893598e+02
1.473684210526315930e-01 9.273782496759676308e-02 1.382777438557099559e-01 1.067693869085634129e+00 1.584407380056276349e+00 1.687222482644137767e+00 1.490555343338002103e+02 1.804255291562099330e+02
1.947368421052631526e-01 1.224773229018139981e-01 1.827003957637472198e-01 1.067422893289597940e+00 1.584010274153923259e+00 1.686695453485033802e+00 1.492978231609704380e+02 1.807841549842551103e+02
2.421052631578947401e-01 1.520955611171512789e-01 2.270822247638847879e-01 1.067583232379047731e+00 1.583906918083528126e+00 1.686324205675162835e+00 1.498945761948542952e+02 1.816380711178978800e+02
2.894736842105263275e-01 1.814961024354785901e-01 2.713919453963616890e-01 1.068193120911023364e+00 1.584043216752444749e+00 1.685991022903024383e+00 1.509931598073978591e+02 1.831953529905918288e+02
3.368421052631579427e-01 2.105549189017782707e-01 3.155909225620233682e-01 1.069324406093298929e+00 1.584419681153627968e+00 1.685634206670619140e+00 1.527592069897002602e+02 1.856871126120126689e+02
3.842105263157894468e-01 2.391317277206675973e-01 3.596372284325483060e-01 1.071060829706021789e+00 1.585050096708876755e+00 1.685215686723239070e+00 1.553590787491663150e+02 1.893443815485041171e+02
4.315789473684210620e-01 2.670853000930787369e-01 4.034910099472931444e-01 1.073473922883973586e+00 1.585944421454741571e+00 1.684712316614780603e+00 1.589463387213895373e+02 1.943803552667611712e+02
4.789473684210526772e-01 2.942871963682595626e-01 4.471200157250275753e-01 1.076598270781284450e+00 1.587099940744744364e+00 1.684112205550519770e+00 1.636529780955791011e+02 2.009789106161206860e+02
5.263157894736841813e-01 3.206375880167474657e-01 4.905038755649090421e-01 1.080435844825344605e+00 1.588499250386987249e+00 1.683413351949672343e+00 1.695855981528649465e+02 2.092897435670067807e+02
5.736842105263157965e-01 3.460716924713860831e-01 5.336362965842081918e-01 1.084952373051933927e+00 1.590110935857980357e+00 1.682620795771659239e+00 1.768268945317022656e+02 2.194302946298421944e+02
6.210526315789474117e-01 3.705623083175640931e-01 5.765249480358050072e-01 1.090090189044222502e+00 1.591895684084406737e+00 1.681745673564723376e+00 1.854406804769537587e+02 2.314922251954126011e+02
6.684210526315789158e-01 3.941135701804634461e-01 6.191895392156738787e-01 1.095769167706482028e+00 1.593809845974130557e+00 1.680801961448965987e+00 1.954784536872994636e+02 2.455498281870970061e+02
7.157894736842105310e-01 4.167590612826893581e-01 6.616589688744478615e-01 1.101909630443863142e+00 1.595809812777514658e+00 1.679804717598964103e+00 2.069861419393239146e+02 2.616685246043683151e+02
7.631578947368421462e-01 4.385494472442930669e-01 7.039682696112953275e-01 1.108427784396237348e+00 1.597856086087119598e+00 1.678768491737866686e+00 2.200097718688543296e+02 2.799119011706563924e+02
8.105263157894736503e-01 4.595484871167676011e-01 7.461558224409607920e-01 1.115248251566395510e+00 1.599915062941055677e+00 1.677706677877182750e+00 2.345995253046099549e+02 3.003466485176224410e+02
8.578947368421052655e-01 4.798259089390842225e-01 7.882611378567332405e-01 1.122302944956235615e+00 1.601958535850458443e+00 1.676630751744562442e+00 2.508125149040017732e+02 3.230457596321201095e+02
9.052631578947368807e-01 4.994535225916567067e-01 8.303232090738484894e-01 1.129533098296425564e+00 1.603964356447670880e+00 1.675550111858822522e+00 2.687143903651837036e+02 3.480901873415340901e+02
9.526315789473683848e-01 5.185044806944201223e-01 8.723793882409870415e-01 1.136893395517402539e+00 1.605915133883453194e+00 1.674472567898685815e+00 2.883802687317830760e+02 3.755695869127607125e+02
1.000000000000000000e+00 5.370479133790148074e-01 9.144646418580685276e-01 1.144344233385864218e+00 1.607798964669721276e+00 1.673404100510554660e+00 3.098947909592255314e+02 4.055819480599167832e+02
