1.000000000000000056e-01 6.287457050949107895e-02 9.382713834582072365e-02 1.068320537515289104e+00 1.585378082388291698e+00 1.687889788038017702e+00 1.499518463235814920e+02 1.815553121122744926e+02
1.473684210526315930e-01 9.251241424690667681e-02 1.382476012903710305e-01 1.069137457129070601e+00 1.585039726936733784e+00 1.686823259823226007e+00 1.516249986741398459e+02 1.836937347724620508e+02
1.947368421052631526e-01 1.219970127827714607e-01 1.826415630238412136e-01 1.070860798630493438e+00 1.585231629345052795e+00 1.686067530034376816e+00 1.539327683090895391e+02 1.866423839544340524e+02
2.421052631578947401e-01 1.512844940241264424e-01 2.270005303625237669e-01 1.073212945140457952e+00 1.585706918566481605e+00 1.685391313470112618e+00 1.568467054496165929e+02 1.903707863925124855e+02
2.894736842105263275e-01 1.803312665080963051e-01 2.713159633654164682e-01 1.076081071638856912e+00 1.586376456389731127e+00 1.684720020456338396e+00 1.603684304112396433e+02 1.948853152085632416e+02
3.368421052631579427e-01 2.090962984561486049e-01 3.155794934279855246e-01 1.079406036123833346e+00 1.587195629245537365e+00 1.684024351616007609e+00 1.645101417617284767e+02 2.002055789257981360e+02
3.842105263157894468e-01 2.375405242260865135e-01 3.597831021982113575e-01 1.083141723511428900e+00 1.588136109737134261e+00 1.683292636136962894e+00 1.692886780653053052e+02 2.063572633500221229e+02
4.315789473684210620e-01 2.656291964868223165e-01 4.039193097132847132e-01 1.087252959153113707e+00 1.589176408809662489e+00 1.682521225139549603e+00 1.747234268937991146e+02 2.133695554923991438e+02
4.789473684210526772e-01 2.933288963562304397e-01 4.479813101887439308e-01 1.091696925231839588e+00 1.590298091784562384e+00 1.681710387758835745e+00 1.808352237556628666e+02 2.212738075212518822e+02
5.263157894736841813e-01 3.206126464381214847e-01 4.919630492758615414e-01 1.096441211001384808e+00 1.591484564161224746e+00 1.680862715548350428e+00 1.876456948691020443e+02 2.301027571635897004e+02
5.736842105263157965e-01 3.474538951917677254e-01 5.358593064572604314e-01 1.101441919603934894e+00 1.592720916114340302e+00 1.679982407949009104e+00 1.951772015160777869e+02 2.398904076404288901e+02
6.210526315789474117e-01 3.738338520986924651e-01 5.796656208552480871e-01 1.106667255072208311e+00 1.593992823720691066e+00 1.679073876039186120e+00 2.034521902529402837e+02 2.506713410427626343e+02
6.684210526315789158e-01 3.997360331038785075e-01 6.233783149440267346e-01 1.112081054155244164e+00 1.595287459156497611e+00 1.678142123663546093e+00 2.124934787978562554e+02 2.624809847794747952e+02
7.157894736842105310e-01 4.251486297466214870e-01 6.669943935887898689e-01 1.117650707927357656e+00 1.596593169975405679e+00 1.677192174364666499e+00 2.223239979588389872e+02 2.753553484601581545e+02
7.631578947368421462e-01 4.500615857608116777e-01 7.105114779166011862e-01 1.123341278715204838e+00 1.597899490288196445e+00 1.676228910630469970e+00 2.329669267773163028e+02 2.893311710759510902e+02
8.105263157894736503e-01 4.744694443946700368e-01 7.539276759638322556e-01 1.129123539247091301e+00 1.599197450730158065e+00 1.675257223800682427e+00 2.444453158001096540e+02 3.044455021482031611e+02
8.578947368421052655e-01 4.983692954447455636e-01 7.972415076572243464e-01 1.134969588700213361e+00 1.600478986478468979e+00 1.674281272080213379e+00 2.567824070707322903e+02 3.207360715266550528e+02
9.052631578947368807e-01 5.217609193497119158e-01 8.404517832395361765e-01 1.140854512770660856e+00 1.601737499647089669e+00 1.673305103403142757e+00 2.700012999445310129e+02 3.382409096301834666e+02
9.526315789473683848e-01 5.446456288808307900e-01 8.835575311152227274e-01 1.146754787252872942e+00 1.602967531998322981e+00 1.672332323603041182e+00 2.841250577492037905e+02 3.569984605193845937e+02
1.000000000000000000e+00 5.670261950107151616e-01 9.265579050402569239e-01 1.152648957225364645e+00 1.604164362734345595e+00 1.671366231060035901e+00 2.991766130318881665e+02 3.770474802646986632e+02
