1.000000000000000056e-01 6.292999848483914194e-02 9.383288473570142174e-02 1.068760716825852830e+00 1.585036238107331741e+00 1.687757507138853752e+00 1.493398256572698131e+02 1.807629001010972729e+02
1.473684210526315930e-01 9.269825514070370587e-02 1.382681619168081022e-01 1.068111153649093481e+00 1.584246507123639791e+00 1.686845856298159640e+00 1.495155304719470735e+02 1.810209709599040480e+02
1.947368421052631526e-01 1.223849145261437649e-01 1.826791585670294038e-01 1.068147586336596788e+00 1.583983254001845031e+00 1.686329865450024501e+00 1.500628220537138020e+02 1.817774293004097785e+02
2.421052631578947401e-01 1.519190546665063757e-01 2.270450368281526909e-01 1.068703960375259054e+00 1.584022775780455028e+00 1.685932421095879707e+00 1.510831593710075538e+02 1.831769832814625545e+02
2.894736842105263275e-01 1.812077813490732270e-01 2.713385732208202783e-01 1.069787724304825938e+00 1.584311659670693428e+00 1.685549075265758034e+00 1.527056666754901357e+02 1.853993036215912014e+02
3.368421052631579427e-01 2.101417944528875537e-01 3.155274956637367234e-01 1.071454158259500966e+00 1.584841325746488838e+00 1.685127851723255299e+00 1.550656602930088468e+02 1.886327692471030275e+02
3.842105263157894468e-01 2.386002254939299516e-01 3.595767337945419695e-01 1.073751788569691890e+00 1.585612196794342843e+00 1.684638436707333042e+00 1.582950457315525625e+02 1.930625073065639015e+02
4.315789473684210620e-01 2.664599695610662122e-01 4.034513323194438561e-01 1.076709218008080171e+00 1.586622531068473840e+00 1.684064498485345451e+00 1.625159548220350416e+02 1.988623504863784888e+02
4.789473684210526772e-01 2.936069004850933584e-01 4.471194783787665328e-01 1.080333583323677571e+00 1.587860953915787965e+00 1.683398822882377521e+00 1.678363714222314798e+02 2.061893127309087959e+02
5.263157894736841813e-01 3.199438191091872885e-01 4.905551339344347284e-01 1.084603581170836550e+00 1.589306464208160019e+00 1.682641983128407182e+00 1.743481629118659555e+02 2.151809825515377668e+02
5.736842105263157965e-01 3.453955940588667728e-01 5.337397227639679720e-01 1.089470117364745194e+00 1.590928992149895693e+00 1.681800417223505928e+00 1.821271532783088389e+02 2.259555210013149065e+02
6.210526315789474117e-01 3.699114445912178861e-01 5.766626953348925610e-01 1.094862004429591362e+00 1.592692681460284199e+00 1.680884648558659267e+00 1.912348006247773355e+02 2.386136734550649976e+02
6.684210526315789158e-01 3.934696878424095434e-01 6.193211020953151014e-01 1.100707905579042967e+00 1.594558806983146004e+00 1.679908143904585538e+00 2.017211655308942682e+02 2.532423694570162240e+02
7.157894736842105310e-01 4.160655880971550480e-01 6.617184230989956450e-01 1.106917431144540886e+00 1.596489485486225490e+00 1.678884929429831585e+00 2.136279343862686062e+02 2.699184464619992241e+02
7.631578947368421462e-01 4.377145414044218419e-01 7.038630530626287518e-01 1.113407822594046914e+00 1.598450146595234989e+00 1.677828941384685413e+00 2.269914000838092534e+02 2.887123271580703658e+02
8.105263157894736503e-01 4.584449008753717636e-01 7.457667602859221478e-01 1.120100887828648473e+00 1.600410648300369942e+00 1.676753146623869428e+00 2.418448628865418470e+02 3.096909732663656882e+02
8.578947368421052655e-01 4.782958058547371882e-01 7.874433171142404264e-01 1.126929801158383038e+00 1.602346158512939711e+00 1.675669032523475543e+00 2.582205086953633781e+02 3.329201962479098142e+02
9.052631578947368807e-01 4.973069088023844286e-01 8.289073734583071174e-01 1.133826822544502955e+00 1.604236444087972835e+00 1.674586575178718562e+00 2.761504344554641648e+02 3.584659288506763346e+02
9.526315789473683848e-01 5.155252018893500265e-01 8.701736504514497872e-01 1.140743080364249540e+00 1.606066916921382148e+00 1.673513695797468337e+00 2.956675707910281403e+02 3.863953424139437516e+02
1.000000000000000000e+00 5.329952873697073601e-01 9.112563684828398625e-01 1.147632822657652429e+00 1.607826880406353798e+00 1.672456793504632389e+00 3.168058604948224684e+02 4.167770476350127069e+02
