1.000000000000000056e-01 6.292810025690057096e-02 9.383473503045158814e-02 1.066937703001979543e+00 1.585724134229527182e+00 1.688844499511626074e+00 1.486295456274847879e+02 1.799016785921674284e+02
1.473684210526315930e-01 9.261096521104246471e-02 1.382579834926643547e-01 1.067054497602879737e+00 1.585134856096603873e+00 1.687722547227342496e+00 1.497903283626911559e+02 1.814145635509120211e+02
1.947368421052631526e-01 1.221407369468707899e-01 1.826499204458054693e-01 1.068250412372417912e+00 1.585181778502946504e+00 1.686982575689885300e+00 1.516490654653940169e+02 1.838252307121971114e+02
2.421052631578947401e-01 1.514570674214323065e-01 2.269975226638427934e-01 1.070199607748176351e+00 1.585576791522987250e+00 1.686339611154352269e+00 1.542004316199861478e+02 1.871355212956140406e+02
2.894736842105263275e-01 1.804987209489812561e-01 2.712870994733387331e-01 1.072797284848530319e+00 1.586220814812919322e+00 1.685699319188352918e+00 1.574737142609993157e+02 1.913894417177979790e+02
3.368421052631579427e-01 2.092030889322069320e-01 3.155048668789482424e-01 1.075981211440542484e+00 1.587066298287827859e+00 1.685023701333596913e+00 1.615070565931012254e+02 1.966422211741858632e+02
3.842105263157894468e-01 2.375118185858646758e-01 3.596375359502032021e-01 1.079713133249840196e+00 1.588082071266232909e+00 1.684296632583219600e+00 1.663407434597044698e+02 2.029522360767691396e+02
4.315789473684210620e-01 2.653687777111788382e-01 4.036728165486499487e-01 1.083944886657615791e+00 1.589242560543099092e+00 1.683512699055933703e+00 1.720148738782212661e+02 2.103782525890873956e+02
4.789473684210526772e-01 2.927280893526434946e-01 4.475998099806732244e-01 1.088642330787922052e+00 1.590524200931641818e+00 1.682672668762099422e+00 1.785683450417528491e+02 2.189782277784243831e+02
5.263157894736841813e-01 3.195457562985296596e-01 4.914093056233752588e-01 1.093746668524445020e+00 1.591903683906768396e+00 1.681780310747026608e+00 1.860388705209000193e+02 2.288092938470623210e+02
5.736842105263157965e-01 3.457881572139634985e-01 5.350938613716479386e-01 1.099207289074940697e+00 1.593358473763440308e+00 1.680841721371308939e+00 1.944626908605411586e+02 2.399274637963469843e+02
6.210526315789474117e-01 3.714308809689110258e-01 5.786477781424507194e-01 1.104975451239036177e+00 1.594866933156997790e+00 1.679864124712903806e+00 2.038747155948036607e+02 2.523878043206402708e+02
6.684210526315789158e-01 3.964542394525168434e-01 6.220669845318038682e-01 1.110994494087701678e+00 1.596408964142057796e+00 1.678855368319708496e+00 2.143089617457396230e+02 2.662449487779571200e+02
7.157894736842105310e-01 4.208475605630526140e-01 6.653487849395105513e-01 1.117215083641459605e+00 1.597966066718385481e+00 1.677823171224151588e+00 2.257983789072924878e+02 2.815529308665426242e+02
7.631578947368421462e-01 4.446052126810685068e-01 7.084916305025530381e-01 1.123587864908830669e+00 1.599521927035667535e+00 1.676775044229180667e+00 2.383752740965601618e+02 2.983656712106470081e+02
8.105263157894736503e-01 4.677277939861070322e-01 7.514948268322726443e-01 1.130069281544562987e+00 1.601061896742758339e+00 1.675718185496846369e+00 2.520712999519991229e+02 3.167369894750793833e+02
8.578947368421052655e-01 4.902176703996907747e-01 7.943583032802052912e-01 1.136614708856644507e+00 1.602574984692637150e+00 1.674658591340861369e+00 2.669176989164998872e+02 3.367208686148667311e+02
9.052631578947368807e-01 5.120823657847102250e-01 8.370823310414137186e-01 1.143187856612190911e+00 1.604051781549203692e+00 1.673602760984920224e+00 2.829450375838974878e+02 3.583711754274805230e+02
9.526315789473683848e-01 5.333325197910983029e-01 8.796673704188382459e-01 1.149757367526905938e+00 1.605484739847075515e+00 1.672554801065984975e+00 3.001832442504114056e+02 3.817416327159502885e+02
1.000000000000000000e+00 5.539800661720850616e-01 9.221138703140282500e-01 1.156294871671765367e+00 1.606868147437445327e+00 1.671519252609429573e+00 3.186615314549720210e+02 4.068857494978060458e+02
