1.000000000000000056e-01 6.293801139656730881e-02 9.383501881439848535e-02 1.067547037530524490e+00 1.584058102190766482e+00 1.686856407324630602e+00 1.490415218536562350e+02 1.803896024551602579e+02
1.473684210526315930e-01 9.273079651165708204e-02 1.382769788346699669e-01 1.067104919031594878e+00 1.583554519141347150e+00 1.686297052074513303e+00 1.491023876453521098e+02 1.804865351848415003e+02
1.947368421052631526e-01 1.224794213060637904e-01 1.827054222478564360e-01 1.067058037880939336e+00 1.583369567023249491e+00 1.685986780220051662e+00 1.493643218778277060e+02 1.808542066366320284e+02
2.421052631578947401e-01 1.521431480122595881e-01 2.271083228675145615e-01 1.067308104746713449e+00 1.583365037640436901e+00 1.685753954561683088e+00 1.498878617960113786e+02 1.815783694547019422e+02
2.894736842105263275e-01 1.816694159813891651e-01 2.714703646753620081e-01 1.067870190570762823e+00 1.583509072699895714e+00 1.685533597440724174e+00 1.507504359162227274e+02 1.827648315523103406e+02
3.368421052631579427e-01 2.109944676885467663e-01 3.157740451171662799e-01 1.068777541326034530e+00 1.583798570748553569e+00 1.685292761433205833e+00 1.520318555582336444e+02 1.845214307960465590e+02
3.842105263157894468e-01 2.400489665505760317e-01 3.600011717606094730e-01 1.070070043717137098e+00 1.584237468109593205e+00 1.685011269165688663e+00 1.538083570941876985e+02 1.869504206336204106e+02
4.315789473684210620e-01 2.687620880639921550e-01 4.041345005165810633e-01 1.071779637291752962e+00 1.584829802193453485e+00 1.684676752477356043e+00 1.561489639190336334e+02 1.901438783471785712e+02
4.789473684210526772e-01 2.970690173190106420e-01 4.481593545577898241e-01 1.073935108573710329e+00 1.585576015080149226e+00 1.684282043074507795e+00 1.591137406576293643e+02 1.941814725247418210e+02
5.263157894736841813e-01 3.249115733569765130e-01 4.920649177005840813e-01 1.076543904815667085e+00 1.586471030873567667e+00 1.683823772233304261e+00 1.627528939181175360e+02 1.991294266258885557e+02
5.736842105263157965e-01 3.522444305646287299e-01 5.358451289366928938e-01 1.079603698013642310e+00 1.587504954603341734e+00 1.683302213217075627e+00 1.671071932831970344e+02 2.050410844780106174e+02
6.210526315789474117e-01 3.790352122638510624e-01 5.794990357344859122e-01 1.083097575012406777e+00 1.588663363826746222e+00 1.682719992559932543e+00 1.722089944904354866e+02 2.119582763878362641e+02
6.684210526315789158e-01 4.052641158453996195e-01 6.230306434458400267e-01 1.086995515774127785e+00 1.589928741451198668e+00 1.682081879383808820e+00 1.780837551256024938e+02 2.199133004406168652e+02
7.157894736842105310e-01 4.309269779300944903e-01 6.664484299392817723e-01 1.091266926430409789e+00 1.591281757536182173e+00 1.681393916348441486e+00 1.847518712377217014e+02 2.289312236390715327e+02
7.631578947368421462e-01 4.560307095115115339e-01 7.097645648129333740e-01 1.095874544019872054e+00 1.592702435002766981e+00 1.680662783260085336e+00 1.922303422151366590e+02 2.390320004229563722e+02
8.105263157894736503e-01 4.805917568944979568e-01 7.529940115749924612e-01 1.100778623796156985e+00 1.594171262190318128e+00 1.679895371425867090e+00 2.005341956079293197e+02 2.502322704005778462e+02
8.578947368421052655e-01 5.046343037059189962e-01 7.961536468776680975e-01 1.105939840127485807e+00 1.595670063756914114e+00 1.679098505077594172e+00 2.096776960379215495e+02 2.625468489871550446e+02
9.052631578947368807e-01 5.281884076304051989e-01 8.392614410900247623e-01 1.111320850377121694e+00 1.597182334197603470e+00 1.678278602531541708e+00 2.196752158278395370e+02 2.759897987417195395e+02
9.526315789473683848e-01 5.512886705006824206e-01 8.823357598286751813e-01 1.116887889893884100e+00 1.598693534199969069e+00 1.677441508383027413e+00 2.305418251064882043e+02 2.905751408617402944e+02
1.000000000000000000e+00 5.739726615867861703e-01 9.253947987799538977e-01 1.122610898717225636e+00 1.600191241855276392e+00 1.676592379198933891e+00 2.422936518994821427e+02 3.063172784898386567e+02
