1.000000000000000056e-01 6.297295443792501335e-02 9.384280091271687829e-02 1.065441232216962630e+00 1.584156661622160289e+00 1.687509753918432498e+00 1.478667795539338670e+02 1.789234164551580477e+02
1.473684210526315930e-01 9.279090085199738491e-02 1.382910994820541750e-01 1.064951024810343316e+00 1.583660549638371107e+00 1.686988511676258184e+00 1.478600320666070616e+02 1.789283951791914262e+02
1.947368421052631526e-01 1.225839863353856696e-01 1.827315058611375387e-01 1.064806893942081167e+00 1.583451522730400018e+00 1.686712362319713998e+00 1.479842969285892025e+02 1.791076722234125214e+02
2.421052631578947401e-01 1.523262301508902794e-01 2.271563335329483957e-01 1.064874842324073256e+00 1.583388487593344607e+00 1.686520867757068221e+00 1.482660258642278848e+02 1.795016600373742222e+02
2.894736842105263275e-01 1.819840632095647281e-01 2.715550720547602603e-01 1.065151598875972550e+00 1.583434601923479290e+00 1.686355337754086747e+00 1.487520111437356150e+02 1.801757529986948043e+02
3.368421052631579427e-01 2.115132934353440852e-01 3.159146594178148804e-01 1.065654160879593304e+00 1.583583127024578152e+00 1.686186307730868528e+00 1.494960749362955994e+02 1.812039880571316246e+02
3.842105263157894468e-01 2.408618217934598571e-01 3.602200496793862561e-01 1.066411477733577584e+00 1.583837662588400974e+00 1.685996259226798966e+00 1.505542377812908512e+02 1.826629190860560357e+02
4.315789473684210620e-01 2.699712690047230135e-01 4.044549856359437312e-01 1.067453114719928875e+00 1.584203783955872913e+00 1.685772546638292901e+00 1.519817897162152462e+02 1.846279014846468840e+02
4.789473684210526772e-01 2.987821534777201915e-01 4.486029946923474343e-01 1.068812175229454819e+00 1.584688102762448647e+00 1.685506977622759806e+00 1.538313622106480238e+02 1.871705585925980984e+02
5.263157894736841813e-01 3.272328724502692188e-01 4.926484259981983582e-01 1.070506673079090421e+00 1.585293844370896821e+00 1.685193410656236734e+00 1.561514536922634875e+02 1.903569134025127880e+02
5.736842105263157965e-01 3.552663862824574359e-01 5.365774620770920045e-01 1.072552331695290517e+00 1.586021561264804536e+00 1.684828457710320526e+00 1.589853754391371297e+02 1.942460552903118014e+02
6.210526315789474117e-01 3.828323566503309960e-01 5.803790117905558432e-01 1.074957102849780854e+00 1.586868553661256342e+00 1.684410895957623389e+00 1.623709777053106222e+02 1.988897639510153397e+02
6.684210526315789158e-01 4.098870421277353571e-01 6.240453270578358858e-01 1.077715120163796891e+00 1.587827787201750107e+00 1.683941069192736339e+00 1.663405535807526121e+02 2.043324248907362346e+02
7.157894736842105310e-01 4.363976713421228171e-01 6.675723530997877964e-01 1.080815964547741315e+00 1.588889805813561207e+00 1.683421005651170699e+00 1.709212760391703227e+02 2.106115884043806545e+02
7.631578947368421462e-01 4.623438200789168340e-01 7.109597902497399868e-01 1.084246643995395942e+00 1.590042819206549662e+00 1.682854220626747832e+00 1.761359505429064995e+02 2.177589234386977068e+02
8.105263157894736503e-01 4.877107387447088827e-01 7.542109055062545808e-01 1.087978448985968294e+00 1.591273160309690793e+00 1.682245115196812968e+00 1.820038990686149418e+02 2.258013314187856508e+02
8.578947368421052655e-01 5.124973140705519903e-01 7.973321292214350375e-01 1.091988659480809476e+00 1.592566581690091354e+00 1.681598606206726521e+00 1.885418650236806286e+02 2.347621018034096778e+02
9.052631578947368807e-01 5.367084424275286869e-01 8.403325379278719920e-01 1.096247167505737918e+00 1.593908472462251424e+00 1.680919699657740463e+00 1.957649002338244770e+02 2.446620307900188038e+02
9.526315789473683848e-01 5.603566073716824691e-01 8.832233228709452932e-01 1.100724634305544791e+00 1.595285216002274353e+00 1.680213785946848004e+00 2.036872411139549115e+02 2.555204868894913943e+02
1.000000000000000000e+00 5.834605061335622622e-01 9.260172193547896446e-01 1.105393212340235909e+00 1.596683853100856698e+00 1.679485966155030985e+00 2.123229568737912416e+02 2.673562233342581749e+02
