1.000000000000000056e-01 6.297117593828872872e-02 9.384207043640800661e-02 1.067003296826977810e+00 1.585597266535705430e+00 1.688916381486365026e+00 1.481261896165119367e+02 1.792413838118227432e+02
1.473684210526315930e-01 9.277398951627709167e-02 1.382861225530297999e-01 1.066055078133941514e+00 1.584633905787754982e+00 1.687892804509150357e+00 1.481398988897213087e+02 1.792860497009326650e+02
1.947368421052631526e-01 1.225265593205688425e-01 1.827149405753745459e-01 1.065805625651342847e+00 1.584236928713007142e+00 1.687348741991066658e+00 1.484223484753369462e+02 1.796857845587944098e+02
2.421052631578947401e-01 1.521826153410369975e-01 2.271147911145749709e-01 1.065987892663885273e+00 1.584124957033074876e+00 1.686970280161381286e+00 1.490142452781712166e+02 1.805045295415629312e+02
2.894736842105263275e-01 1.816808556415042686e-01 2.714671898559855023e-01 1.066566094095727113e+00 1.584220965047037799e+00 1.686644730209966081e+00 1.499938723208014721e+02 1.818525804611158492e+02
3.368421052631579427e-01 2.109443016425461281e-01 3.157493715140523016e-01 1.067557800658536893e+00 1.584503676796710891e+00 1.686316594226120902e+00 1.514512134785922228e+02 1.838552201932284333e+02
3.842105263157894468e-01 2.398844097963224176e-01 3.599353052322623037e-01 1.068998662205069783e+00 1.584972129579299338e+00 1.685955277558381704e+00 1.534789651468742591e+02 1.866416392301203473e+02
4.315789473684210620e-01 2.684055244474386481e-01 4.039972229886863442e-01 1.070924126998875403e+00 1.585627937865459192e+00 1.685540490480902154e+00 1.561675582539083962e+02 1.903386823076621965e+02
4.789473684210526772e-01 2.964112397042972247e-01 4.479074757137814777e-01 1.073360313551901202e+00 1.586471595726929307e+00 1.685060791271879577e+00 1.596013873635561708e+02 1.950661048084197091e+02
5.263157894736841813e-01 3.238111515669339080e-01 4.916405160369337057e-01 1.076320667383537488e+00 1.587497329014647462e+00 1.684509784206552840e+00 1.638565052096597299e+02 2.009335861864461208e+02
5.736842105263157965e-01 3.505226979738662041e-01 5.351746039438383118e-01 1.079792098587944338e+00 1.588693341696189698e+00 1.683886333406455993e+00 1.689989808846876542e+02 2.080386740532366332e+02
6.210526315789474117e-01 3.764813830800005090e-01 5.784931090890507166e-01 1.083755049355162425e+00 1.590041880909475402e+00 1.683193296023296703e+00 1.750848106079224067e+02 2.164665674061460550e+02
6.684210526315789158e-01 4.016373514912511267e-01 6.215851469860816936e-01 1.088166881203400216e+00 1.591519868389288161e+00 1.682436266027742322e+00 1.821605296858967620e+02 2.262908507441502195e+02
7.157894736842105310e-01 4.259595936950804074e-01 6.644455853337931650e-01 1.092978087905531748e+00 1.593102234947253226e+00 1.681623552909685237e+00 1.902645450380890964e+02 2.375751338612828931e+02
7.631578947368421462e-01 4.494359900893020732e-01 7.070745607052273396e-01 1.098136903298267075e+00 1.594762039007736831e+00 1.680764329811701652e+00 1.994289279893871765e+02 2.503752476546420382e+02
8.105263157894736503e-01 4.720674417511600551e-01 7.494766342943351978e-01 1.103584323473180584e+00 1.596473128545485842e+00 1.679868411799592343e+00 2.096811747586144747e+02 2.647414356797104347e+02
8.578947368421052655e-01 4.938677497451715026e-01 7.916598195214801237e-01 1.109263481388669925e+00 1.598211192089238120e+00 1.678945297860901187e+00 2.210458937386010803e+02 2.807204351760169061e+02
9.052631578947368807e-01 5.148597797804931320e-01 8.336345888656254699e-01 1.115120295958190066e+00 1.599955172552433469e+00 1.678004035008167305e+00 2.335461750470612685e+02 2.983571867173009196e+02
9.526315789473683848e-01 5.350716051859655265e-01 8.754129795089555799e-01 1.121102742370006844e+00 1.601686780686580658e+00 1.677052840370178322e+00 2.472045838484931437e+02 3.176960739106349934e+02
1.000000000000000000e+00 5.545377778406410663e-01 9.170078609876294307e-01 1.127168280958791069e+00 1.603391107668934001e+00 1.676099020297226350e+00 2.620440078085764526e+02 3.387819737514863618e+02
