1.000000000000000056e-01 6.287758547520677643e-02 9.382182312933609603e-02 1.072051410078098010e+00 1.585462024614806120e+00 1.687424420262573443e+00 1.510609330288604610e+02 1.829124923049574534e+02
1.473684210526315930e-01 9.260289388614806327e-02 1.382492149292684769e-01 1.071447386505921973e+00 1.584530334824644004e+00 1.686269690344099459e+00 1.514606398224804593e+02 1.834560133333983458e+02
1.947368421052631526e-01 1.222345600735363358e-01 1.826529237457898136e-01 1.071669258169807071e+00 1.584235680478674801e+00 1.685602480457045083e+00 1.523038205246555776e+02 1.845813494249373719e+02
2.421052631578947401e-01 1.517138886701885903e-01 2.270174421718697821e-01 1.072471635294992565e+00 1.584281649861189800e+00 1.685091939047631993e+00 1.536442826572976799e+02 1.863675719800630191e+02
2.894736842105263275e-01 1.809699522684535822e-01 2.713235843016350013e-01 1.073806423398129706e+00 1.584578849173786663e+00 1.684620116753324792e+00 1.555602100506450824e+02 1.889243512055932683e+02
3.368421052631579427e-01 2.099223831824726660e-01 3.155489783174281193e-01 1.075678525022168319e+00 1.585094714058539855e+00 1.684132374210636218e+00 1.581361493964720353e+02 1.923704104299896187e+02
3.842105263157894468e-01 2.384828053054819375e-01 3.596688914354344013e-01 1.078096563413895925e+00 1.585814483930073404e+00 1.683599868634557906e+00 1.614572397382658835e+02 1.968266587330185189e+02
4.315789473684210620e-01 2.665590332684068531e-01 4.036573253986951992e-01 1.081061690002374620e+00 1.586727108108964890e+00 1.683006838170783226e+00 1.656059975802976396e+02 2.024123717360459125e+02
4.789473684210526772e-01 2.940611319568859905e-01 4.474883251290378561e-01 1.084567221677873450e+00 1.587819929838762523e+00 1.682345840060402331e+00 1.706602909760899536e+02 2.092426891962825550e+02
5.263157894736841813e-01 3.209045359088409932e-01 4.911372436051871793e-01 1.088589861710369755e+00 1.589076369031646729e+00 1.681615301497764836e+00 1.766916833153616153e+02 2.174265911553114563e+02
5.736842105263157965e-01 3.470167061737546299e-01 5.345818374909410142e-01 1.093098461994579162e+00 1.590475621987331944e+00 1.680818057320485392e+00 1.837644669447927015e+02 2.270656485340631434e+02
6.210526315789474117e-01 3.723361281398073208e-01 5.778030365829389670e-01 1.098043145179770752e+00 1.591993465082965464e+00 1.679960222619103494e+00 1.919352783029836189e+02 2.382534521621644501e+02
6.684210526315789158e-01 3.968158839139942495e-01 6.207852798329771549e-01 1.103365722175923658e+00 1.593603517475692177e+00 1.679050156317908993e+00 2.012529726359076676e+02 2.510753693791602643e+02
7.157894736842105310e-01 4.204235685890985175e-01 6.635164829535867836e-01 1.109002210906788077e+00 1.595278833239537564e+00 1.678097580694889679e+00 2.117590519293518980e+02 2.656089214522342559e+02
7.631578947368421462e-01 4.431408174502513009e-01 7.059876828635301971e-01 1.114887116852570692e+00 1.596993351684288909e+00 1.677112807765086755e+00 2.234881550721011365e+02 2.819242150942682770e+02
8.105263157894736503e-01 4.649618654194718204e-01 7.481924824028111098e-01 1.120956520294291048e+00 1.598723013801917281e+00 1.676106049256331554e+00 2.364686120471828872e+02 3.000844054697859633e+02
8.578947368421052655e-01 4.858913321768347227e-01 7.901263929240521788e-01 1.127149824776339404e+00 1.600446568504336531e+00 1.675086947346895228e+00 2.507228898902696130e+02 3.201459833358824767e+02
9.052631578947368807e-01 5.059420497581761378e-01 8.317861743188007528e-01 1.133411260177516366e+00 1.602144977887510313e+00 1.674064604622987673e+00 2.662678755471601448e+02 3.421587954902235538e+02
9.526315789473683848e-01 5.251330446775483995e-01 8.731692307266938347e-01 1.139690845292444576e+00 1.603803940633111935e+00 1.673046485331954880e+00 2.831149754024922913e+02 3.661657637883328107e+02
1.000000000000000000e+00 5.434874611093810648e-01 9.142730938580821975e-01 1.145944310315911929e+00 1.605411883976031184e+00 1.672039295433647377e+00 3.012700308663602300e+02 3.922022877436119188e+02
