1.000000000000000056e-01 6.296007268290748637e-02 9.384140376089995794e-02 1.064623111256706611e+00 1.584156114933268134e+00 1.687570508050518558e+00 1.477726635026841677e+02 1.788230912689288630e+02
1.473684210526315930e-01 9.271619319027897543e-02 1.382795876449508798e-01 1.064756366369280061e+00 1.583915958416790559e+00 1.687040126246418970e+00 1.484097268224435879e+02 1.796506702610223272e+02
1.947368421052631526e-01 1.223894913983808730e-01 1.827010840184188634e-01 1.065439580999574698e+00 1.583982812950908814e+00 1.686676675546304738e+00 1.494133898202377679e+02 1.809493880529363707e+02
2.421052631578947401e-01 1.519461886445943044e-01 2.270983739592608575e-01 1.066521806385684279e+00 1.584225484267260731e+00 1.686348249630084117e+00 1.507802439620421069e+02 1.827195820381750764e+02
2.894736842105263275e-01 1.813500104115485789e-01 2.714628790977384742e-01 1.067963245492645319e+00 1.584602279583981366e+00 1.686010360460553636e+00 1.525273613910242148e+02 1.849867918195439245e+02
3.368421052631579427e-01 2.105617366051711903e-01 3.157850642095356708e-01 1.069749303313711097e+00 1.585095878938502345e+00 1.685643377430627421e+00 1.546785691422845730e+02 1.877852024972786751e+02
3.842105263157894468e-01 2.395387455111394059e-01 3.600545932762270196e-01 1.071868561134940778e+00 1.585697851453451879e+00 1.685238103226975870e+00 1.572606085498264861e+02 1.911530233365925255e+02
4.315789473684210620e-01 2.682382055762442818e-01 4.042605127111399965e-01 1.074317341431475503e+00 1.586401697470429140e+00 1.684789372290423026e+00 1.603014173464145529e+02 1.951304550487222400e+02
4.789473684210526772e-01 2.966167058880288532e-01 4.483914973307679963e-01 1.077089543491208667e+00 1.587201894322081364e+00 1.684295235562994986e+00 1.638295288403512018e+02 1.997589558643218481e+02
5.263157894736841813e-01 3.246296827995292511e-01 4.924360801337356319e-01 1.080170903264266791e+00 1.588092122933013828e+00 1.683755400718426776e+00 1.678733828249529267e+02 2.050804508319156412e+02
5.736842105263157965e-01 3.522360453220205745e-01 5.363829329800644530e-01 1.083550898459239908e+00 1.589065235768176709e+00 1.683170890646223938e+00 1.724610985813739035e+02 2.111370287921621411e+02
6.210526315789474117e-01 3.793959510188172901e-01 5.802210770713674970e-01 1.087211886922910375e+00 1.590113143365113224e+00 1.682543866357878448e+00 1.776200726303604540e+02 2.179704939862636195e+02
6.684210526315789158e-01 4.060715916573823248e-01 6.239400853318259887e-01 1.091130591892864654e+00 1.591226670167070534e+00 1.681877178599862743e+00 1.833767717887911886e+02 2.256221136169033912e+02
7.157894736842105310e-01 4.322334419058639909e-01 6.675302292154098316e-01 1.095292419239019210e+00 1.592396163809971510e+00 1.681174530394879518e+00 1.897565201611795374e+02 2.341323646043491351e+02
7.631578947368421462e-01 4.578517018001310723e-01 7.109825973627814655e-01 1.099668737638757721e+00 1.593611486589258108e+00 1.680439984844346091e+00 1.967834867477431828e+02 2.435408953367464733e+02
8.105263157894736503e-01 4.829013536497958059e-01 7.542891262372659611e-01 1.104230993663625870e+00 1.594862277947866058e+00 1.679677894789130654e+00 2.044805190367418106e+02 2.538863293173488103e+02
8.578947368421052655e-01 5.073631779999808744e-01 7.974425890536588346e-01 1.108952775706392613e+00 1.596138336229711241e+00 1.678892827963216483e+00 2.128690593582178963e+02 2.652061517447288566e+02
9.052631578947368807e-01 5.312227934106533711e-01 8.404365440656326181e-01 1.113807931656418670e+00 1.597429869002555236e+00 1.678089281720796189e+00 2.219690889632546771e+02 2.775366195008904242e+02
9.526315789473683848e-01 5.544701068401340915e-01 8.832652536399695498e-01 1.118770556816816919e+00 1.598727646359220378e+00 1.677271727144644675e+00 2.317991250678649635e+02 2.909127242292204301e+02
1.000000000000000000e+00 5.770959342862881369e-01 9.259235816168781552e-01 1.123810607053717048e+00 1.600023306055579075e+00 1.676444726268103036e+00 2.423762335105319607e+02 3.053681647673146813e+02
