1.000000000000000056e-01 6.296076585744528331e-02 9.384005542622664287e-02 1.065477009098974470e+00 1.583775146885290530e+00 1.687000310142086956e+00 1.480950830665336184e+02 1.792158328499255902e+02
1.473684210526315930e-01 9.275948856504645512e-02 1.382841076158905502e-01 1.065250000458645152e+00 1.583445887938431218e+00 1.686586172679761297e+00 1.482457851641386526e+02 1.794238325241465759e+02
1.947368421052631526e-01 1.225151113084630566e-01 1.827169389949479805e-01 1.065357656455941049e+00 1.583358514127649386e+00 1.686341937406328206e+00 1.485923707667844269e+02 1.798899313215607094e+02
2.421052631578947401e-01 1.521991219160488962e-01 2.271306843876395865e-01 1.065725256967228418e+00 1.583410090369014478e+00 1.686146136811653262e+00 1.491660051830784255e+02 1.806586437489283981e+02
2.894736842105263275e-01 1.817758284895067133e-01 2.715153888536998017e-01 1.066351205781757461e+00 1.583573432246206281e+00 1.685953686539316765e+00 1.500087426260599557e+02 1.817879458388252374e+02
3.368421052631579427e-01 2.112001393226439483e-01 3.158591107199091308e-01 1.067240056646739710e+00 1.583843060188732554e+00 1.685742783443554549e+00 1.511657288827013019e+02 1.833399328690875052e+02
3.842105263157894468e-01 2.404241710486004213e-01 3.601481486938498122e-01 1.068420712343751910e+00 1.584219768339658829e+00 1.685499557584042574e+00 1.526828989979875075e+02 1.853780528434328403e+02
4.315789473684210620e-01 2.693916922265363612e-01 4.043673570712624787e-01 1.069904190498578656e+00 1.584706752079227732e+00 1.685215696304262156e+00 1.546057228201288751e+02 1.879656443256334057e+02
4.789473684210526772e-01 2.980483314507606507e-01 4.485006295507789065e-01 1.071719557442015747e+00 1.585306580668910170e+00 1.684885386876138869e+00 1.569785465023905147e+02 1.911650938671065205e+02
5.263157894736841813e-01 3.263329175265906601e-01 4.925314120082853186e-01 1.073867706716090442e+00 1.586019503957339039e+00 1.684504978210978665e+00 1.598437766051490598e+02 1.950368879222637304e+02
5.736842105263157965e-01 3.541892282533822822e-01 5.364433232030770826e-01 1.076358669477321284e+00 1.586843823266834930e+00 1.684072615522302474e+00 1.632413845636255587e+02 1.996389603833057436e+02
6.210526315789474117e-01 3.815607504790548554e-01 5.802207424735070784e-01 1.079185650992982026e+00 1.587774951432402659e+00 1.683588121668944559e+00 1.672084659823861443e+02 2.050261452766268633e+02
6.684210526315789158e-01 4.083965598844234712e-01 6.238493156434251619e-01 1.082338833541043766e+00 1.588805841223388748e+00 1.683053073479680695e+00 1.717788627045929104e+02 2.112497203517964692e+02
7.157894736842105310e-01 4.346525218388856415e-01 6.673163958467043244e-01 1.085803330659668609e+00 1.589927037919912856e+00 1.682469985782450106e+00 1.769830875023212684e+02 2.183572695186596491e+02
7.631578947368421462e-01 4.602912738846678398e-01 7.106113142089577339e-01 1.089557548377494633e+00 1.591127234465294693e+00 1.681842506175664775e+00 1.828483521465845456e+02 2.263927046234055638e+02
8.105263157894736503e-01 4.852829403481886406e-01 7.537255109387045460e-01 1.093575017839166108e+00 1.592393934326473914e+00 1.681175222150456339e+00 1.893987264403565121e+02 2.353964334493811634e+02
8.578947368421052655e-01 5.096050276642274390e-01 7.966525223181023518e-01 1.097825193591920989e+00 1.593713902919708936e+00 1.680473237770072847e+00 1.966553842634986893e+02 2.454056342604209533e+02
9.052631578947368807e-01 5.332422363155797651e-01 8.393878310608676729e-01 1.102275099513126300e+00 1.595073711458366628e+00 1.679741937294208176e+00 2.046368653331516612e+02 2.564545620479295849e+02
9.526315789473683848e-01 5.561899577413842444e-01 8.819286612389864999e-01 1.106897907415851146e+00 1.596460390513667393e+00 1.678986873602190677e+00 2.133594703848428935e+02 2.685749884710643300e+02
1.000000000000000000e+00 5.784456820556185264e-01 9.242737007041179620e-01 1.111659121194879418e+00 1.597861650672499412e+00 1.678213377817365348e+00 2.228375348121464299e+02 2.817965056605564200e+02
