1.000000000000000056e-01 6.297018493101230741e-02 9.384189868310872928e-02 1.065744511802671379e+00 1.584551374817051439e+00 1.687910060162582049e+00 1.479093605863969003e+02 1.789801619018764711e+02
1.473684210526315930e-01 9.276934775705961145e-02 1.382852309335366459e-01 1.065233846017437758e+00 1.583970480846244255e+00 1.687245915654633110e+00 1.480241142610569796e+02 1.791500807183934683e+02
1.947368421052631526e-01 1.225147074639296868e-01 1.827133219209830239e-01 1.065238226935311339e+00 1.583773986620489405e+00 1.686873753789984054e+00 1.483977431507021834e+02 1.796626499959690193e+02
2.421052631578947401e-01 1.521639971848181561e-01 2.271143117951234802e-01 1.065608334338068452e+00 1.583788507702587722e+00 1.686591804313333220e+00 1.490768617102244491e+02 1.805855964402995824e+02
2.894736842105263275e-01 1.816631478691092538e-01 2.714731839953538617e-01 1.066329899238438017e+00 1.583968970321764758e+00 1.686325981994660550e+00 1.501284769056832431e+02 1.820114011420475322e+02
3.368421052631579427e-01 2.109492069016246918e-01 3.157723320414006496e-01 1.067429208777397776e+00 1.584304822659121648e+00 1.686040484718521526e+00 1.516239110503172185e+02 1.840378777840501243e+02
3.842105263157894468e-01 2.399519080933881776e-01 3.599924160887676972e-01 1.068936624702858440e+00 1.584795566168692993e+00 1.685714258754248407e+00 1.536337065415133907e+02 1.867619336404414696e+02
4.315789473684210620e-01 2.685975813942622081e-01 4.041134306816243082e-01 1.070878361897954045e+00 1.585442593390723021e+00 1.685334623588095271e+00 1.562248231859240661e+02 1.902761249958616645e+02
4.789473684210526772e-01 2.968116806759170667e-01 4.481159111970978159e-01 1.073267690957002696e+00 1.586244656539870901e+00 1.684894000142448611e+00 1.594590454311574490e+02 1.946666558564570266e+02
5.263157894736841813e-01 3.245245840733650411e-01 4.919820984762870997e-01 1.076110074104978054e+00 1.587196987559635453e+00 1.684389091881052458e+00 1.633918616266040544e+02 2.000119963058571386e+02
5.736842105263157965e-01 3.516747161853454040e-01 5.356969626631910009e-01 1.079399534745714817e+00 1.588289483286084547e+00 1.683819520074690823e+00 1.680721276767219763e+02 2.063824339654628659e+02
6.210526315789474117e-01 3.782101842262723390e-01 5.792489309640870276e-01 1.083116530924644882e+00 1.589508969411641326e+00 1.683187773353373773e+00 1.735422147423202830e+02 2.138402495218050205e+02
6.684210526315789158e-01 4.040894680770128478e-01 6.226302563145222901e-01 1.087228132842989359e+00 1.590838125152674420e+00 1.682498647580105366e+00 1.798385142672686356e+02 2.224403514016339898e+02
7.157894736842105310e-01 4.292868121763277478e-01 6.658370702301316113e-01 1.091703071842906159e+00 1.592257916924616934e+00 1.681758340344751801e+00 1.869923864029019853e+02 2.322314270443128805e+02
7.631578947368421462e-01 4.537851065256482408e-01 7.088691374917764909e-01 1.096496281904929093e+00 1.593747976359862983e+00 1.680973767505108407e+00 1.950312956957696713e+02 2.432573393684754706e+02
8.105263157894736503e-01 4.775796724108845037e-01 7.517293746532441867e-01 1.101564367477192885e+00 1.595288564301615697e+00 1.680152620029878641e+00 2.039797726115628507e+02 2.555583379354363558e+02
8.578947368421052655e-01 5.006744733012635784e-01 7.944232789717062815e-01 1.106862128546443724e+00 1.596860782437752757e+00 1.679302492249499235e+00 2.138604719698341228e+02 2.691723630956602733e+02
9.052631578947368807e-01 5.230812872846514194e-01 8.369583120988777214e-01 1.112346304335557035e+00 1.598447257823634615e+00 1.678430626989424024e+00 2.246950239875730233e+02 2.841361064143112003e+02
9.526315789473683848e-01 5.448197238014574895e-01 8.793433403967774176e-01 1.117979709727884519e+00 1.600032804598827463e+00 1.677543823406288492e+00 2.365048656915427330e+02 3.004860222118030038e+02
1.000000000000000000e+00 5.659105135532139785e-01 9.215880887831938706e-01 1.123722428928922490e+00 1.601604463933624212e+00 1.676648256282215144e+00 2.493116095498226059e+02 3.182588129327430693e+02
