1.000000000000000056e-01 6.289621303873810243e-02 9.382918148678688619e-02 1.067238452932857573e+00 1.584428156941974253e+00 1.687109043099207506e+00 1.494204382250744345e+02 1.808932755558615497e+02
1.473684210526315930e-01 9.257514915771758446e-02 1.382538792402995542e-01 1.067908278619840390e+00 1.584247449531015262e+00 1.686382034864814417e+00 1.506741263333900065e+02 1.825047116003721328e+02
1.947368421052631526e-01 1.221233431971068401e-01 1.826540593498130749e-01 1.069284497474285001e+00 1.584453716386061695e+00 1.685842999188077007e+00 1.524724057388258700e+02 1.848154304572265119e+02
2.421052631578947401e-01 1.514958111527118512e-01 2.270207637487037799e-01 1.071192577516443700e+00 1.584887133795387149e+00 1.685336561667688526e+00 1.548129017283396536e+02 1.878269418495854666e+02
2.894736842105263275e-01 1.806495253825891323e-01 2.713447353593314015e-01 1.073581124385386554e+00 1.585490585105542305e+00 1.684811794669994089e+00 1.577103557540980887e+02 1.915618048310428776e+02
3.368421052631579427e-01 2.095404892006458297e-01 3.156166636006346171e-01 1.076411918277309976e+00 1.586235114412273051e+00 1.684248471594561591e+00 1.611849756193878989e+02 1.960495895219820000e+02
3.842105263157894468e-01 2.381259465655271301e-01 3.598274601295446962e-01 1.079654072468937631e+00 1.587101459948632831e+00 1.683638543940379373e+00 1.652591693754835660e+02 2.013228950115255316e+02
4.315789473684210620e-01 2.663651497962292169e-01 4.039684854265985225e-01 1.083277083027771370e+00 1.588073884348431442e+00 1.682979987847492254e+00 1.699561622406121728e+02 2.074157085022922899e+02
4.789473684210526772e-01 2.942225013974612557e-01 4.480317701019496113e-01 1.087256690978096740e+00 1.589137473562891145e+00 1.682273669217611012e+00 1.752994119718709953e+02 2.143626699798969639e+02
5.263157894736841813e-01 3.216636565833941308e-01 4.920101707977548866e-01 1.091556926076578504e+00 1.590277913385491626e+00 1.681522497464633004e+00 1.813124025185918526e+02 2.221988284363532102e+02
5.736842105263157965e-01 3.486608327210263814e-01 5.358974434063732417e-01 1.096148501080635773e+00 1.591481178519058570e+00 1.680730667925474098e+00 1.880182664209293364e+02 2.309592182547338837e+02
6.210526315789474117e-01 3.751900761000059870e-01 5.796883187579289221e-01 1.100998189507609748e+00 1.592733532614063696e+00 1.679902975101758233e+00 1.954399913849479731e+02 2.406790653475429451e+02
6.684210526315789158e-01 4.012306730677743793e-01 6.233784808976775560e-01 1.106069051110849744e+00 1.594021776708804516e+00 1.679044575941594175e+00 2.036003364229287911e+02 2.513937047398492837e+02
7.157894736842105310e-01 4.267675238085359979e-01 6.669644907007196144e-01 1.111327997416866165e+00 1.595333501249485364e+00 1.678160824862932277e+00 2.125217447915232185e+02 2.631385013966681186e+02
7.631578947368421462e-01 4.517913673486451676e-01 7.104436948852844713e-01 1.116746244857074188e+00 1.596657066510657197e+00 1.677257052792273884e+00 2.222263483313421659e+02 2.759488580717179502e+02
8.105263157894736503e-01 4.762924834085452974e-01 7.538141561280800040e-01 1.122286991854986260e+00 1.597982064481537234e+00 1.676338457242005919e+00 2.327363645147829629e+02 2.898606627484662113e+02
8.578947368421052655e-01 5.002683214726996175e-01 7.970744683579690237e-01 1.127923620981808206e+00 1.599299409604487465e+00 1.675409907259729936e+00 2.440735679192983127e+02 3.049097130560890037e+02
9.052631578947368807e-01 5.237165148911917534e-01 8.402236999886127933e-01 1.133625929805370136e+00 1.600601084802583340e+00 1.674475780106533085e+00 2.562597442000388810e+02 3.211322044802262781e+02
9.526315789473683848e-01 5.466395294696517748e-01 8.832612121118789128e-01 1.139370509131013787e+00 1.601880423275069631e+00 1.673540206802198727e+00 2.693163431014015146e+02 3.385643750636311324e+02
1.000000000000000000e+00 5.690399456901683584e-01 9.261865978829575408e-01 1.145132732732462300e+00 1.603131914267952984e+00 1.672606870757846753e+00 2.832647282424326249e+02 3.572427628943128184e+02
