1.000000000000000056e-01 6.294140946362429545e-02 9.383510425786455167e-02 1.068925094607368953e+00 1.585914494417750120e+00 1.688815913201252794e+00 1.490656071649108583e+02 1.804178008678912875e+02
1.473684210526315930e-01 9.270821367642123612e-02 1.382689283791459778e-01 1.067991065599233069e+00 1.584852643174808673e+00 1.687623454116859545e+00 1.492251421078152305e+02 1.806650972916373519e+02
1.947368421052631526e-01 1.223752651124397767e-01 1.826724878304183119e-01 1.067941254294248576e+00 1.584479521333523877e+00 1.686959314616233829e+00 1.498433780784302201e+02 1.815287745579047680e+02
2.421052631578947401e-01 1.518556648363573180e-01 2.270204862937535151e-01 1.068554881358594333e+00 1.584496702819019331e+00 1.686457470249755897e+00 1.510482000745099356e+02 1.831899126338359451e+02
2.894736842105263275e-01 1.810398195325552406e-01 2.712825972789248974e-01 1.069828952613236073e+00 1.584828691168053361e+00 1.685982207103315922e+00 1.529964430293463806e+02 1.858630464638819149e+02
3.368421052631579427e-01 2.098091144358423255e-01 3.154272004054571865e-01 1.071818100439901444e+00 1.585454073519895868e+00 1.685467838652239259e+00 1.558407671426829495e+02 1.897551153337769563e+02
3.842105263157894468e-01 2.380452263955250281e-01 3.594256385514727481e-01 1.074559061613547195e+00 1.586361399420954443e+00 1.684880659084705634e+00 1.597162950361197886e+02 1.950487650859896860e+02
4.315789473684210620e-01 2.656451194884783540e-01 4.032561355894240807e-01 1.078065007186967073e+00 1.587532784804127184e+00 1.684204852380697393e+00 1.647352799143680784e+02 2.018956821004189237e+02
4.789473684210526772e-01 2.925289216817438254e-01 4.469064674641008428e-01 1.082312632011196651e+00 1.588939961618840213e+00 1.683436706950312001e+00 1.709865064663138980e+02 2.104160083833124304e+02
5.263157894736841813e-01 3.186483973986892204e-01 4.903750064167144984e-01 1.087259405083751851e+00 1.590545627921222893e+00 1.682580991046290997e+00 1.785385323340438219e+02 2.207025295928476964e+02
5.736842105263157965e-01 3.439798818408974501e-01 5.336701827013690114e-01 1.092825779523114882e+00 1.592307322698572891e+00 1.681648159776737650e+00 1.874447997093685387e+02 2.328271810031108373e+02
6.210526315789474117e-01 3.685302151331845688e-01 5.768087850365058999e-01 1.098934270854317496e+00 1.594180650828556534e+00 1.680651013640069635e+00 1.977491754306952316e+02 2.468480683281573818e+02
6.684210526315789158e-01 3.923246496444239839e-01 6.198137693960880101e-01 1.105496170519770116e+00 1.596123678493800213e+00 1.679603628216598032e+00 2.094911195444162502e+02 2.628158774748026758e+02
7.157894736842105310e-01 4.154039149271551157e-01 6.627119682299423831e-01 1.112426471473192180e+00 1.598098380388608408e+00 1.678519722379254286e+00 2.227095968482021817e+02 2.807787216871088845e+02
7.631578947368421462e-01 4.378186818790780199e-01 7.055320929467131519e-01 1.119646838798902033e+00 1.600072604908094442e+00 1.677411673485488475e+00 2.374458522952134842e+02 3.007854920523459441e+02
8.105263157894736503e-01 4.596251677709413119e-01 7.483031157542121559e-01 1.127087649465619235e+00 1.602019873445696740e+00 1.676290196675007893e+00 2.537450253294171318e+02 3.228877722049788304e+02
8.578947368421052655e-01 4.808833479371236175e-01 7.910531204304662722e-01 1.134691725719411126e+00 1.603919422392031224e+00 1.675164499911307781e+00 2.716570379576726850e+02 3.471407884415927469e+02
9.052631578947368807e-01 5.016520547096973148e-01 8.338084957753412185e-01 1.142408518648846405e+00 1.605756807619559190e+00 1.674041643891453379e+00 2.912366981073033685e+02 3.736034290412184191e+02
9.526315789473683848e-01 5.219889114685909437e-01 8.765934539813364790e-01 1.150196492178299223e+00 1.607520156798560418e+00 1.672927496773975564e+00 3.125435095029698687e+02 4.023378890223892199e+02
1.000000000000000000e+00 5.419490592200413293e-01 9.194297568025754375e-01 1.158021459772935913e+00 1.609201502446141907e+00 1.671826544088378830e+00 3.356411478895884102e+02 4.334089505187315012e+02
