1.000000000000000056e-01 6.297573850537074858e-02 9.384326002959036961e-02 1.065617854368467565e+00 1.584508096992899295e+00 1.687905027519178702e+00 1.478187434620807039e+02 1.788624943376568979e+02
1.473684210526315930e-01 9.278957998723867673e-02 1.382899090347848026e-01 1.065016530166199349e+00 1.583904571736088007e+00 1.687266713788579953e+00 1.478201704202236044e+02 1.788840354704010736e+02
1.947368421052631526e-01 1.225643270721429728e-01 1.827238513042149515e-01 1.064864258402437036e+00 1.583662342894017527e+00 1.686925016031548763e+00 1.480126555218114675e+02 1.791625369885385339e+02
2.421052631578947401e-01 1.522587475504235677e-01 2.271323757626602380e-01 1.065016665128359685e+00 1.583614292288239911e+00 1.686680355870283421e+00 1.484502456566073647e+02 1.797775896019016670e+02
2.894736842105263275e-01 1.818160541387784102e-01 2.714985710683912590e-01 1.065472699283337432e+00 1.583722042018442577e+00 1.686457840171450950e+00 1.492144128196925692e+02 1.808420344109334508e+02
3.368421052631579427e-01 2.111680272295202443e-01 3.158025663555460993e-01 1.066277850544026462e+00 1.583982352313794362e+00 1.686219605571318558e+00 1.503938443237622948e+02 1.824766731014672700e+02
3.842105263157894468e-01 2.402373755659859000e-01 3.600233662883757790e-01 1.067478153092474180e+00 1.584401144369163239e+00 1.685941990608942787e+00 1.520757756700705272e+02 1.847991083941953718e+02
4.315789473684210620e-01 2.689459910490260564e-01 4.041410073977158568e-01 1.069118996369055274e+00 1.584985523407135721e+00 1.685610513056602588e+00 1.543405513453884055e+02 1.879167298325228330e+02
4.789473684210526772e-01 2.972184125549051092e-01 4.481386929547725995e-01 1.071226787573007933e+00 1.585737322823966622e+00 1.685215912518073456e+00 1.572583873995275212e+02 1.919225921288459631e+02
5.263157894736841813e-01 3.249909985247176891e-01 4.920045751191309269e-01 1.073819075798543743e+00 1.586653311251289056e+00 1.684754294509664962e+00 1.608877977095448841e+02 1.968934770276299844e+02
5.736842105263157965e-01 3.522145694627453194e-01 5.357329223678127805e-01 1.076896446814953112e+00 1.587722474336299650e+00 1.684224981094918583e+00 1.652757281579403354e+02 2.028901478925459401e+02
6.210526315789474117e-01 3.788561180025335484e-01 5.793245496250722937e-01 1.080442412555495002e+00 1.588929527649771911e+00 1.683630890453365003e+00 1.704588030781477812e+02 2.099590272548012138e+02
6.684210526315789158e-01 4.048991996391416159e-01 6.227865528866047828e-01 1.084427366956115080e+00 1.590254969397325135e+00 1.682977331779681895e+00 1.764652202021389940e+02 2.181346813042494830e+02
7.157894736842105310e-01 4.303457992714829761e-01 6.661315438174251202e-01 1.088819657598867563e+00 1.591676583290762004e+00 1.682270985261044016e+00 1.833171558361077871e+02 2.274428752988283691e+02
7.631578947368421462e-01 4.552094255661492950e-01 7.093765365831928849e-01 1.093576254997183916e+00 1.593171317685546207e+00 1.681519077134346229e+00 1.910329113054345953e+02 2.379033037533777986e+02
8.105263157894736503e-01 4.795158192872178149e-01 7.525417139220585971e-01 1.098654991173919626e+00 1.594717605010114170e+00 1.680729504315127354e+00 1.996287341356570835e+02 2.495318774006255751e+02
8.578947368421052655e-01 5.032986068359242005e-01 7.956492347742997184e-01 1.104012909196249836e+00 1.596294921727664740e+00 1.679909711172760334e+00 2.091202854404896527e+02 2.623425332681678128e+02
9.052631578947368807e-01 5.265982377382862900e-01 8.387221685617036737e-01 1.109611033054046070e+00 1.597884773661325530e+00 1.679066563840821757e+00 2.195236364722820497e+02 2.763484469660978107e+02
9.526315789473683848e-01 5.494588711821047911e-01 8.817836313010276594e-01 1.115413137351982886e+00 1.599471190387697694e+00 1.678206290088237518e+00 2.308560013167831357e+02 2.915628896069949860e+02
1.000000000000000000e+00 5.719263440595999670e-01 9.248560585713543336e-01 1.121385621429650259e+00 1.601040623516653216e+00 1.677334324629516704e+00 2.431357791955692278e+02 3.079992763973273782e+02
