1.000000000000000056e-01 6.299266510806063313e-02 9.384684371393473001e-02 1.064847274286268686e+00 1.584628130600050255e+00 1.688257496296301063e+00 1.473379945274176066e+02 1.782601791056293621e+02
1.473684210526315930e-01 9.280892746945106075e-02 1.382930694696698215e-01 1.064145834427736803e+00 1.584006105298987777e+00 1.687606271285029047e+00 1.473275545113641556e+02 1.782748425417520082e+02
1.947368421052631526e-01 1.225683103941568319e-01 1.827206973685017444e-01 1.063992990079559497e+00 1.583782912296963108e+00 1.687254461503276293e+00 1.475882075632841293e+02 1.786556009361736130e+02
2.421052631578947401e-01 1.522104996717272563e-01 2.271103540671081389e-01 1.064248668321261970e+00 1.583790211457371644e+00 1.686988968444060211e+00 1.482030920352131034e+02 1.795251098056369869e+02
2.894736842105263275e-01 1.816496056811691406e-01 2.714357923010792262e-01 1.064929937659912618e+00 1.583998610928079254e+00 1.686727375968201992e+00 1.492963061377143106e+02 1.810566972293191554e+02
3.368421052631579427e-01 2.107803491414136088e-01 3.156659889169869948e-01 1.066100162488780922e+00 1.584414521137726073e+00 1.686425739188435857e+00 1.510035724793998497e+02 1.834373146226434130e+02
3.842105263157894468e-01 2.394889497100618769e-01 3.597684839694180181e-01 1.067838612482885585e+00 1.585051131403815594e+00 1.686057632164996711e+00 1.534578103113523468e+02 1.868488498344861739e+02
4.315789473684210620e-01 2.676592231261996635e-01 4.037133430903344089e-01 1.070191649263758871e+00 1.585917118585844277e+00 1.685605465030502348e+00 1.567796533849745799e+02 1.914558828496018634e+02
4.789473684210526772e-01 2.951900080594258013e-01 4.474770095586524388e-01 1.073195418302156590e+00 1.587009157476751753e+00 1.685061980280108118e+00 1.610720984967489073e+02 1.973987637567858542e+02
5.263157894736841813e-01 3.219988209520201483e-01 4.910451377206768719e-01 1.076845117471727287e+00 1.588313626721215455e+00 1.684426463335609414e+00 1.664186090149389656e+02 2.047913030955590727e+02
5.736842105263157965e-01 3.480321068702674214e-01 5.344140144467094400e-01 1.081115699845851985e+00 1.589805114523985985e+00 1.683703111785957995e+00 1.728846046773003593e+02 2.137227175405686523e+02
6.210526315789474117e-01 3.732647075772813627e-01 5.775904310353920934e-01 1.085961866667345843e+00 1.591452222686365436e+00 1.682901416065275768e+00 1.805211568623238065e+02 2.242623961271263795e+02
6.684210526315789158e-01 3.976969669495901138e-01 6.205903673276028654e-01 1.091322006541456391e+00 1.593219610210274251e+00 1.682033094939046292e+00 1.893695799836413300e+02 2.364657353813631744e+02
7.157894736842105310e-01 4.213500316518420941e-01 6.634369494309907411e-01 1.097124499936012132e+00 1.595070938730865029e+00 1.681110013772526113e+00 1.994658946119573386e+02 2.503797812445808972e+02
7.631578947368421462e-01 4.442632394732606849e-01 7.061582758797918524e-01 1.103302846337515852e+00 1.596972318805626845e+00 1.680145103948520013e+00 2.108449374468184487e+02 2.660482675483006574e+02
8.105263157894736503e-01 4.664867539456066803e-01 7.487852952301519149e-01 1.109792119999683857e+00 1.598894497693702066e+00 1.679149964844837584e+00 2.235431311916390769e+02 2.835150182137371075e+02
8.578947368421052655e-01 4.880771664722673431e-01 7.913500627806944188e-01 1.116531884917157047e+00 1.600811903117894008e+00 1.678134884651694136e+00 2.376004719042807665e+02 3.028262643490910477e+02
9.052631578947368807e-01 5.090939836367404103e-01 8.338843843142575984e-01 1.123467729709413332e+00 1.602703492906368377e+00 1.677108600803797644e+00 2.530616783463678985e+02 3.240318877047791943e+02
9.526315789473683848e-01 5.295983237413501854e-01 8.764188325205872765e-01 1.130554230901222201e+00 1.604552684337001711e+00 1.676078235869509214e+00 2.699767124463909909e+02 3.471858634720837813e+02
1.000000000000000000e+00 5.496533595322227184e-01 9.189820980583413013e-01 1.137758395585342086e+00 1.606346715297128247e+00 1.675050131717688240e+00 2.884010140921165544e+02 3.723463311524403707e+02
