1.000000000000000056e-01 6.290951277166133282e-02 9.382842102644937954e-02 1.070454574417035287e+00 1.585248396375441349e+00 1.687608880463810523e+00 1.501479016638785424e+02 1.817666665843687781e+02
1.473684210526315930e-01 9.266994741250297873e-02 1.382613958803970422e-01 1.069674385910134085e+00 1.584333541235517284e+00 1.686582975066365675e+00 1.502820695185681359e+02 1.819745635906029406e+02
1.947368421052631526e-01 1.223443200016633009e-01 1.826674052033525342e-01 1.069624512137757666e+00 1.584004678611578676e+00 1.686010691688094809e+00 1.508016277005523875e+02 1.827044650573504612e+02
2.421052631578947401e-01 1.518494730176833396e-01 2.270210610234579540e-01 1.070133028152147059e+00 1.584013965971109439e+00 1.685577178897448736e+00 1.518371404123059847e+02 1.841428311453660740e+02
2.894736842105263275e-01 1.810739631366628799e-01 2.712887728546668487e-01 1.071223493566054286e+00 1.584306232036871043e+00 1.685162115782389503e+00 1.535538611055198714e+02 1.865199829515671013e+02
3.368421052631579427e-01 2.098865502694083895e-01 3.154311535339548445e-01 1.072972974837663740e+00 1.584875882963828753e+00 1.684704574969308810e+00 1.561240127032859561e+02 1.900755507649461151e+02
3.842105263157894468e-01 2.381433671730320556e-01 3.594068812337429253e-01 1.075439873956755665e+00 1.585725438774841178e+00 1.684169568134637140e+00 1.597124567142187175e+02 1.950402120096661065e+02
4.315789473684210620e-01 2.657053767978267422e-01 4.031773183377013181e-01 1.078662480060208040e+00 1.586850813010308725e+00 1.683538581429217640e+00 1.644668338783327215e+02 2.016230947084895888e+02
4.789473684210526772e-01 2.924506996901780620e-01 4.467109139820619190e-01 1.082641539374065598e+00 1.588234434296855291e+00 1.682805135248822914e+00 1.705122841120675332e+02 2.100049398028113217e+02
5.263157894736841813e-01 3.182846715161631868e-01 4.899863352016473050e-01 1.087338753270213010e+00 1.589845572329744883e+00 1.681972394755767208e+00 1.779500528245704913e+02 2.203362720402248556e+02
5.736842105263157965e-01 3.431471167337507566e-01 5.329938275258718772e-01 1.092689353228551319e+00 1.591643432331053765e+00 1.681050357681771024e+00 1.868602039455723229e+02 2.327407030357319968e+02
6.210526315789474117e-01 3.670102644621791588e-01 5.757347496455790248e-01 1.098604957747449928e+00 1.593581113239467939e+00 1.680053353323343490e+00 1.973062561601200571e+02 2.473207561969504980e+02
6.684210526315789158e-01 3.898762738541955430e-01 6.182198484018355256e-01 1.104989250719114580e+00 1.595611406745479410e+00 1.678997880446676749e+00 2.093408753165256542e+02 2.641649955450055245e+02
7.157894736842105310e-01 4.117716848373140781e-01 6.604669212940350587e-01 1.111747796778925990e+00 1.597690994032227696e+00 1.677900543578224601e+00 2.230112797522848211e+02 2.833547978870657289e+02
7.631578947368421462e-01 4.327355534082125144e-01 7.024984012346686679e-01 1.118782017034745779e+00 1.599781755614085421e+00 1.676776743659148972e+00 2.383634156817063285e+02 3.049696168483516203e+02
8.105263157894736503e-01 4.528204515937915842e-01 7.443392974755453917e-01 1.126010741983912045e+00 1.601852549777712520e+00 1.675640052849935779e+00 2.554453204637972021e+02 3.290911664406298200e+02
8.578947368421052655e-01 4.720834941049499300e-01 7.860155446060324014e-01 1.133361851758851291e+00 1.603878412381625429e+00 1.674502140466644917e+00 2.743091454848736248e+02 3.558059777210168022e+02
9.052631578947368807e-01 4.905839581240308278e-01 8.275528677102143016e-01 1.140775344912743794e+00 1.605841118047458549e+00 1.673372189320847081e+00 2.950125096420439945e+02 3.852070441316534470e+02
9.526315789473683848e-01 5.083802633545076999e-01 8.689760169291494973e-01 1.148201634890476663e+00 1.607727901447994823e+00 1.672257582975270163e+00 3.176191629557580995e+02 4.173946244324637860e+02
1.000000000000000000e+00 5.255286122061256782e-01 9.103083113203074284e-01 1.155600981570892305e+00 1.609530653603434835e+00 1.671163801335899590e+00 3.421992950702060057e+02 4.524765870161223233e+02
