1.000000000000000056e-01 6.295547223101487233e-02 9.383917336886778149e-02 1.066426141185726539e+00 1.583868187758500135e+00 1.686910094781822966e+00 1.484920820654611191e+02 1.797010310193371652e+02
1.473684210526315930e-01 9.277343680851440899e-02 1.382882410297752718e-01 1.065970728178278204e+00 1.583416158269850715e+00 1.686453790973855504e+00 1.484426418624856865e+02 1.796449401546426259e+02
1.947368421052631526e-01 1.225826676263604420e-01 1.827340174999242950e-01 1.065764104646260702e+00 1.583200020715043399e+00 1.686221152047946648e+00 1.484512456594369780e+02 1.796659476991881661e+02
2.421052631578947401e-01 1.523694501389515621e-01 2.271714070213720071e-01 1.065686937523564248e+00 1.583092049050309313e+00 1.686072928055431630e+00 1.485270462196806704e+02 1.797820227290199284e+02
2.894736842105263275e-01 1.821099466679620971e-01 2.715916236949614815e-01 1.065720309081136019e+00 1.583058146667803978e+00 1.685958643226860065e+00 1.487024496383155565e+02 1.800415496948116072e+02
3.368421052631579427e-01 2.117677592502617834e-01 3.159814203515550757e-01 1.065879612120885112e+00 1.583093022952046125e+00 1.685852308150099566e+00 1.490240505620183740e+02 1.805122137182682422e+02
3.842105263157894468e-01 2.412909288766081073e-01 3.603227228680389582e-01 1.066190715225759700e+00 1.583204169941847761e+00 1.685737276033678178e+00 1.495492209768233920e+02 1.812764943973360232e+02
4.315789473684210620e-01 2.706136422984696255e-01 4.045928144298233664e-01 1.066692613594009797e+00 1.583404060815876369e+00 1.685599699233163662e+00 1.503436128286902829e+02 1.824281279794771820e+02
4.789473684210526772e-01 2.996570621815415336e-01 4.487650872763755960e-01 1.067428307542964028e+00 1.583707832216857847e+00 1.685428223548456561e+00 1.514778445466673986e+02 1.840676028685685139e+02
5.263157894736841813e-01 3.283351036278058244e-01 4.928104818713573976e-01 1.068447992937402447e+00 1.584130501966030558e+00 1.685213568366857428e+00 1.530244077101619382e+02 1.862978258928614537e+02
5.736842105263157965e-01 3.565532880033449592e-01 5.366993771910582023e-01 1.069785269522350424e+00 1.584684556178917569e+00 1.684947374134070364e+00 1.550540244226496611e+02 1.892192643696789958e+02
6.210526315789474117e-01 3.842205668992181300e-01 5.804038427531225119e-01 1.071472093842927853e+00 1.585377640237781272e+00 1.684624278320379531e+00 1.576325656358230560e+02 1.929257738552682895e+02
6.684210526315789158e-01 4.112536255159789378e-01 6.238998317987927145e-01 1.073530340357202961e+00 1.586213067507776797e+00 1.684241376810710289e+00 1.608186753255968995e+02 1.975014527143735563e+02
7.157894736842105310e-01 4.375810544181877315e-01 6.671690333671426165e-01 1.075966320143172172e+00 1.587187344193032645e+00 1.683797537863996885e+00 1.646623373864898099e+02 2.030187594440159558e+02
7.631578947368421462e-01 4.631464636117551548e-01 7.102000941327163419e-01 1.078772174751853052e+00 1.588292398945370998e+00 1.683294788514423379e+00 1.692045148604977101e+02 2.095380726881691089e+02
8.105263157894736503e-01 4.879177591184443719e-01 7.529891737971715626e-01 1.081941204092543130e+00 1.589515264635883662e+00 1.682736841821953711e+00 1.744780476711871984e+02 2.171088279020042648e+02
8.578947368421052655e-01 5.118765616865013079e-01 7.955397193809172762e-01 1.085447056884393913e+00 1.590840036194908658e+00 1.682129084375769246e+00 1.805089307111555854e+02 2.257712506464056617e+02
9.052631578947368807e-01 5.350222700586663160e-01 8.378617604344605896e-01 1.089258481698462511e+00 1.592248539065939328e+00 1.681477633848288189e+00 1.873181905717514439e+02 2.355587871333809460e+02
9.526315789473683848e-01 5.573697933930323867e-01 8.799708667740672174e-01 1.093343518816380699e+00 1.593722524878007807e+00 1.680789527900732772e+00 1.949238645953850551e+02 2.465006560982589576e+02
1.000000000000000000e+00 5.789456487279538432e-01 9.218869483223162131e-01 1.097667911979486099e+00 1.595243565129436769e+00 1.680071437783037469e+00 2.033427876274518553e+02 2.586241523210227911e+02
