1.000000000000000056e-01 6.298376720984209809e-02 9.384514471913613098e-02 1.064711166781662888e+00 1.584062791261001912e+00 1.687578979470476082e+00 1.475075671228592853e+02 1.784753780427534480e+02
1.473684210526315930e-01 9.280869414820053231e-02 1.382950145436617206e-01 1.064234969268502473e+00 1.583608885009918810e+00 1.687110793106242346e+00 1.474825444953462465e+02 1.784562951333010687e+02
1.947368421052631526e-01 1.226110912315171303e-01 1.827373228319547072e-01 1.064079609769130075e+00 1.583416029800374103e+00 1.686865035911352395e+00 1.475764435282846705e+02 1.785964252137820836e+02
2.421052631578947401e-01 1.523642545409785443e-01 2.271637315382057098e-01 1.064120194859759616e+00 1.583357189570140822e+00 1.686694940913977092e+00 1.478181635045170026e+02 1.789405067349015326e+02
2.894736842105263275e-01 1.820319762410164688e-01 2.715623585284826502e-01 1.064361650346274057e+00 1.583402899187210444e+00 1.686546336747459796e+00 1.482607433201792446e+02 1.795632748122047815e+02
3.368421052631579427e-01 2.115646100298442245e-01 3.159180976292962906e-01 1.064826660388333179e+00 1.583550934417121470e+00 1.686390837814446098e+00 1.489667724485361191e+02 1.805513199486191525e+02
3.842105263157894468e-01 2.409026370336992129e-01 3.602134201178627260e-01 1.065551157557302897e+00 1.583808601066540200e+00 1.686210199223852513e+00 1.500025295681629416e+02 1.819954573484259299e+02
4.315789473684210620e-01 2.699808281263288423e-01 4.044295382939034345e-01 1.066577665584854895e+00 1.584186321842550038e+00 1.685992078036908204e+00 1.514338081496183293e+02 1.839852788285454039e+02
4.789473684210526772e-01 2.987307607637380569e-01 4.485478430254083992e-01 1.067943921452639833e+00 1.584692188507575095e+00 1.685726671101139162e+00 1.533230644323449781e+02 1.866053865869457411e+02
5.263157894736841813e-01 3.270837172819467953e-01 4.925514153731456179e-01 1.069673354265861631e+00 1.585332306691563886e+00 1.685408393085717327e+00 1.557270611074937108e+02 1.899323532969148687e+02
5.736842105263157965e-01 3.549793029811488809e-01 5.364264413406669707e-01 1.071788452101921196e+00 1.586106909550472066e+00 1.685033043628695548e+00 1.586955480837822279e+02 1.940330173208823510e+02
6.210526315789474117e-01 3.823646656333912763e-01 5.801633220213235909e-01 1.074294694763233471e+00 1.587012438527762193e+00 1.684599749892066844e+00 1.622707477329456651e+02 1.989638494531151878e+02
6.684210526315789158e-01 4.091991887976311193e-01 6.237573471991485485e-01 1.077188241161673776e+00 1.588040958433410532e+00 1.684109778446341243e+00 1.664874774636248276e+02 2.047711648614734656e+02
7.157894736842105310e-01 4.354574213712060771e-01 6.672089242399251718e-01 1.080460125302394214e+00 1.589180228771571501e+00 1.683565895015676439e+00 1.713740412137628368e+02 2.114922809954226182e+02
7.631578947368421462e-01 4.611238883480997530e-01 7.105234038861045764e-01 1.084084975795952310e+00 1.590415540166289166e+00 1.682972381684959107e+00 1.769535304183661708e+02 2.191571653549555379e+02
8.105263157894736503e-01 4.861984267759598133e-01 7.537104935290459551e-01 1.088039428139293330e+00 1.591731303939831532e+00 1.682334677724766969e+00 1.832450442715267229e+02 2.277900493683513332e+02
8.578947368421052655e-01 5.106907122143808930e-01 7.967835421827382802e-01 1.092293420673131621e+00 1.593110353501225429e+00 1.681658604001420754e+00 1.902651440809007397e+02 2.374112313311512708e+02
9.052631578947368807e-01 5.346194889519615412e-01 8.397587080054608188e-01 1.096815481739787046e+00 1.594536310160556303e+00 1.680950139500195117e+00 1.980291028815939569e+02 2.480386306799961176e+02
9.526315789473683848e-01 5.580102653255215595e-01 8.826541093321020881e-01 1.101573004475022488e+00 1.595993093986363354e+00 1.680214840476110583e+00 2.065518829557368576e+02 2.596889999920707055e+02
1.000000000000000000e+00 5.808937498270375643e-01 9.254890511379972873e-01 1.106535194830740032e+00 1.597466938757738708e+00 1.679458313720305407e+00 2.158488915213511632e+02 2.723788360731086868e+02
