1.000000000000000056e-01 6.292659060246004465e-02 9.383222823239920074e-02 1.069937062299889163e+00 1.585730306877089824e+00 1.688346007768077639e+00 1.496559794866766993e+02 1.811490809308238283e+02
1.473684210526315930e-01 9.270090905385919289e-02 1.382684155175903928e-01 1.068964793084226761e+00 1.584661746853890163e+00 1.687189852759602982e+00 1.497152607529453121e+02 1.812603349287031449e+02
1.947368421052631526e-01 1.223970566239550167e-01 1.826792999541517470e-01 1.068763284507097122e+00 1.584239864707082557e+00 1.686561969596397370e+00 1.501318368666665890e+02 1.818564156082759951e+02
2.421052631578947401e-01 1.519341206691614266e-01 2.270391929201582837e-01 1.069122078402165332e+00 1.584175517589674786e+00 1.686105534467408074e+00 1.510295234084850051e+02 1.831169713149030542e+02
2.894736842105263275e-01 1.811993417352267821e-01 2.713133426671822668e-01 1.070052506925662783e+00 1.584402542188591445e+00 1.685685740859274473e+00 1.525766603311985250e+02 1.852777262000324185e+02
3.368421052631579427e-01 2.100557621639085881e-01 3.154605983972400551e-01 1.071624202823157734e+00 1.584913304188349858e+00 1.685233103466279747e+00 1.549529617671436483e+02 1.885888272418962686e+02
3.842105263157894468e-01 2.383564380518574388e-01 3.594378259887333615e-01 1.073916833197853915e+00 1.585712625264187325e+00 1.684708848962177097e+00 1.583318410637425586e+02 1.932921377172398536e+02
4.315789473684210620e-01 2.659560088026726721e-01 4.032052731667394307e-01 1.076972291551906435e+00 1.586798432683016014e+00 1.684090719609649955e+00 1.628686165612360242e+02 1.996059957268616643e+02
4.789473684210526772e-01 2.927305205632704244e-01 4.467316346422418594e-01 1.080803125806826914e+00 1.588154452462484212e+00 1.683370481854962408e+00 1.686937687643563777e+02 2.077164992835927251e+02
5.263157894736841813e-01 3.185854369110425188e-01 4.899975953091801895e-01 1.085375898738287770e+00 1.589750042861793888e+00 1.682549663570093168e+00 1.759115431386051682e+02 2.177756660654587506e+02
5.736842105263157965e-01 3.434626618665950759e-01 5.329971590737568876e-01 1.090625273811575813e+00 1.591543516848669571e+00 1.681638000112713360e+00 1.846029325449234761e+02 2.299052331142908372e+02
6.210526315789474117e-01 3.673424832714033417e-01 5.757369607701084968e-01 1.096469968224303759e+00 1.593486927469948577e+00 1.680649601214041944e+00 1.948317065420442020e+02 2.442042172741444972e+02
6.684210526315789158e-01 3.902347669758903237e-01 6.182340499623767416e-01 1.102812381531166119e+00 1.595531594841735235e+00 1.679600792860868497e+00 2.066510621160695962e+02 2.607573679965789779e+02
7.157894736842105310e-01 4.121730842440833320e-01 6.605130912396071086e-01 1.109553371545871858e+00 1.597632233987754891e+00 1.678508344906856076e+00 2.201099258487945747e+02 2.796430794013178911e+02
7.631578947368421462e-01 4.332069438560623431e-01 7.026035702113343495e-01 1.116598473986258666e+00 1.599748988986831266e+00 1.677387768661701140e+00 2.352578992147071517e+02 3.009395836076620867e+02
8.105263157894736503e-01 4.533998027619989823e-01 7.445374440283086814e-01 1.123871834297302197e+00 1.601849512391051000e+00 1.676252755016919060e+00 2.521491225468678294e+02 3.247297120482724040e+02
8.578947368421052655e-01 4.728145734646230225e-01 7.863473135357460508e-01 1.131296949227971194e+00 1.603908055446831238e+00 1.675114537093977951e+00 2.708442046508365024e+02 3.511032125776325188e+02
9.052631578947368807e-01 4.915176248678588267e-01 8.280651511251504449e-01 1.138814799580303294e+00 1.605906452853966604e+00 1.673982571637182337e+00 2.914118768614678743e+02 3.801586739109944233e+02
9.526315789473683848e-01 5.095737619756007808e-01 8.697214774219006461e-01 1.146376992762576208e+00 1.607830541093907328e+00 1.672863918858028320e+00 3.139295922993585464e+02 4.120040783912140796e+02
1.000000000000000000e+00 5.270447985408561742e-01 9.113448835092359257e-01 1.153944723599901412e+00 1.609671130182636078e+00 1.671764061478518748e+00 3.384837989718599260e+02 4.467569027859748871e+02
