1.000000000000000056e-01 6.260857266397341914e-02 9.380912006353160637e-02 1.077417906694921879e+00 1.587542453117492425e+00 1.686966691084302639e+00 1.576873137671447864e+02 1.911142463049843911e+02
1.473684210526315930e-01 9.195394426277478384e-02 1.382141071256485498e-01 1.081004792057460584e+00 1.587505624927441961e+00 1.684977596129047406e+00 1.627652561641656632e+02 1.974588909305349205e+02
1.947368421052631526e-01 1.210443168092894262e-01 1.825890092596516578e-01 1.085539042011726796e+00 1.588099129098177187e+00 1.683466534161395911e+00 1.686370638152743027e+02 2.048156333037887862e+02
2.421052631578947401e-01 1.498418948557018737e-01 2.269259154137407697e-01 1.090641543290117310e+00 1.588980391180566221e+00 1.682118001064906387e+00 1.752771173554059203e+02 2.131604915827803666e+02
2.894736842105263275e-01 1.783105059583642016e-01 2.712168243209818197e-01 1.096159247308864604e+00 1.590025280462187940e+00 1.680830554010790845e+00 1.827011262112672227e+02 2.225202607168608040e+02
3.368421052631579427e-01 2.064150684016054782e-01 3.154537737752022286e-01 1.102001549667431135e+00 1.591173341304753075e+00 1.679564455408675716e+00 1.909398426416914560e+02 2.329408108460389997e+02
3.842105263157894468e-01 2.341242996668665699e-01 3.596289339993157808e-01 1.108111720034868908e+00 1.592388679741949087e+00 1.678303418834256711e+00 2.000308860559919992e+02 2.444772841522028841e+02
4.315789473684210620e-01 2.614075956016901903e-01 4.037347426794256067e-01 1.114435303832658208e+00 1.593646506019952502e+00 1.677041157434982610e+00 2.100162725786035196e+02 2.571910586457897239e+02
4.789473684210526772e-01 2.882401270318105668e-01 4.477639082520778468e-01 1.120935693471486250e+00 1.594927926269854801e+00 1.675776544486341502e+00 2.209399427543087597e+02 2.711469264481960977e+02
5.263157894736841813e-01 3.145969682825994207e-01 4.917095123188513495e-01 1.127568516938912468e+00 1.596218447475113766e+00 1.674511159167521468e+00 2.328479987756633705e+02 2.864133106211385780e+02
5.736842105263157965e-01 3.404587042812596831e-01 5.355649641179203169e-01 1.134300572434573162e+00 1.597505756375429797e+00 1.673247569743699925e+00 2.457869999706634587e+02 3.030603479658366268e+02
6.210526315789474117e-01 3.658063673428885720e-01 5.793240379167838849e-01 1.141093919526799061e+00 1.598779739544148981e+00 1.671989188256839620e+00 2.598045653256442051e+02 3.211605920109106478e+02
6.684210526315789158e-01 3.906274417218629780e-01 6.229807604220178874e-01 1.147922515759719930e+00 1.600031964876038160e+00 1.670739593303073089e+00 2.749478083235300687e+02 3.407872825342498686e+02
7.157894736842105310e-01 4.149080648400909621e-01 6.665294781271648983e-01 1.154752674903503973e+00 1.601255755123675018e+00 1.669502440860271664e+00 2.912645075476269767e+02 3.620156428989224082e+02
7.631578947368421462e-01 4.386396214310957498e-01 7.099646980325252654e-01 1.161559878786160960e+00 1.602445290396502964e+00 1.668281179136860137e+00 3.088014659758653693e+02 3.849210766142062994e+02
8.105263157894736503e-01 4.618158397834600248e-01 7.532810587127776181e-01 1.168321732520366307e+00 1.603596378978984438e+00 1.667078842815660211e+00 3.276047102562390592e+02 4.095793890055452380e+02
8.578947368421052655e-01 4.844318081601249881e-01 7.964732847434825569e-01 1.175016782055550824e+00 1.604705983625621224e+00 1.665898239104687262e+00 3.477193343494541296e+02 4.360665899468879161e+02
9.052631578947368807e-01 5.064843639262394115e-01 8.395361213925833788e-01 1.181625876134865916e+00 1.605771846852177998e+00 1.664741804540199377e+00 3.691890694332261091e+02 4.644583755902769440e+02
9.526315789473683848e-01 5.279713390406318707e-01 8.824642805800273493e-01 1.188131269054504280e+00 1.606792511477502794e+00 1.663611587967068317e+00 3.920560647588047800e+02 4.948298391624300052e+02
1.000000000000000000e+00 5.488944754478695121e-01 9.252523116197889363e-01 1.194521405918381518e+00 1.607767007974754803e+00 1.662509418207699818e+00 4.163596077630585341e+02 5.272539592090259930e+02
