1.000000000000000056e-01 6.298951590235510323e-02 9.384629749855497027e-02 1.064239564570149010e+00 1.584056368561726602e+00 1.687680972984994421e+00 1.472784275768228213e+02 1.781917997725940950e+02
1.473684210526315930e-01 9.280834787880312686e-02 1.382948519409273325e-01 1.063809381341456195e+00 1.583642068096777100e+00 1.687224901397779586e+00 1.473226945712848988e+02 1.782644718193530764e+02
1.947368421052631526e-01 1.225950009261758816e-01 1.827345095777979656e-01 1.063759967608622459e+00 1.583495703427503454e+00 1.686974847334256955e+00 1.475393499044498640e+02 1.785623875747132843e+02
2.421052631578947401e-01 1.523243449303031127e-01 2.271584221136467019e-01 1.063951655692475518e+00 1.583489228163323492e+00 1.686790169475688383e+00 1.479420235168865645e+02 1.791084705483745836e+02
2.894736842105263275e-01 1.819658512500733349e-01 2.715576122300403794e-01 1.064372543989710929e+00 1.583588077810665462e+00 1.686620753271131257e+00 1.485646728097203493e+02 1.799505448321040433e+02
3.368421052631579427e-01 2.114804789816696617e-01 3.159209815582780800e-01 1.065027145511302287e+00 1.583783310699903968e+00 1.686441539123529454e+00 1.494477189371036445e+02 1.811446740470468626e+02
3.842105263157894468e-01 2.408219372086182197e-01 3.602354375601551917e-01 1.065931282425972570e+00 1.584076554963175454e+00 1.686238875150038563e+00 1.506342210951364109e+02 1.827505472769786365e+02
4.315789473684210620e-01 2.699396084436769261e-01 4.044861338494060710e-01 1.067109360667242601e+00 1.584470898691669571e+00 1.686002330871796406e+00 1.521679475510813120e+02 1.848291615693151471e+02
4.789473684210526772e-01 2.987780970728694530e-01 4.486568484344145014e-01 1.068582315867080190e+00 1.584970912601433746e+00 1.685725486806798346e+00 1.540924671734896663e+02 1.874417121289446015e+02
5.263157894736841813e-01 3.272772515917835023e-01 4.927304701241473905e-01 1.070360496653361970e+00 1.585579056494119232e+00 1.685403150767671443e+00 1.564501003602199205e+02 1.906483163549357585e+02
5.736842105263157965e-01 3.553782255391424449e-01 5.366896039965154408e-01 1.072457003360739014e+00 1.586296525337147711e+00 1.685032531636377451e+00 1.592813047667354738e+02 1.945072206038192633e+02
6.210526315789474117e-01 3.830225553758096479e-01 5.805171874816621447e-01 1.074875548374122136e+00 1.587121814521422536e+00 1.684612183642096861e+00 1.626239833056669113e+02 1.990739478677382692e+02
6.684210526315789158e-01 4.101544420099668686e-01 6.241970920219852559e-01 1.077611578496463718e+00 1.588050263410432761e+00 1.684141877949260735e+00 1.665129577146408622e+02 2.044006353652150096e+02
7.157894736842105310e-01 4.367246624875351646e-01 6.677146596196892325e-01 1.080657919238838138e+00 1.589075163655406353e+00 1.683623118247030925e+00 1.709796824184608965e+02 2.105356527294479179e+02
7.631578947368421462e-01 4.626906871541560662e-01 7.110571430471434029e-01 1.084001082684195483e+00 1.590187883806602809e+00 1.683058675207933730e+00 1.760522358490466388e+02 2.175235380609928484e+02
8.105263157894736503e-01 4.880159417728306970e-01 7.542139176625162200e-01 1.087618410960535353e+00 1.591377533908417963e+00 1.682452017304769898e+00 1.817551404709222993e+02 2.254047946277217136e+02
8.578947368421052655e-01 5.126722761243059923e-01 7.971766171977237025e-01 1.091484175943210122e+00 1.592631803513282929e+00 1.681807378673895847e+00 1.881096853480011362e+02 2.342162249297776668e+02
9.052631578947368807e-01 5.366404805652099652e-01 8.399390865561753294e-01 1.095571489703237145e+00 1.593937761155135302e+00 1.681129628441867974e+00 1.951341773945210036e+02 2.439912126052848009e+02
9.526315789473683848e-01 5.599091576530808023e-01 8.824972145084314379e-01 1.099851764946151444e+00 1.595282501896607918e+00 1.680424043522497524e+00 2.028442676395928004e+02 2.547600947726113816e+02
1.000000000000000000e+00 5.824725069996216087e-01 9.248486775512635427e-01 1.104293002086343289e+00 1.596653515719561600e+00 1.679695793817718164e+00 2.112532581414494928e+02 2.665505101943386421e+02
