1.000000000000000056e-01 6.293023514642699656e-02 9.383255291845284118e-02 1.071274151524860052e+00 1.587604822479806943e+00 1.690332511580355357e+00 1.496643776034451037e+02 1.811575185707239370e+02
1.473684210526315930e-01 9.268309930960950960e-02 1.382633231185928513e-01 1.069823970333836582e+00 1.585977282721763748e+00 1.688540542696941094e+00 1.498294203809796841e+02 1.814195508980201623e+02
1.947368421052631526e-01 1.223262774174565803e-01 1.826617450076080673e-01 1.069589507142046703e+00 1.585343555905377899e+00 1.687565627762354081e+00 1.505346065784638085e+02 1.823998875727950519e+02
2.421052631578947401e-01 1.517673607674660807e-01 2.270008275667871611e-01 1.070167651493147742e+00 1.585228973913740624e+00 1.686866377000679318e+00 1.518872167246152571e+02 1.842571303781425911e+02
2.894736842105263275e-01 1.808890120147294833e-01 2.712463644883130742e-01 1.071503165253055556e+00 1.585499479243782428e+00 1.686247113166401856e+00 1.540438521567838279e+02 1.872107968243583684e+02
3.368421052631579427e-01 2.095563792584354545e-01 3.153594655641211442e-01 1.073620032023350879e+00 1.586110035888108838e+00 1.685616412639160844e+00 1.571687067258534682e+02 1.914905918315601525e+02
3.842105263157894468e-01 2.376269960055741592e-01 3.593002298481730028e-01 1.076540281491340512e+00 1.587038114358832352e+00 1.684926500122397419e+00 1.614176480788808021e+02 1.973166972615762234e+02
4.315789473684210620e-01 2.649676955309041571e-01 4.030318913639257539e-01 1.080273044246263137e+00 1.588261015693465783e+00 1.684153533521190127e+00 1.669295658721852362e+02 2.048888960834511010e+02
4.789473684210526772e-01 2.914629415458999118e-01 4.465244894735079795e-01 1.084786598939435409e+00 1.589746658825587300e+00 1.683289318071257146e+00 1.738222426502709652e+02 2.143813373891688627e+02
5.263157894736841813e-01 3.170249822199550649e-01 4.897573049321668481e-01 1.090017670887724721e+00 1.591453034648836251e+00 1.682337069678549790e+00 1.821919688063748310e+02 2.259419466444163618e+02
5.736842105263157965e-01 3.415990553252839512e-01 5.327197040029169051e-01 1.095882199577171479e+00 1.593331636782645333e+00 1.681307017740988785e+00 1.921162623222431876e+02 2.396956922785252289e+02
6.210526315789474117e-01 3.651591925190295074e-01 5.754104819953068661e-01 1.102274617532931211e+00 1.595331749027313339e+00 1.680213654924135103e+00 2.036580300176287608e+02 2.557497101850439094e+02
6.684210526315789158e-01 3.877067566455252301e-01 6.178362076877454978e-01 1.109086992889457557e+00 1.597404915772929090e+00 1.679073345813660190e+00 2.168702274120440165e+02 2.741990694402935560e+02
7.157894736842105310e-01 4.092658561653814142e-01 6.600091600322547380e-01 1.116219075470270994e+00 1.599507561032757375e+00 1.677902165328565953e+00 2.318001889305113821e+02 2.951321190872582179e+02
7.631578947368421462e-01 4.298705320142668929e-01 7.019452698872968854e-01 1.123567422324856180e+00 1.601603332473850339e+00 1.676715041974316422e+00 2.484929216172320139e+02 3.186345895902916823e+02
8.105263157894736503e-01 4.495694036479307432e-01 7.436623914252844525e-01 1.131052395377112774e+00 1.603660990194779812e+00 1.675525332022401725e+00 2.669935093236981629e+02 3.447925618619450461e+02
8.578947368421052655e-01 4.684106436023552367e-01 7.851789454057191975e-01 1.138595221811508296e+00 1.605659566180327680e+00 1.674343345927606475e+00 2.873484415694053382e+02 3.736941425874370566e+02
9.052631578947368807e-01 4.864536983409542548e-01 8.265130556887028135e-01 1.146148662154273357e+00 1.607583159424045727e+00 1.673177841904909924e+00 3.096069765189313898e+02 4.054310954593987049e+02
9.526315789473683848e-01 5.037449817668012697e-01 8.676818403046402395e-01 1.153652043177882502e+00 1.609420792384557819e+00 1.672035475746636912e+00 3.338205581553307297e+02 4.400982249378491815e+02
1.000000000000000000e+00 5.203363955065999358e-01 9.087011819254396938e-01 1.161069578521833012e+00 1.611166043504460799e+00 1.670921351687690182e+00 3.600436639518709967e+02 4.777943288722143507e+02
