1.000000000000000056e-01 6.296878266486873044e-02 9.384192649961213550e-02 1.064539039506169349e+00 1.583785357624235779e+00 1.687215832077137989e+00 1.476673994582773162e+02 1.786885758709153436e+02
1.473684210526315930e-01 9.275738778274579543e-02 1.382843534855257017e-01 1.064473723039800923e+00 1.583534099715167454e+00 1.686817084421738722e+00 1.479715225067715494e+02 1.790934166420290410e+02
1.947368421052631526e-01 1.224885709112125409e-01 1.827134103785360009e-01 1.064792308720459157e+00 1.583523197784589165e+00 1.686560445332387026e+00 1.485318809364418655e+02 1.798319503626354674e+02
2.421052631578947401e-01 1.521326018830146398e-01 2.271217248965650692e-01 1.065416348853557515e+00 1.583655842253756330e+00 1.686336358022271886e+00 1.493700288139560541e+02 1.809353246410424561e+02
2.894736842105263275e-01 1.816547222199994815e-01 2.715007500063986723e-01 1.066332006849187941e+00 1.583904110659634545e+00 1.686105422114003272e+00 1.505167719388067553e+02 1.824457741162198658e+02
3.368421052631579427e-01 2.110159919513835414e-01 3.158409538376311665e-01 1.067540518203089706e+00 1.584258875485687446e+00 1.685849174786105520e+00 1.520042803710250041e+02 1.844072648042443348e+02
3.842105263157894468e-01 2.401752845275884063e-01 3.601320754281857051e-01 1.069050737763876713e+00 1.584716806979816761e+00 1.685557459660725232e+00 1.538643318945916008e+02 1.868634129485566291e+02
4.315789473684210620e-01 2.690896986622116072e-01 4.043633986509417855e-01 1.070869780936422044e+00 1.585276312120395215e+00 1.685224784447900470e+00 1.561274883435501692e+02 1.898565475031723793e+02
4.789473684210526772e-01 2.977152152975973687e-01 4.485241031191411487e-01 1.072998469415398226e+00 1.585934947443410348e+00 1.684847616894841638e+00 1.588230856504609108e+02 1.934276688323643612e+02
5.263157894736841813e-01 3.260087298127843369e-01 4.926035652696839073e-01 1.075435041538384207e+00 1.586689235430724709e+00 1.684424527430415264e+00 1.619787705162471809e+02 1.976159414862339645e+02
5.736842105263157965e-01 3.539312317987745593e-01 5.365916793120381056e-01 1.078180042034297736e+00 1.587534180171604303e+00 1.683955506106695532e+00 1.656204683244108367e+02 2.024586483994050639e+02
6.210526315789474117e-01 3.814430433384344843e-01 5.804791717066719592e-01 1.081218109120622550e+00 1.588463627100365372e+00 1.683441912540979635e+00 1.697725163545160569e+02 2.079913171877155662e+02
6.684210526315789158e-01 4.085112738389485298e-01 6.242577543963130360e-01 1.084538614889698938e+00 1.589469478697234317e+00 1.682885585354072955e+00 1.744573566280978127e+02 2.142474258172587440e+02
7.157894736842105310e-01 4.351064493659313470e-01 6.679203416024542816e-01 1.088124351675569201e+00 1.590542956313397926e+00 1.682289497552318380e+00 1.796958768659717691e+02 2.212587480640100353e+02
7.631578947368421462e-01 4.612013179689790077e-01 7.114611148432727905e-01 1.091949367531817705e+00 1.591674383121252978e+00 1.681657094741564995e+00 1.855074693619340280e+02 2.290554467284580369e+02
8.105263157894736503e-01 4.867783642750040940e-01 7.548755305310445030e-01 1.095996610096678259e+00 1.592853589719742891e+00 1.680992198703768148e+00 1.919101185104308627e+02 2.376661836365609304e+02
8.578947368421052655e-01 5.118199022979432744e-01 7.981602824876586899e-01 1.100236648465644729e+00 1.594070485744401688e+00 1.680299078813645375e+00 1.989206420629268735e+02 2.471184027372806042e+02
9.052631578947368807e-01 5.363165447056357227e-01 8.413131943424796422e-01 1.104647031276349001e+00 1.595314966401295775e+00 1.679581923357554407e+00 2.065548275732138848e+02 2.574385045782976817e+02
9.526315789473683848e-01 5.602625199591320104e-01 8.843330918676424179e-01 1.109203552132086656e+00 1.596577402782179522e+00 1.678844966595814725e+00 2.148276063584092128e+02 2.686520527019993665e+02
1.000000000000000000e+00 5.836553215125760419e-01 9.272196581008183003e-01 1.113881341955732074e+00 1.597848827485027989e+00 1.678092348953664992e+00 2.237532190309021587e+02 2.807839672173988106e+02
