1.000000000000000056e-01 6.287627080539343050e-02 9.382404262474652867e-02 1.068892700707499310e+00 1.584626423819910590e+00 1.686966858086083487e+00 1.501780762484642935e+02 1.818388770478788388e+02
1.473684210526315930e-01 9.254320045200443989e-02 1.382449508695820506e-01 1.069435296318335116e+00 1.584328080190103405e+00 1.686126032462886837e+00 1.514162003998900730e+02 1.834370046563971357e+02
1.947368421052631526e-01 1.220728692948342270e-01 1.826396718681033149e-01 1.070765499698770995e+00 1.584484853209354061e+00 1.685527520585051064e+00 1.532459828574609446e+02 1.857947847672660373e+02
2.421052631578947401e-01 1.514190260902509022e-01 2.269992440454694504e-01 1.072687049750631560e+00 1.584901938195603543e+00 1.684980818973925265e+00 1.556630740909476174e+02 1.889104119139363149e+02
2.894736842105263275e-01 1.805373034141260213e-01 2.713150336857527711e-01 1.075126287694001759e+00 1.585508178329917417e+00 1.684423448009034097e+00 1.586781516589149135e+02 1.928002216210860240e+02
3.368421052631579427e-01 2.093853793011653253e-01 3.155790535420230358e-01 1.078035587012231122e+00 1.586266831762757068e+00 1.683831087775574664e+00 1.623054967745110275e+02 1.974849488104264594e+02
3.842105263157894468e-01 2.379251811791025517e-01 3.597841974145870592e-01 1.081378926218053760e+00 1.587152820022723843e+00 1.683194293877657399e+00 1.665599943225816162e+02 2.029861666950588699e+02
4.315789473684210620e-01 2.661228029376002668e-01 4.039244408678613341e-01 1.085120031518197248e+00 1.588145657028943170e+00 1.682510593496745921e+00 1.714564691643454069e+02 2.093254560166800218e+02
4.789473684210526772e-01 2.939473010716549539e-01 4.479949406786853938e-01 1.089215489788870617e+00 1.589226969863677175e+00 1.681781262471246263e+00 1.770094436388972383e+02 2.165241304246552829e+02
5.263157894736841813e-01 3.213765384070029762e-01 4.919920561534593118e-01 1.093635206937332516e+00 1.590379693579555331e+00 1.681009765994784910e+00 1.832329988742844193e+02 2.246030802905263783e+02
5.736842105263157965e-01 3.483899682909861184e-01 5.359133428003290955e-01 1.098336132363738171e+00 1.591587632127717589e+00 1.680200494543103051e+00 1.901412037971099380e+02 2.335832545968743261e+02
6.210526315789474117e-01 3.749737139213148440e-01 5.797574317912440600e-01 1.103281991671011930e+00 1.592835768205285829e+00 1.679358570963103370e+00 1.977479547549927190e+02 2.434855113244067013e+02
6.684210526315789158e-01 4.011199288913588346e-01 6.235239067739601904e-01 1.108440856286432075e+00 1.594110252211357048e+00 1.678489310429446268e+00 2.060671620523379488e+02 2.543308384924039558e+02
7.157894736842105310e-01 4.268211510077565274e-01 6.672131863703341104e-01 1.113772844000854745e+00 1.595398614980621854e+00 1.677598006333257397e+00 2.151131423826815876e+02 2.661408012015289160e+02
7.631578947368421462e-01 4.520753197359318465e-01 7.108263348542558369e-01 1.119245423848153953e+00 1.596689844889569887e+00 1.676689839401886317e+00 2.249003975537244457e+02 2.789373156034890826e+02
8.105263157894736503e-01 4.768842041543991384e-01 7.543649195970569821e-01 1.124829878653190951e+00 1.597974182882273331e+00 1.675769496300983485e+00 2.354437462859214349e+02 2.927428007479861094e+02
8.578947368421052655e-01 5.012510765112883071e-01 7.978308774279668780e-01 1.130497827277721745e+00 1.599243386789610311e+00 1.674841391632964083e+00 2.467584966619767783e+02 3.075803871084829666e+02
9.052631578947368807e-01 5.251814613357153050e-01 8.412263865186789813e-01 1.136224006252869456e+00 1.600490540046667354e+00 1.673909501665725497e+00 2.588603956424124135e+02 3.234738626930766827e+02
9.526315789473683848e-01 5.486823510993774633e-01 8.845537611694556102e-01 1.141985544685747200e+00 1.601709717414068868e+00 1.672977458501013537e+00 2.717656556105897039e+02 3.404477089599246256e+02
1.000000000000000000e+00 5.717616184987184269e-01 9.278153642505680976e-01 1.147761609536789962e+00 1.602896406861935574e+00 1.672048377426103682e+00 2.854909673289213288e+02 3.585271216200872004e+02
