1.000000000000000056e-01 6.293934332720856062e-02 9.383780342284378517e-02 1.065326379626538422e+00 1.584547563971498763e+00 1.687794248627368043e+00 1.482035852147071466e+02 1.793685612049742986e+02
1.473684210526315930e-01 9.265026562325254234e-02 1.382677618833213218e-01 1.065706933164242365e+00 1.584308327802697702e+00 1.687099786319776085e+00 1.492257875685889417e+02 1.806916304655714782e+02
1.947368421052631526e-01 1.222371399282180388e-01 1.826728227537143812e-01 1.066836831501832172e+00 1.584468218505424186e+00 1.686601593041829661e+00 1.507851962361795302e+02 1.827066157408064839e+02
2.421052631578947401e-01 1.516504109608986239e-01 2.270419110575452870e-01 1.068524218649183011e+00 1.584863332504633737e+00 1.686136540232503034e+00 1.528854967076723881e+02 1.854252937321072636e+02
2.894736842105263275e-01 1.808367389763059496e-01 2.713625495686485811e-01 1.070709992087842455e+00 1.585439650634713482e+00 1.685649871175166847e+00 1.555563410855569089e+02 1.888916882293824528e+02
3.368421052631579427e-01 2.097407582575485652e-01 3.156211257341474674e-01 1.073372985216738629e+00 1.586173062587133531e+00 1.685119049361791799e+00 1.588359230014831951e+02 1.931610786057520954e+02
3.842105263157894468e-01 2.383047431047891906e-01 3.598032506526532837e-01 1.076493448536332664e+00 1.587048187326498105e+00 1.684533798906633795e+00 1.627659254051299911e+02 1.982939285173581823e+02
4.315789473684210620e-01 2.664712029955564887e-01 4.038941965049747673e-01 1.080052094942759666e+00 1.588052484591497615e+00 1.683890624256738633e+00 1.673894299140662270e+02 2.043533578556924226e+02
4.789473684210526772e-01 2.941838564058578132e-01 4.478792938080174424e-01 1.084023236849448235e+00 1.589172675429339376e+00 1.683189300648811004e+00 1.727494864537662522e+02 2.114034998064533681e+02
5.263157894736841813e-01 3.213909738204991928e-01 4.917443622437952522e-01 1.088380745440590491e+00 1.590394783523582989e+00 1.682432472607986007e+00 1.788884565975690464e+02 2.195086860859880176e+02
5.736842105263157965e-01 3.480451115516803307e-01 5.354760609292310569e-01 1.093091147937984342e+00 1.591703519372780429e+00 1.681624366564718143e+00 1.858474940858477282e+02 2.287328275162581122e+02
6.210526315789474117e-01 3.741028775682028185e-01 5.790621166960440158e-01 1.098112197265771250e+00 1.593083020675114092e+00 1.680770797125622495e+00 1.936660374651996790e+02 2.391388356143083911e+02
6.684210526315789158e-01 3.995302403967825877e-01 6.224914914450927483e-01 1.103406747044446412e+00 1.594516711824234934e+00 1.679878031428754914e+00 2.023816592379851329e+02 2.507884086268915098e+02
7.157894736842105310e-01 4.242984770036970499e-01 6.657544011896521230e-01 1.108931467986550734e+00 1.595988359192557882e+00 1.678953031570759702e+00 2.120297832951406747e+02 2.637416981843837220e+02
7.631578947368421462e-01 4.483850389096029065e-01 7.088422748846173738e-01 1.114641310460044332e+00 1.597482321830991925e+00 1.678002833322061349e+00 2.226436317747884175e+02 2.780572012196792571e+02
8.105263157894736503e-01 4.717737993174605515e-01 7.517476120934336592e-01 1.120492353724679813e+00 1.598984056440443613e+00 1.677034412707978372e+00 2.342540225869924484e+02 2.937914828748006926e+02
8.578947368421052655e-01 4.944589413319810944e-01 7.944637856396995490e-01 1.126451191856730594e+00 1.600480564905049530e+00 1.676054677620307798e+00 2.468891487519781549e+02 3.109988575926233239e+02
9.052631578947368807e-01 5.164325340204155568e-01 8.369848755800696205e-01 1.132471621065308298e+00 1.601960403952250367e+00 1.675069848455100097e+00 2.605748519576882813e+02 3.297315982184503014e+02
9.526315789473683848e-01 5.376955638747425992e-01 8.793054029182574283e-01 1.138519601586479357e+00 1.603413811559375013e+00 1.674085592408002698e+00 2.753339829529199392e+02 3.500390783950499554e+02
1.000000000000000000e+00 5.582520257344533166e-01 9.214201375464998733e-01 1.144562726246930451e+00 1.604831671555041028e+00 1.673107103201792567e+00 2.911863677054744244e+02 3.719675578415844939e+02
