1.000000000000000056e-01 6.298856033471955662e-02 9.384607958130804228e-02 1.064281818282811765e+00 1.583989843335275705e+00 1.687592656044908379e+00 1.473147955013028820e+02 1.782367614308139707e+02
1.473684210526315930e-01 9.281077053684029521e-02 1.382949519214414225e-01 1.063853062992436982e+00 1.583581682851146866e+00 1.687157596613324539e+00 1.473249411549403760e+02 1.782657622731947811e+02
1.947368421052631526e-01 1.226009048244066091e-01 1.827338213997238558e-01 1.063767082082288651e+00 1.583429345546652378e+00 1.686921840614628021e+00 1.474932269211303719e+02 1.785059888752332427e+02
2.421052631578947401e-01 1.523271993133648583e-01 2.271530057537420877e-01 1.063916800185402911e+00 1.583418213830283694e+00 1.686748201128079439e+00 1.478569735123172677e+02 1.790131477683900414e+02
2.894736842105263275e-01 1.819465055226723305e-01 2.715392659765897276e-01 1.064308973867979846e+00 1.583521938174012211e+00 1.686583776268278045e+00 1.484761021144068138e+02 1.798708567386892696e+02
3.368421052631579427e-01 2.114041659743745860e-01 3.158761914916241587e-01 1.064975110591980023e+00 1.583741833966848089e+00 1.686402597644931722e+00 1.494183652649315945e+02 1.811724597046148517e+02
3.842105263157894468e-01 2.406344689982241047e-01 3.601449529502748770e-01 1.065949633921735140e+00 1.584085259249954802e+00 1.686186740516343319e+00 1.507535854818614780e+02 1.830137679118354015e+02
4.315789473684210620e-01 2.695672765618332689e-01 4.043254067586732337e-01 1.067275697150695590e+00 1.584561882180893333e+00 1.685924807298503136e+00 1.525500850101104504e+02 1.854884690465116250e+02
4.789473684210526772e-01 2.981285825303940373e-01 4.483974214000929215e-01 1.068982862670591727e+00 1.585177885076518800e+00 1.685607544413606274e+00 1.548722478354280838e+02 1.886849921457045696e+02
5.263157894736841813e-01 3.262462060654456875e-01 4.923422862822445789e-01 1.071093352451989222e+00 1.585936948240421973e+00 1.685230643120676053e+00 1.577785193428564128e+02 1.926839574651810665e+02
5.736842105263157965e-01 3.538545023017169999e-01 5.361440527138360279e-01 1.073618838247447194e+00 1.586836741271816065e+00 1.684791244355861028e+00 1.613205324029009944e+02 1.975570175653361105e+02
6.210526315789474117e-01 3.808966643556679910e-01 5.797905633925583002e-01 1.076557210637308026e+00 1.587870180422812583e+00 1.684289368445494262e+00 1.655425614158947667e+02 2.033662025904376947e+02
6.684210526315789158e-01 4.073277569836597500e-01 6.232741212889419957e-01 1.079896088831356460e+00 1.589026407641675576e+00 1.683727795950564543e+00 1.704818471157969668e+02 2.101643310590000056e+02
7.157894736842105310e-01 4.331181575218251423e-01 6.665917762298868565e-01 1.083618478207753144e+00 1.590290902070966572e+00 1.683110914609232900e+00 1.761696103902220614e+02 2.179962474239398205e+02
7.631578947368421462e-01 4.582486246132203567e-01 7.097451230914126885e-01 1.087691752693458414e+00 1.591646007407138352e+00 1.682443800218994534e+00 1.826319740178486200e+02 2.269000517457096180e+02
8.105263157894736503e-01 4.827129327725893648e-01 7.527398726644107807e-01 1.092081497035557680e+00 1.593074032217864033e+00 1.681733112698969634e+00 1.898913872704846710e+02 2.369088629471993386e+02
8.578947368421052655e-01 5.065161604472068202e-01 7.955852141822893353e-01 1.096751368207244282e+00 1.594556529278268409e+00 1.680985721414370637e+00 1.979679743704033967e+02 2.480524984845588392e+02
9.052631578947368807e-01 5.296730464296208751e-01 8.382930662691164825e-01 1.101665357715114091e+00 1.596075995154459415e+00 1.680208445335821033e+00 2.068806872262917409e+02 2.603589243551769528e+02
9.526315789473683848e-01 5.522028497784401413e-01 8.808773273636939516e-01 1.106783333499688604e+00 1.597616121986921378e+00 1.679407733633016209e+00 2.166482321835751748e+02 2.738554126151166770e+02
1.000000000000000000e+00 5.741315523716933322e-01 9.233532250366491834e-01 1.112070171719044653e+00 1.599162234722395048e+00 1.678589566473648098e+00 2.272899324532810681e+02 2.885695757074558401e+02
