1.000000000000000056e-01 6.284929561421929989e-02 9.381551471219662375e-02 1.075464875546711996e+00 1.586996427148459343e+00 1.688490422117048695e+00 1.523027821421823660e+02 1.844533154032783955e+02
1.473684210526315930e-01 9.255583612223107493e-02 1.382385117018233300e-01 1.074351090068385028e+00 1.585508623626769920e+00 1.686759490968602782e+00 1.526798054806213258e+02 1.849754741204770028e+02
1.947368421052631526e-01 1.221600544235271896e-01 1.826352470688034357e-01 1.074354349041178658e+00 1.584946208699555381e+00 1.685794637717870081e+00 1.535687257991037313e+02 1.861678989815153784e+02
2.421052631578947401e-01 1.515966241428934325e-01 2.269881063582850078e-01 1.075084323316165991e+00 1.584850934767538577e+00 1.685096566627228398e+00 1.550202478187857480e+02 1.881085329469364922e+02
2.894736842105263275e-01 1.807848849713404593e-01 2.712752164666776267e-01 1.076440885947180348e+00 1.585079409919173177e+00 1.684488845943654223e+00 1.571215107139010172e+02 1.909207313278803611e+02
3.368421052631579427e-01 2.096330004282966064e-01 3.154710822858223795e-01 1.078406065412459647e+00 1.585575989123652496e+00 1.683891146827878993e+00 1.599690222526981245e+02 1.947408750929891141e+02
3.842105263157894468e-01 2.380439267184105423e-01 3.595476804257836667e-01 1.080990127060323713e+00 1.586313626600560855e+00 1.683261776369818996e+00 1.636603649827424931e+02 1.997084323560540327e+02
4.315789473684210620e-01 2.659150954616114615e-01 4.034758794226571132e-01 1.084183052915240086e+00 1.587273000084544528e+00 1.682578300492006962e+00 1.682897494766008322e+02 2.059606366027403226e+02
4.789473684210526772e-01 2.931489233903538660e-01 4.472270525695123955e-01 1.087970204011182052e+00 1.588434451125897873e+00 1.681829999491687211e+00 1.739451361009377308e+02 2.136289533793171245e+02
5.263157894736841813e-01 3.196552763796898233e-01 4.907746031777421858e-01 1.092316031537631682e+00 1.589774695234897894e+00 1.681014132293860763e+00 1.807062920658695475e+02 2.228366552986789486e+02
5.736842105263157965e-01 3.453574174075318970e-01 5.340951770417307065e-01 1.097170845963742591e+00 1.591266349693194471e+00 1.680133620223103641e+00 1.886436360593647521e+02 2.336973095888454282e+02
6.210526315789474117e-01 3.701960759175466076e-01 5.771693941451240262e-01 1.102476212837585345e+00 1.592879043603436573e+00 1.679195387627133274e+00 1.978179305883684549e+02 2.463142688673559633e+02
6.684210526315789158e-01 3.941297123474476471e-01 6.199820577559568280e-01 1.108165396062620101e+00 1.594581089575760169e+00 1.678208927136745299e+00 2.082805655082445355e+02 2.607808457502520696e+02
7.157894736842105310e-01 4.171296999094014635e-01 6.625218867711244464e-01 1.114157456439959004e+00 1.596341216518657680e+00 1.677185116795731901e+00 2.200741057227341742e+02 2.771807834150570784e+02
7.631578947368421462e-01 4.391862718119206588e-01 7.047809128188334826e-01 1.120380734763702923e+00 1.598130174398443071e+00 1.676135241510315677e+00 2.332329967067921075e+02 2.955888700735339967e+02
8.105263157894736503e-01 4.603012121221141673e-01 7.467537066321559003e-01 1.126763121015602831e+00 1.599921865294211543e+00 1.675070227411106671e+00 2.477842841836274772e+02 3.160714989865717257e+02
8.578947368421052655e-01 4.804867423416417371e-01 7.884365511230219115e-01 1.133238192753545537e+00 1.601694011393318018e+00 1.674000137317162018e+00 2.637480663090421444e+02 3.386868305103899388e+02
9.052631578947368807e-01 4.997630003067578541e-01 8.298266723409543077e-01 1.139746681255930483e+00 1.603427455843942084e+00 1.672934202767801581e+00 2.811377325770589550e+02 3.634845894471525298e+02
9.526315789473683848e-01 5.181545121962300993e-01 8.709215719825981195e-01 1.146234827909421439e+00 1.605108431079415476e+00 1.671879782476050513e+00 2.999599293998777512e+02 3.905054158729139431e+02
1.000000000000000000e+00 5.356943674974744551e-01 9.117185104257887751e-01 1.152665043449260240e+00 1.606726073437133362e+00 1.670843316334775785e+00 3.202144202175359737e+02 4.197799266410176529e+02
