1.000000000000000056e-01 6.292224699474681382e-02 9.383126215076707799e-02 1.069288476758303297e+00 1.584922033560151267e+00 1.687491933804431632e+00 1.496500353286944573e+02 1.811476081371331759e+02
1.473684210526315930e-01 9.269223990556538229e-02 1.382668761407205849e-01 1.068620998949195489e+00 1.584135403123953845e+00 1.686603575318234682e+00 1.497794874242559615e+02 1.813450807342955784e+02
1.947368421052631526e-01 1.223872686074205657e-01 1.826798085133984617e-01 1.068598421590525316e+00 1.583858489086769072e+00 1.686106198907178833e+00 1.502508962044832685e+02 1.820024870126387100e+02
2.421052631578947401e-01 1.519416410525153416e-01 2.270512094458832508e-01 1.069065739064048337e+00 1.583872767939631165e+00 1.685728669288394821e+00 1.511636063720326604e+02 1.832592260683067877e+02
2.894736842105263275e-01 1.812727447535682490e-01 2.713584036023548585e-01 1.070030022332648878e+00 1.584124175771780330e+00 1.685369475361119029e+00 1.526367066677543960e+02 1.852770882304109534e+02
3.368421052631579427e-01 2.102902255332570192e-01 3.155774188843610828e-01 1.071544073805102970e+00 1.584600195641154396e+00 1.684978764950490815e+00 1.547864597604705352e+02 1.882122011777358637e+02
3.842105263157894468e-01 2.389014276979575246e-01 3.596858674442618975e-01 1.073648238554940848e+00 1.585297251811180308e+00 1.684529157442801628e+00 1.577169981723785668e+02 1.922033898345176794e+02
4.315789473684210620e-01 2.670211015595653214e-01 4.036656944991550700e-01 1.076365239908862570e+00 1.586208157541881825e+00 1.684006419300932977e+00 1.615161785214625638e+02 1.973670250195800122e+02
4.789473684210526772e-01 2.945782605850483238e-01 4.475052636735600275e-01 1.079693485571822986e+00 1.587318355335396891e+00 1.683405133764527495e+00 1.662544944677208605e+02 2.037958156311937330e+02
5.263157894736841813e-01 3.215231067694383493e-01 4.912005124453456273e-01 1.083615263110703442e+00 1.588605987744447834e+00 1.682726151431590100e+00 1.719865931660522733e+02 2.115608264093600610e+02
5.736842105263157965e-01 3.478256272702785479e-01 5.347550436498116344e-01 1.088089007296598743e+00 1.590043456781795594e+00 1.681974812378856043e+00 1.787540106516140668e+02 2.207150670985241163e+02
6.210526315789474117e-01 3.734773376351027685e-01 5.781793723443580113e-01 1.093063565828642947e+00 1.591599984962461800e+00 1.681159466929816881e+00 1.865886836274480913e+02 2.312979823037240692e+02
6.684210526315789158e-01 3.984894969469530146e-01 6.214896398502030017e-01 1.098484370875033811e+00 1.593244275253229869e+00 1.680290002475531619e+00 1.955165733323078712e+02 2.433400025828082960e+02
7.157894736842105310e-01 4.228846759172562586e-01 6.647060315356910776e-01 1.104285440007792829e+00 1.594946055404146801e+00 1.679376636562748937e+00 2.055603971615009868e+02 2.568660093092923944e+02
7.631578947368421462e-01 4.466985983281507866e-01 7.078512543962695025e-01 1.110408212812565409e+00 1.596677804901162734e+00 1.678429352537718078e+00 2.167420143462308033e+02 2.718982742508102888e+02
8.105263157894736503e-01 4.699736299740190915e-01 7.509491831406736040e-01 1.116795874310662295e+00 1.598415459076118372e+00 1.677457380673657461e+00 2.290839868544790363e+02 2.884583645649238406e+02
8.578947368421052655e-01 4.927553415680378524e-01 7.940237447009421690e-01 1.123394266091100269e+00 1.600138664226705476e+00 1.676468870628502028e+00 2.426104496369486583e+02 3.065681964900720686e+02
9.052631578947368807e-01 5.150944541247317598e-01 8.370980890333261648e-01 1.130160939021569000e+00 1.601830389678577715e+00 1.675470919944226811e+00 2.573475568544962471e+02 3.262505432974150494e+02
9.526315789473683848e-01 5.370404491513635081e-01 8.801939889091714431e-01 1.137055595989526768e+00 1.603477286611847408e+00 1.674469409527195030e+00 2.733234857671968712e+02 3.475290227855439866e+02
1.000000000000000000e+00 5.586415812401435144e-01 9.233314406770500860e-01 1.144042680414146140e+00 1.605069401922690098e+00 1.673469179877415280e+00 2.905681572904647965e+02 3.704277567868721235e+02
