1.000000000000000056e-01 6.292684637967953243e-02 9.383246205578024690e-02 1.069417185163925588e+00 1.585144791595996416e+00 1.687748962734794578e+00 1.496031500941892602e+02 1.810839687816754520e+02
1.473684210526315930e-01 9.270927673776356570e-02 1.382713612161330652e-01 1.068600338255464521e+00 1.584256242208998744e+00 1.686794613461233050e+00 1.496360889139460824e+02 1.811536143332540121e+02
1.947368421052631526e-01 1.224325401238937489e-01 1.826907431653918279e-01 1.068409198191482945e+00 1.583896241212473077e+00 1.686279233125161925e+00 1.499440643026388216e+02 1.815965479566573606e+02
2.421052631578947401e-01 1.520313464210873711e-01 2.270698059665164914e-01 1.068655318035477642e+00 1.583824942426419247e+00 1.685908801817912472e+00 1.506233671139987678e+02 1.825538100974071369e+02
2.894736842105263275e-01 1.814127441812513342e-01 2.713790653263196129e-01 1.069350026430607725e+00 1.583988397877370780e+00 1.685571242409636294e+00 1.518115736845338972e+02 1.842194564033496249e+02
3.368421052631579427e-01 2.104602529915408360e-01 3.155814418598044124e-01 1.070568195100134679e+00 1.584384633166867173e+00 1.685208227423936389e+00 1.536622548460908604e+02 1.868089734107543052e+02
3.842105263157894468e-01 2.390368293522976695e-01 3.596348998430374255e-01 1.072377880440261722e+00 1.585025196151558902e+00 1.684784103827252411e+00 1.563313039524166754e+02 1.905417312570822901e+02
4.315789473684210620e-01 2.669999933023647909e-01 4.034964319197104077e-01 1.074841025307869069e+00 1.585919023115164528e+00 1.684276633223808162e+00 1.599663958556756995e+02 1.956272673235880575e+02
4.789473684210526772e-01 2.942124219004292884e-01 4.471265856537776084e-01 1.077985055228666500e+00 1.587063976795785258e+00 1.683674360101419243e+00 1.646987266230012779e+02 2.022546245626623147e+02
5.263157894736841813e-01 3.205579848576489699e-01 4.904936502100855633e-01 1.081810347170975906e+00 1.588444893314171713e+00 1.682974447490202863e+00 1.706383820015829542e+02 2.105862463790157619e+02
5.736842105263157965e-01 3.459490603215001348e-01 5.335764990532316787e-01 1.086282995202590085e+00 1.590033604273463741e+00 1.682181337376374763e+00 1.778733453298294478e+02 2.207566045818996940e+02
6.210526315789474117e-01 3.703303208010070291e-01 5.763656646673150918e-01 1.091340316647164466e+00 1.591793194495379815e+00 1.681305442456084265e+00 1.864717031840189350e+02 2.328749110880322633e+02
6.684210526315789158e-01 3.936800937821273716e-01 6.188627368962325015e-01 1.096905062765360261e+00 1.593681664448940438e+00 1.680360382579253464e+00 1.964860103792778432e+02 2.470305952878600806e+02
7.157894736842105310e-01 4.160058010262128181e-01 6.610786390726740569e-01 1.102893175048911045e+00 1.595656724708048424e+00 1.679361392900266869e+00 2.079586358698296635e+02 2.632999935025598575e+02
7.631578947368421462e-01 4.373349570031905276e-01 7.030312503947957481e-01 1.109214920066247778e+00 1.597678747675988165e+00 1.678323818977850213e+00 2.209262549981644952e+02 2.817521163611523320e+02
8.105263157894736503e-01 4.577111248283517453e-01 7.447431342821045908e-01 1.115786967427234266e+00 1.599712791197928752e+00 1.677261828639363239e+00 2.354241165147572019e+02 3.024539930817064146e+02
8.578947368421052655e-01 4.771882217564328288e-01 7.862395198616710656e-01 1.122535646782090835e+00 1.601730182626807997e+00 1.676187882835631582e+00 2.514890189530257203e+02 3.254744611193775086e+02
9.052631578947368807e-01 4.958238526746172048e-01 8.275467179822578734e-01 1.129394665553936639e+00 1.603708174972073186e+00 1.675112474837431531e+00 2.691612387873454963e+02 3.508866331976605011e+02
9.526315789473683848e-01 5.136783490682720332e-01 8.686910127294662498e-01 1.136310247544435104e+00 1.605630641760478428e+00 1.674044337275544692e+00 2.884859269299930702e+02 3.787696534193411253e+02
1.000000000000000000e+00 5.308106687237240662e-01 9.096979097353091737e-01 1.143237312059536270e+00 1.607484741311019372e+00 1.672990249468387258e+00 3.095137904038060128e+02 4.092095616041835342e+02
