1.000000000000000056e-01 6.287749557838996639e-02 9.382629125085512056e-02 1.068660700667866337e+00 1.585948181322204498e+00 1.688534964593971566e+00 1.498554454899827419e+02 1.814413835772695904e+02
1.473684210526315930e-01 9.250077780336676825e-02 1.382415118519313701e-01 1.069323124239244693e+00 1.585445513369101223e+00 1.687269779723896468e+00 1.515857437399658920e+02 1.836678814457295630e+02
1.947368421052631526e-01 1.219444760112510934e-01 1.826235251045049413e-01 1.071108954974650418e+00 1.585606112006751278e+00 1.686396943919672431e+00 1.540957547659557179e+02 1.868930783846369650e+02
2.421052631578947401e-01 1.511513455787991678e-01 2.269611451200668206e-01 1.073674044881300693e+00 1.586122814587192842e+00 1.685625156221454812e+00 1.573634676839022575e+02 1.910961945978167194e+02
2.894736842105263275e-01 1.800673105187684808e-01 2.712434317242172765e-01 1.076891348441234131e+00 1.586883853196553451e+00 1.684860236347519802e+00 1.613998737321244334e+02 1.962966952595697592e+02
3.368421052631579427e-01 2.086400577189322647e-01 3.154600782398518932e-01 1.080677269523075967e+00 1.587832052564195573e+00 1.684066036515930564e+00 1.662259313175616739e+02 2.025265557133336074e+02
3.842105263157894468e-01 2.368232388038806480e-01 3.596017567782191504e-01 1.084973254309399060e+00 1.588929308161168175e+00 1.683228660594237480e+00 1.718663459668489963e+02 2.098227302978671389e+02
4.315789473684210620e-01 2.645745421988137669e-01 4.036603621777505313e-01 1.089718428820660723e+00 1.590145494137900295e+00 1.682344449331806491e+00 1.783474371896530783e+02 2.182245801097477624e+02
4.789473684210526772e-01 2.918613222829191667e-01 4.476291323130239808e-01 1.094867154979460189e+00 1.591454659740071165e+00 1.681415287555731775e+00 1.856960359192728731e+02 2.277725677065913601e+02
5.263157894736841813e-01 3.186534088721981739e-01 4.915027258920538489e-01 1.100358481453604487e+00 1.592833219254632393e+00 1.680445581112994802e+00 1.939395216980979910e+02 2.385082408795713036e+02
5.736842105263157965e-01 3.449285016187856878e-01 5.352771425506483993e-01 1.106139147882814422e+00 1.594259857473928621e+00 1.679441343465212011e+00 2.031054314799756071e+02 2.504738065751934073e+02
6.210526315789474117e-01 3.706721933175265993e-01 5.789495878600667833e-01 1.112162659321097813e+00 1.595715318283100981e+00 1.678409205933689030e+00 2.132213839672640745e+02 2.637120572282666444e+02
6.684210526315789158e-01 3.958727547871216945e-01 6.225183364794657503e-01 1.118377073063786309e+00 1.597182581681342528e+00 1.677356221902692734e+00 2.243154793588170719e+02 2.782668249380155316e+02
7.157894736842105310e-01 4.205238457201628255e-01 6.659825200306331849e-01 1.124735717922722866e+00 1.598646702796618246e+00 1.676288913740064501e+00 2.364160104526393695e+02 2.941826646808590340e+02
7.631578947368421462e-01 4.446257530351105380e-01 7.093419141019090546e-01 1.131201258992349468e+00 1.600095207861362834e+00 1.675213462621466087e+00 2.495513890958928016e+02 3.115047922121655688e+02
8.105263157894736503e-01 4.681798191844898094e-01 7.525967803796568267e-01 1.137734550861575711e+00 1.601517806306510305e+00 1.674135553914618102e+00 2.637505132815303455e+02 3.302795109540699059e+02
8.578947368421052655e-01 4.911900178504596259e-01 7.957476919225526801e-01 1.144300522225411232e+00 1.602906201742431591e+00 1.673060253135302711e+00 2.790425621379548602e+02 3.505539794107787088e+02
9.052631578947368807e-01 5.136641343215033739e-01 8.387953663327014642e-01 1.150871226449747819e+00 1.604253609553014881e+00 1.671992019433284682e+00 2.954567792706623663e+02 3.723759804415026906e+02
9.526315789473683848e-01 5.356086269167913416e-01 8.817405998097689324e-01 1.157417296375351290e+00 1.605555242362501467e+00 1.670934835403958374e+00 3.130228068345189172e+02 3.957942789221763178e+02
1.000000000000000000e+00 5.570352096542178222e-01 9.245840826910740606e-01 1.163919774081272118e+00 1.606807228766638840e+00 1.669891843261405384e+00 3.317699016746777261e+02 4.208577658931272936e+02
