1.000000000000000056e-01 6.292909306941335545e-02 9.383323204567897702e-02 1.068003867641517779e+00 1.584460929883720670e+00 1.687206322781902301e+00 1.492182311798600551e+02 1.806150406919161640e+02
1.473684210526315930e-01 9.270080653808025761e-02 1.382716547367862092e-01 1.067624402913700310e+00 1.583889705828268823e+00 1.686495883972484844e+00 1.494644498821702712e+02 1.809493319248475416e+02
1.947368421052631526e-01 1.224158696327957152e-01 1.826961990223960053e-01 1.067767199869254613e+00 1.583712539093425908e+00 1.686085345014961101e+00 1.499820570831983844e+02 1.816374163146438150e+02
2.421052631578947401e-01 1.520407611767024825e-01 2.270984769096643097e-01 1.068268608947939402e+00 1.583743723717230489e+00 1.685770881684976352e+00 1.507930620545159286e+02 1.827124399098149468e+02
2.894736842105263275e-01 1.815362160060541574e-01 2.714684179574499145e-01 1.069095229958183735e+00 1.583926901011573740e+00 1.685480407724924579e+00 1.519346105456047837e+02 1.842259285056697422e+02
3.368421052631579427e-01 2.108588044153862917e-01 3.157944773757045409e-01 1.070251862344396399e+00 1.584241945389373685e+00 1.685180616146667365e+00 1.534473997761454029e+02 1.862339269328203955e+02
3.842105263157894468e-01 2.399587588837787111e-01 3.600639065714597575e-01 1.071740215293232046e+00 1.584681055356435886e+00 1.684853590664372680e+00 1.553725115187823462e+02 1.887932683673845986e+02
4.315789473684210620e-01 2.687853078140941543e-01 4.042631326089612953e-01 1.073572313326161654e+00 1.585240069965205612e+00 1.684488476066044571e+00 1.577502134616336775e+02 1.919601346764370930e+02
4.789473684210526772e-01 2.972837414479069240e-01 4.483781897462568722e-01 1.075746353138171685e+00 1.585915691682891815e+00 1.684079026474248897e+00 1.606193212992684209e+02 1.957893088752588255e+02
5.263157894736841813e-01 3.254039636813469416e-01 4.923951885823886765e-01 1.078271702763908602e+00 1.586703814796293077e+00 1.683622101651389702e+00 1.640166262773017536e+02 2.003334888255706971e+02
5.736842105263157965e-01 3.530940404985347114e-01 5.363007945458072578e-01 1.081137350455879886e+00 1.587598260461698052e+00 1.683116411205491492e+00 1.679767418684219535e+02 2.056430888670551269e+02
6.210526315789474117e-01 3.803073297699239852e-01 5.800826424769558454e-01 1.084332567470387421e+00 1.588591137475875881e+00 1.682562644560268605e+00 1.725317733722578168e+02 2.117658470654488951e+02
6.684210526315789158e-01 4.070034221499179705e-01 6.237296845135282819e-01 1.087844197401834467e+00 1.589672770428186777e+00 1.681962851717553331e+00 1.777112722352793810e+02 2.187467588286260991e+02
7.157894736842105310e-01 4.331449852749360563e-01 6.672324366941323470e-01 1.091646841717778038e+00 1.590832028938587328e+00 1.681320200206765758e+00 1.835423154185154715e+02 2.266281604539967987e+02
7.631578947368421462e-01 4.587029812467705026e-01 7.105831034932023060e-01 1.095716295370733784e+00 1.592056821348514450e+00 1.680638777216945323e+00 1.900495530809764659e+02 2.354497800939728620e+02
8.105263157894736503e-01 4.836530911078373851e-01 7.537755810812716284e-01 1.100021277477603698e+00 1.593334497388522619e+00 1.679923274630784391e+00 1.972554099780601575e+02 2.452489847502732232e+02
8.578947368421052655e-01 5.079801413071487470e-01 7.968053943631414615e-01 1.104534417839195592e+00 1.594652224621547543e+00 1.679178617453259470e+00 2.051803563104799366e+02 2.560610820500517661e+02
9.052631578947368807e-01 5.316735653174156084e-01 8.396695363693222891e-01 1.109224293055405042e+00 1.595997588323658123e+00 1.678409952705812946e+00 2.138431176461089933e+02 2.679195691604219292e+02
9.526315789473683848e-01 5.547283744801303484e-01 8.823662630721560429e-01 1.114059812354870171e+00 1.597358869182712748e+00 1.677622404989548288e+00 2.232609147711407900e+02 2.808564116887247337e+02
1.000000000000000000e+00 5.771443749665948753e-01 9.248948715537015364e-01 1.119010736820813978e+00 1.598725275827807435e+00 1.676820909728732323e+00 2.334496627149931101e+02 2.949022612354203261e+02
