1.000000000000000056e-01 6.294118345049180829e-02 9.383574137246400437e-02 1.067005137415558025e+00 1.583913750505790974e+00 1.686798612886718729e+00 1.488395613403715743e+02 1.801413930208882164e+02
1.473684210526315930e-01 9.273120750758752362e-02 1.382776471607190805e-01 1.066682814947528701e+00 1.583491800238861158e+00 1.686296454384864640e+00 1.489679210490910748e+02 1.803225637335420117e+02
1.947368421052631526e-01 1.224771735724031196e-01 1.827076165930550944e-01 1.066736679743268246e+00 1.583356797279963812e+00 1.686008781227736453e+00 1.493006159447685945e+02 1.807739459405446496e+02
2.421052631578947401e-01 1.521475599876531692e-01 2.271169418376590976e-01 1.067071603315149941e+00 1.583381834589728587e+00 1.685786488717404996e+00 1.498744364090462682e+02 1.815478577074884754e+02
2.894736842105263275e-01 1.817026416946753709e-01 2.714947257884964826e-01 1.067681373092372432e+00 1.583533147259998719e+00 1.685575047281018035e+00 1.507381101580722031e+02 1.827110841524197724e+02
3.368421052631579427e-01 2.110959086367764082e-01 3.158281680731774843e-01 1.068584646346508293e+00 1.583802556355832003e+00 1.685347300503257539e+00 1.519427418572538500e+02 1.843333864065843386e+02
3.842105263157894468e-01 2.402734201616248122e-01 3.601029990203448716e-01 1.069797163498037440e+00 1.584190228376699539e+00 1.685087795855712223e+00 1.535389798588524286e+02 1.864840668759011351e+02
4.315789473684210620e-01 2.691793855178274408e-01 4.043040592620501528e-01 1.071343621040472316e+00 1.584698055323083832e+00 1.684786588946110442e+00 1.555756596945211925e+02 1.892302881243749084e+02
4.789473684210526772e-01 2.977553846650907721e-01 4.484159499044005903e-01 1.073238621513280089e+00 1.585326750776581584e+00 1.684437087277483425e+00 1.580988151785352898e+02 1.926358767184862302e+02
5.263157894736841813e-01 3.259459870183749053e-01 4.924237436402652546e-01 1.075497562132240237e+00 1.586075363254350501e+00 1.684035718546104565e+00 1.611510867183396272e+02 1.967605751378589787e+02
5.736842105263157965e-01 3.536952662908311451e-01 5.363136544759392610e-01 1.078115804312728354e+00 1.586939998040209687e+00 1.683581082236986770e+00 1.647713172624659421e+02 2.016595478685296143e+02
6.210526315789474117e-01 3.809540397063743145e-01 5.800736151858054690e-01 1.081087496595620756e+00 1.587913765984580561e+00 1.683073532304500741e+00 1.689943283698300718e+02 2.073831074110746329e+02
6.684210526315789158e-01 4.076803548835742919e-01 6.236937362261797402e-01 1.084400714823722911e+00 1.588987397948236069e+00 1.682515102184206635e+00 1.738510837854297790e+02 2.139768893509760801e+02
7.157894736842105310e-01 4.338390026634902918e-01 6.671665625414756606e-01 1.088034448587345882e+00 1.590149378545373970e+00 1.681909109452567996e+00 1.793689286996996373e+02 2.214821557081035337e+02
7.631578947368421462e-01 4.594027820913170745e-01 7.104871627998378125e-01 1.091962291255939466e+00 1.591386710289464324e+00 1.681259791705581375e+00 1.855720025103785531e+02 2.299362980267836747e+02
8.105263157894736503e-01 4.843527372669754194e-01 7.536530560654438604e-01 1.096154441920779821e+00 1.592685458081954941e+00 1.680572158186495635e+00 1.924817381492137542e+02 2.393734486714084824e+02
8.578947368421052655e-01 5.086810882303491876e-01 7.966640080170583893e-01 1.100585655353926162e+00 1.594031440407796874e+00 1.679851628719091883e+00 2.001174497876490932e+02 2.498252040983542486e+02
9.052631578947368807e-01 5.323820144551374423e-01 8.395217555465316339e-01 1.105219120720615678e+00 1.595410960165639658e+00 1.679103776050862917e+00 2.084969233416969985e+02 2.613213385682286685e+02
9.526315789473683848e-01 5.554594628917561838e-01 8.822296335221133656e-01 1.110025417604880271e+00 1.596810954855755860e+00 1.678333983889367165e+00 2.176367326205013910e+02 2.738902234509606046e+02
1.000000000000000000e+00 5.779208786322242997e-01 9.247922517674018739e-01 1.114972991780878164e+00 1.598219624988778120e+00 1.677547485424971008e+00 2.275528083527146634e+02 2.875595048091202557e+02
