1.000000000000000056e-01 6.292574374854616182e-02 9.383543172893234197e-02 1.066221604645780197e+00 1.584869233012267120e+00 1.687944479965612032e+00 1.486207315270704612e+02 1.798884036283428429e+02
1.473684210526315930e-01 9.262978000773243459e-02 1.382652991760435213e-01 1.066599219909725393e+00 1.584530601212978951e+00 1.687121079414258151e+00 1.497018440826078631e+02 1.812803228589324078e+02
1.947368421052631526e-01 1.222173472219306167e-01 1.826735225800429352e-01 1.067729015216601018e+00 1.584631623439319403e+00 1.686554773770400306e+00 1.512833913091252214e+02 1.833123738606848576e+02
2.421052631578947401e-01 1.516497155326671786e-01 2.270521249764514138e-01 1.069387991253841541e+00 1.584971987149590422e+00 1.686052194795089720e+00 1.533474223833367205e+02 1.859668042551910503e+02
2.894736842105263275e-01 1.808866510689044749e-01 2.713927342049526348e-01 1.071493862872551661e+00 1.585482900061030209e+00 1.685549726544032456e+00 1.559017017758795305e+02 1.892571883682547593e+02
3.368421052631579427e-01 2.098880117602769380e-01 3.156867674621747222e-01 1.074006594113234403e+00 1.586131873451829044e+00 1.685021613536555884e+00 1.589619647003387968e+02 1.932070781962415253e+02
3.842105263157894468e-01 2.386152042104691118e-01 3.599256455390927312e-01 1.076902440346501955e+00 1.586899178744564765e+00 1.684456540502805799e+00 1.625472122821002472e+02 1.978443163669931835e+02
4.315789473684210620e-01 2.670302062800017917e-01 4.041009929627019659e-01 1.080155920038250450e+00 1.587769812205783504e+00 1.683849851197508629e+00 1.666778634737802349e+02 2.031988192242563400e+02
4.789473684210526772e-01 2.950971355979639110e-01 4.482048453362075802e-01 1.083742148835879382e+00 1.588730829355111673e+00 1.683200690396126964e+00 1.713750461756974914e+02 2.093016964729678477e+02
5.263157894736841813e-01 3.227833663638383088e-01 4.922297875607546946e-01 1.087636859878453155e+00 1.589769924083810348e+00 1.682510367125133133e+00 1.766599788677515903e+02 2.161845399515404722e+02
5.736842105263157965e-01 3.500586226184366767e-01 5.361690850962630428e-01 1.091811260451778232e+00 1.590874945761454384e+00 1.681781440866839894e+00 1.825538719852265785e+02 2.238792910686745188e+02
6.210526315789474117e-01 3.768981991401755272e-01 5.800167589755276243e-01 1.096241206117993139e+00 1.592034013888297794e+00 1.681017435953082284e+00 1.890777041282304083e+02 2.324179759902681610e+02
6.684210526315789158e-01 4.032789579672926839e-01 6.237676358135358923e-01 1.100895124177345474e+00 1.593235571576551823e+00 1.680222433684088745e+00 1.962523075844700031e+02 2.418327959475104763e+02
7.157894736842105310e-01 4.291818543206698533e-01 6.674173199874912088e-01 1.105742550447267991e+00 1.594468616574106656e+00 1.679400966448617805e+00 2.040981615828650035e+02 2.521559047250106858e+02
7.631578947368421462e-01 4.545935190787376845e-01 7.109621504026869543e-01 1.110757503057447693e+00 1.595722445992966865e+00 1.678557385284187964e+00 2.126354767564031647e+02 2.634195170565163266e+02
8.105263157894736503e-01 4.795028701863742748e-01 7.543991464811797831e-01 1.115911491175209491e+00 1.596987313788461593e+00 1.677696227603950874e+00 2.218841821176660574e+02 2.756558807705638401e+02
8.578947368421052655e-01 5.039019405523387229e-01 7.977259216902371497e-01 1.121176781196490335e+00 1.598254305725214097e+00 1.676821859076605081e+00 2.318639583635631141e+02 2.888973229385325681e+02
9.052631578947368807e-01 5.277846379429447232e-01 8.409405880185686355e-01 1.126525145559944097e+00 1.599515419829328433e+00 1.675938395054175967e+00 2.425942688156066538e+02 3.031762911867546109e+02
9.526315789473683848e-01 5.511516495137663840e-01 8.840416277257221456e-01 1.131937609197094075e+00 1.600763764378198895e+00 1.675049845172684737e+00 2.540940311102442024e+02 3.185249769324735780e+02
1.000000000000000000e+00 5.740026071427697385e-01 9.270278358032256749e-01 1.137390484196906471e+00 1.601992802505852298e+00 1.674159915711498359e+00 2.663820649388639481e+02 3.349758291312006691e+02
