1.000000000000000056e-01 6.294781802452988073e-02 9.383733825340716261e-02 1.068490263411229435e+00 1.585372205635592113e+00 1.688274907762523869e+00 1.489870510631507727e+02 1.803104133918239143e+02
1.473684210526315930e-01 9.275506765075836046e-02 1.382831810657757510e-01 1.067524506901496473e+00 1.584402391978890989e+00 1.687286490712798459e+00 1.489022431291544137e+02 1.802199247210748183e+02
1.947368421052631526e-01 1.225355374674702846e-01 1.827190371814506609e-01 1.067122275831681844e+00 1.583951194707053256e+00 1.686778119446253665e+00 1.489717065443446415e+02 1.803369911991937897e+02
2.421052631578947401e-01 1.522494553692126107e-01 2.271307997951371171e-01 1.067034097821042860e+00 1.583748806821062782e+00 1.686446603968567270e+00 1.492361640304194452e+02 1.807295021272702229e+02
2.894736842105263275e-01 1.818322299667973485e-01 2.714954586535907044e-01 1.067235325870599771e+00 1.583726880863242981e+00 1.686179850909280020e+00 1.497878946078884894e+02 1.815327083562488042e+02
3.368421052631579427e-01 2.111893787198986516e-01 3.157803016500525528e-01 1.067765294060146308e+00 1.583878520962504144e+00 1.685920241936317732e+00 1.507479775453617776e+02 1.829208937545800495e+02
3.842105263157894468e-01 2.401994907586944283e-01 3.599437225803154283e-01 1.068696237883983713e+00 1.584218599863691512e+00 1.685629884753789831e+00 1.522548711421303551e+02 1.850922911648598870e+02
4.315789473684210620e-01 2.687202510347579398e-01 4.039378660326954917e-01 1.070106742925656995e+00 1.584768736773576547e+00 1.685282414538816109e+00 1.544535239542615841e+02 1.882545245668012797e+02
4.789473684210526772e-01 2.965990791100849289e-01 4.477130109171179595e-01 1.072063882121524037e+00 1.585546312757780019e+00 1.684858111031049877e+00 1.574847104212065858e+02 1.926102992342958373e+02
5.263157894736841813e-01 3.236889541038242002e-01 4.912228858191172165e-01 1.074612787737690534e+00 1.586558661310257135e+00 1.684346158671846450e+00 1.614752654363437898e+02 1.983444662112987658e+02
5.736842105263157965e-01 3.498626791084327170e-01 5.344298422945965577e-01 1.077768779372477281e+00 1.587799508525046477e+00 1.683742054654703502e+00 1.665315671012278642e+02 2.056153225841260621e+02
6.210526315789474117e-01 3.750250115780136562e-01 5.773086198209175235e-01 1.081518984407098261e+00 1.589249364894575800e+00 1.683048364152165410e+00 1.727369640800734771e+02 2.145511747289985749e+02
6.684210526315789158e-01 3.991154534414505517e-01 6.198480303918421086e-01 1.085817227365629245e+00 1.590877932910276682e+00 1.682273023649589305e+00 1.801530612924492516e+02 2.252519618536323094e+02
7.157894736842105310e-01 4.221136208483456942e-01 6.620505671724010721e-01 1.090607433517761127e+00 1.592648913143191791e+00 1.681428143830755673e+00 1.888240275197238702e+02 2.377948083169756615e+02
7.631578947368421462e-01 4.440282161595780486e-01 7.039304825785855924e-01 1.095813657134004471e+00 1.594522942970058033e+00 1.680526997897295205e+00 1.987822385890283954e+02 2.522413316940170773e+02
8.105263157894736503e-01 4.648943914105542197e-01 7.455110895961214457e-01 1.101361005223698841e+00 1.596461988595490045e+00 1.679583830696782520e+00 2.100538728256258025e+02 2.686449206164778616e+02
8.578947368421052655e-01 4.847642875492726988e-01 7.868219757853286422e-01 1.107176092137921675e+00 1.598432946058934601e+00 1.678612132058604267e+00 2.226637405237168252e+02 2.870570169053981999e+02
9.052631578947368807e-01 5.037008030079845877e-01 8.278965517017814468e-01 1.113191790849756169e+00 1.600407169534206142e+00 1.677623838702901882e+00 2.366390339043173299e+02 3.075319895383278208e+02
9.526315789473683848e-01 5.217745122252903656e-01 8.687701493044066581e-01 1.119353360491739613e+00 1.602361530282070845e+00 1.676628956483944277e+00 2.520122086028464423e+02 3.301308274705472741e+02
1.000000000000000000e+00 5.390515602700171049e-01 9.094785225483147384e-01 1.125604950003318505e+00 1.604277943137037088e+00 1.675636263909556334e+00 2.688221445472959772e+02 3.549226893468065214e+02
