1.000000000000000056e-01 6.291813570351233176e-02 9.383047017937021228e-02 1.068488618890113706e+00 1.584443847144491047e+00 1.687053755994387672e+00 1.495103020149006170e+02 1.809842705350943959e+02
1.473684210526315930e-01 9.266994966361163932e-02 1.382633995217994460e-01 1.068194657112274459e+00 1.583900377469460663e+00 1.686324587445647172e+00 1.498681239064179920e+02 1.814700855996637472e+02
1.947368421052631526e-01 1.223379868649624863e-01 1.826751685915786738e-01 1.068511903812122910e+00 1.583783915192805702e+00 1.685883034579999773e+00 1.506096298712863302e+02 1.824600476651031045e+02
2.421052631578947401e-01 1.518716680395560958e-01 2.270532858943224708e-01 1.069300350019299906e+00 1.583914574192499813e+00 1.685520439014042360e+00 1.517879942580921693e+02 1.840279949236214634e+02
2.894736842105263275e-01 1.812147126435807998e-01 2.713838214090005807e-01 1.070546178543576143e+00 1.584239371657964135e+00 1.685161861440120701e+00 1.534649499562875690e+02 1.862572351903948800e+02
3.368421052631579427e-01 2.103070172696598905e-01 3.156523206033716722e-01 1.072256756244408527e+00 1.584738261797714820e+00 1.684772867475626379e+00 1.556993940145402462e+02 1.892269594362865348e+02
3.842105263157894468e-01 2.390867051186106873e-01 3.598447211679971502e-01 1.074433710575839696e+00 1.585400228265616551e+00 1.684336010282250440e+00 1.585444333641923151e+02 1.930088148804610455e+02
4.315789473684210620e-01 2.674965522291798403e-01 4.039482606172680734e-01 1.077081034600093412e+00 1.586214953628316771e+00 1.683842274511678117e+00 1.620467751029577812e+02 1.976661936606280392e+02
4.789473684210526772e-01 2.954823001246594805e-01 4.479522067942415253e-01 1.080182491948083578e+00 1.587170630209666422e+00 1.683288369322063938e+00 1.662467728168770975e+02 2.032543724101341240e+02
5.263157894736841813e-01 3.230008278211254358e-01 4.918483931342919613e-01 1.083725748726574789e+00 1.588252917173511136e+00 1.682674732686346708e+00 1.711789285912062724e+02 2.098211633856249705e+02
5.736842105263157965e-01 3.500161011680372192e-01 5.356315232337132137e-01 1.087682189645998720e+00 1.589445233438021132e+00 1.682004380069216598e+00 1.768728238655372138e+02 2.174080647001458431e+02
6.210526315789474117e-01 3.765015602029105901e-01 5.792991878992174160e-01 1.092016520286808179e+00 1.590729389834134144e+00 1.681282097147383414e+00 1.833538754683268053e+02 2.260512466938754130e+02
6.684210526315789158e-01 4.024403572581900512e-01 6.228517196658254207e-01 1.096689948540520820e+00 1.592086556825361487e+00 1.680513847512727921e+00 1.906444497886972727e+02 2.357829106156916623e+02
7.157894736842105310e-01 4.278237512094797967e-01 6.662918642264681335e-01 1.101659751166806256e+00 1.593498062364111512e+00 1.679706208304399873e+00 1.987647282562519990e+02 2.466323766661913623e+02
7.631578947368421462e-01 4.526520342179348178e-01 7.096243749914435961e-01 1.106885867221977682e+00 1.594946110946968254e+00 1.678865978455214236e+00 2.077335842630267848e+02 2.586271646863150977e+02
8.105263157894736503e-01 4.769296679649289161e-01 7.528555654291585464e-01 1.112323980082773112e+00 1.596414303938963331e+00 1.677999847728335547e+00 2.175692477630812505e+02 2.717938191520548230e+02
8.578947368421052655e-01 5.006687715653812543e-01 7.959928670931695205e-01 1.117937163181250471e+00 1.597887963337715433e+00 1.677114130328187791e+00 2.282898634448748965e+02 2.861586050084442832e+02
9.052631578947368807e-01 5.238843761896048168e-01 8.390444425332054257e-01 1.123688760681289533e+00 1.599353615160724162e+00 1.676214838183406108e+00 2.399139825155695576e+02 3.017481056625808833e+02
9.526315789473683848e-01 5.465945887782145407e-01 8.820188396825614507e-01 1.129545642128759741e+00 1.600800667456006021e+00 1.675307122259600545e+00 2.524607816354264855e+02 3.185894978280186365e+02
1.000000000000000000e+00 5.688194170088154422e-01 9.249247155939513965e-01 1.135477896853041679e+00 1.602220485770328384e+00 1.674395602048172949e+00 2.659502897368639651e+02 3.367108296677599810e+02
