1.000000000000000056e-01 6.296937422068106527e-02 9.384210607471910048e-02 1.065581011062371575e+00 1.584953559646679944e+00 1.688397679279851182e+00 1.477931810185523034e+02 1.788406682682586677e+02
1.473684210526315930e-01 9.274141055144465018e-02 1.382812207018452033e-01 1.065180399558786961e+00 1.584353960685442875e+00 1.687598227296779330e+00 1.481757704811865892e+02 1.793548500035252573e+02
1.947368421052631526e-01 1.224365234512650308e-01 1.827025452502289427e-01 1.065486578786535743e+00 1.584217576859248799e+00 1.687123183159188189e+00 1.489363770917908312e+02 1.803574044759626247e+02
2.421052631578947401e-01 1.520148788620470093e-01 2.270964064609100608e-01 1.066267491165874715e+00 1.584326388084467796e+00 1.686744321152897186e+00 1.500807423315168592e+02 1.818623814010803983e+02
2.894736842105263275e-01 1.814300628733570009e-01 2.714514662599156747e-01 1.067458949618338648e+00 1.584613511112776374e+00 1.686383279062606988e+00 1.516415674744127102e+02 1.839165964071359269e+02
3.368421052631579427e-01 2.106318224406352191e-01 3.157549964995347569e-01 1.069048964885690456e+00 1.585053171909080127e+00 1.686004587205598204e+00 1.536586689872304419e+02 1.865758171907765472e+02
3.842105263157894468e-01 2.395664249405158874e-01 3.599931920485008874e-01 1.071036417602176050e+00 1.585633371995699648e+00 1.685590308813553539e+00 1.561734575990075768e+02 1.898982464745415655e+02
4.315789473684210620e-01 2.681783629609975073e-01 4.041516146843134871e-01 1.073420973313364390e+00 1.586346298071433791e+00 1.685130510621822397e+00 1.592272705757432618e+02 1.939425070320954205e+02
4.789473684210526772e-01 2.964111975334551841e-01 4.482156517539467866e-01 1.076195673075097892e+00 1.587184532504724022e+00 1.684620151277361977e+00 1.628602486457215548e+02 1.987663351872244277e+02
5.263157894736841813e-01 3.242122129112861573e-01 4.921710156890962140e-01 1.079355306087476318e+00 1.588139688784752313e+00 1.684057290183125444e+00 1.671108225823814450e+02 2.044259518528426725e+02
5.736842105263157965e-01 3.515293278621917650e-01 5.360041974011273691e-01 1.082879256771678511e+00 1.589201852527966974e+00 1.683442707948797246e+00 1.720153203379755666e+02 2.109755948792026174e+02
6.210526315789474117e-01 3.783166406314731334e-01 5.797028277127381779e-01 1.086745830269667534e+00 1.590359034075348843e+00 1.682778553340952277e+00 1.776076587377713167e+02 2.184671659827523058e+02
6.684210526315789158e-01 4.045344718428486863e-01 6.232559792654234210e-01 1.090928891670327250e+00 1.591598065091978098e+00 1.682068547669702152e+00 1.839193592817455851e+02 2.269502151563787606e+02
7.157894736842105310e-01 4.301504377680074875e-01 6.666543206941647481e-01 1.095399469443136597e+00 1.592904774492978515e+00 1.681317408784481549e+00 1.909795370445599474e+02 2.364719253347981294e+02
7.631578947368421462e-01 4.551363080032911901e-01 7.098901609853077721e-01 1.100119089159898422e+00 1.594264689646116340e+00 1.680530637951158868e+00 1.988150078761385373e+02 2.470772266391906840e+02
8.105263157894736503e-01 4.794727666307982417e-01 7.529573751636273737e-01 1.105052768252109630e+00 1.595663330453419571e+00 1.679714070080873478e+00 2.074503856742812502e+02 2.588089073027399536e+02
8.578947368421052655e-01 5.031476874415742317e-01 7.958512693949159056e-01 1.110166017975771524e+00 1.597086626218890304e+00 1.678873513187037148e+00 2.169083224993788690e+02 2.717078733444720342e+02
9.052631578947368807e-01 5.261538971273077570e-01 8.385683703961768209e-01 1.115422738172203498e+00 1.598521579324564623e+00 1.678014849201553416e+00 2.272096053763919485e+02 2.858132453814303062e+02
9.526315789473683848e-01 5.484894190182527662e-01 8.811062030963296987e-01 1.120788154361314737e+00 1.599956361116269266e+00 1.677143688728051973e+00 2.383733256371721438e+02 3.011625197626387376e+02
1.000000000000000000e+00 5.701562210280330945e-01 9.234630426638748002e-01 1.126228644624694075e+00 1.601380468245309219e+00 1.676265270018755471e+00 2.504169669154003941e+02 3.177916385816959632e+02
