1.000000000000000056e-01 6.297029817020194375e-02 9.384178856236993771e-02 1.065601788623275592e+00 1.584765610275882253e+00 1.688188362267764919e+00 1.478061370720437253e+02 1.788564334179403374e+02
1.473684210526315930e-01 9.275129043425175968e-02 1.382809831142995105e-01 1.065159069693308869e+00 1.584178494173969831e+00 1.687450533201442671e+00 1.480750071167549038e+02 1.792297595634116760e+02
1.947368421052631526e-01 1.224536319658023342e-01 1.826995178920531870e-01 1.065363295433919166e+00 1.584032558632095355e+00 1.687016596856741879e+00 1.487136774413561682e+02 1.800892212833177837e+02
2.421052631578947401e-01 1.520251906473353010e-01 2.270833251189387503e-01 1.066048647379607139e+00 1.584137301948302934e+00 1.686667216897629329e+00 1.497726071229113245e+02 1.815083320091376322e+02
2.894736842105263275e-01 1.814012514801586207e-01 2.714151893468512156e-01 1.067188937491815093e+00 1.584441089605588715e+00 1.686323289169423090e+00 1.513240217791732221e+02 1.835871767246393347e+02
3.368421052631579427e-01 2.105081856354306946e-01 3.156753916044804931e-01 1.068798389088050360e+00 1.584928755901928721e+00 1.685946887880003020e+00 1.534441191960482627e+02 1.864311027111158126e+02
3.842105263157894468e-01 2.392693225106463650e-01 3.598426287149931735e-01 1.070908307685936034e+00 1.585595544468792362e+00 1.685517898543933413e+00 1.562077515897696287e+02 1.901443362003136599e+02
4.315789473684210620e-01 2.676016620921268796e-01 4.038951071036602225e-01 1.073521417308708648e+00 1.586436666245740090e+00 1.685024524214598474e+00 1.596857996646463675e+02 1.948268521617854390e+02
4.789473684210526772e-01 2.954281386671531728e-01 4.478117782503986954e-01 1.076646691093373187e+00 1.587444642489787228e+00 1.684461423808955027e+00 1.639438048391203324e+02 2.005726492771690914e+02
5.263157894736841813e-01 3.226742877036887225e-01 4.915734676340254850e-01 1.080265693404683480e+00 1.588607791676343917e+00 1.683827706327969187e+00 1.690410801133010068e+02 2.074686664246974885e+02
5.736842105263157965e-01 3.492774668539595506e-01 5.351637839394486340e-01 1.084356270219593021e+00 1.589909542628866079e+00 1.683125927717546544e+00 1.750302800446980314e+02 2.155942493337144867e+02
6.210526315789474117e-01 3.751858146565492658e-01 5.785697328601208111e-01 1.088881295214860323e+00 1.591330066284816658e+00 1.682361335035181593e+00 1.819577214716456126e+02 2.250215012577235996e+02
6.684210526315789158e-01 4.003610822892529342e-01 6.217819643265311003e-01 1.093796781363743253e+00 1.592846922278595256e+00 1.681541023738339913e+00 1.898639350386685578e+02 2.358159297929852869e+02
7.157894736842105310e-01 4.247757229048321204e-01 6.647946710105046009e-01 1.099047530431546349e+00 1.594436895517091113e+00 1.680673567735606833e+00 1.987844294488179742e+02 2.480373708236016341e+02
7.631578947368421462e-01 4.484161938057765751e-01 7.076052339851558459e-01 1.104580569815393876e+00 1.596076944119002361e+00 1.679768061923027966e+00 2.087506034413469536e+02 2.617410833731241269e+02
8.105263157894736503e-01 4.712796736937778230e-01 7.502137279810072723e-01 1.110342284235993349e+00 1.597745151916009743e+00 1.678833388395229775e+00 2.197907471818616330e+02 2.769789292951058428e+02
8.578947368421052655e-01 4.933717671376609548e-01 7.926222932710534907e-01 1.116279826552485588e+00 1.599421903961706581e+00 1.677878183201802376e+00 2.319306770107210127e+02 2.938001613386782651e+02
9.052631578947368807e-01 5.147048743355429057e-01 8.348345673026212888e-01 1.122343298080841878e+00 1.601089560497978237e+00 1.676910695861784539e+00 2.451944334994858821e+02 3.122522249893135609e+02
9.526315789473683848e-01 5.352959350030179753e-01 8.768551355903680955e-01 1.128485797483880892e+00 1.602732650745708920e+00 1.675938287861371556e+00 2.596047059724191968e+02 3.323812538150903606e+02
1.000000000000000000e+00 5.551690318677754421e-01 9.186890833117749011e-01 1.134671287391417094e+00 1.604340591045372744e+00 1.674967132060387165e+00 2.751831620410806067e+02 3.542324218968585683e+02
