1.000000000000000056e-01 6.296136998453100153e-02 9.383946480901167453e-02 1.067266864320334463e+00 1.585491223555521634e+00 1.688705987000060693e+00 1.483371531373794312e+02 1.795110480295982143e+02
1.473684210526315930e-01 9.273997868207053963e-02 1.382757014350839142e-01 1.066454282280351995e+00 1.584595748664734405e+00 1.687696266963346181e+00 1.484805548835531965e+02 1.797366808020380518e+02
1.947368421052631526e-01 1.224185017577683887e-01 1.826803445076704002e-01 1.066447380895680919e+00 1.584302903921557482e+00 1.687128130446987173e+00 1.490676322434969450e+02 1.805635536683432179e+02
2.421052631578947401e-01 1.518993611439168612e-01 2.270235619399285643e-01 1.067071871410950168e+00 1.584370615549160588e+00 1.686684574023219252e+00 1.502497120754741786e+02 1.822081803920363257e+02
2.894736842105263275e-01 1.810543085208959346e-01 2.712665013424617189e-01 1.068371347213749267e+00 1.584751137265012044e+00 1.686242974629017732e+00 1.522180881282836253e+02 1.849370710473845065e+02
3.368421052631579427e-01 2.097315827638102093e-01 3.153648976845987995e-01 1.070420921948405324e+00 1.585442254882463819e+00 1.685741275434883280e+00 1.551687859943788226e+02 1.890227346289518380e+02
3.842105263157894468e-01 2.377743363057308879e-01 3.592743835967756039e-01 1.073288935458252880e+00 1.586445976411663406e+00 1.685145607633301790e+00 1.592845597387403700e+02 1.947207020162977358e+02
4.315789473684210620e-01 2.650356832770339732e-01 4.029563055796125393e-01 1.076999362913713121e+00 1.587751774301781715e+00 1.684439188578953361e+00 1.647238253729800306e+02 2.022553721384687719e+02
4.789473684210526772e-01 2.913989983200826472e-01 4.463826327361415935e-01 1.081544945564598681e+00 1.589331899949563809e+00 1.683620109243018970e+00 1.716161287870813226e+02 2.118141205607711299e+02
5.263157894736841813e-01 3.167811110686669651e-01 4.895387084223230545e-01 1.086860660826912017e+00 1.591143657311105297e+00 1.682695594388555316e+00 1.800630841625048220e+02 2.235484709568915491e+02
5.736842105263157965e-01 3.411397595840680030e-01 5.324235931738880989e-01 1.092856274072778966e+00 1.593135159150629310e+00 1.681680457464863832e+00 1.901437731876535793e+02 2.375808344964424066e+02
6.210526315789474117e-01 3.644699399662444939e-01 5.750483865123093841e-01 1.099426249408614664e+00 1.595251374613539053e+00 1.680592967235849500e+00 2.019220759315981013e+02 2.540137276687475492e+02
6.684210526315789158e-01 3.867934390406346234e-01 6.174334269041146239e-01 1.106452714164873008e+00 1.597439745933307842e+00 1.679452233352159540e+00 2.154538836361773804e+02 2.729388359587553623e+02
7.157894736842105310e-01 4.081554838169449417e-01 6.596052148416533534e-01 1.113829262291852196e+00 1.599653183198925799e+00 1.678276605037677616e+00 2.307933288560607821e+02 2.944448423994527388e+02
7.631578947368421462e-01 4.286136297932735539e-01 7.015936852577850935e-01 1.121457158989543457e+00 1.601853251464802064e+00 1.677082306495308206e+00 2.479973045021518487e+02 3.186230440589886825e+02
8.105263157894736503e-01 4.482327886630749769e-01 7.434300596943678174e-01 1.129251565280783520e+00 1.604010070818986833e+00 1.675882963559089722e+00 2.671285203141520128e+02 3.455711117781175972e+02
8.578947368421052655e-01 4.670820948676975837e-01 7.851453155450675014e-01 1.137144986380492995e+00 1.606100840097751004e+00 1.674689760422000129e+00 2.882574009634793128e+02 3.753953754058739491e+02
9.052631578947368807e-01 4.852217997848332076e-01 8.267691146269422475e-01 1.145067291004920662e+00 1.608110021224843145e+00 1.673511140841394518e+00 3.114624056085367556e+02 4.082111737526895467e+02
9.526315789473683848e-01 5.027208537925985654e-01 8.683293534090268384e-01 1.152983059803927457e+00 1.610026868268488398e+00 1.672353857029860169e+00 3.368315432475081934e+02 4.441444644311278012e+02
1.000000000000000000e+00 5.196380204976256412e-01 9.098517718541603294e-01 1.160853952135938227e+00 1.611845653601807760e+00 1.671222486825849840e+00 3.644615497215767164e+02 4.833307057514023199e+02
