1.000000000000000056e-01 6.293499219550952040e-02 9.383414976554986520e-02 1.065674811542689726e+00 1.584925413032414632e+00 1.688196168487154480e+00 1.481906059250219698e+02 1.793699705777613644e+02
1.473684210526315930e-01 9.260110101192936538e-02 1.382490451504190532e-01 1.066071341109677384e+00 1.584630263407508233e+00 1.687343452269625566e+00 1.494390727534576797e+02 1.810180506280274528e+02
1.947368421052631526e-01 1.220653916616088741e-01 1.826188146666505863e-01 1.067585078961941436e+00 1.584901690670209362e+00 1.686711284892962848e+00 1.515933083193914683e+02 1.838438091027155963e+02
2.421052631578947401e-01 1.512411381539734700e-01 2.269248966929331979e-01 1.070020116956700740e+00 1.585537663001400199e+00 1.686088826161161958e+00 1.547110509859732872e+02 1.879279912815667046e+02
2.894736842105263275e-01 1.800439563144688448e-01 2.711504585938767642e-01 1.073297530482713702e+00 1.586462451940749308e+00 1.685408228974778710e+00 1.588554396748172621e+02 1.933560906613527095e+02
3.368421052631579427e-01 2.083991158865199089e-01 3.152819471317816480e-01 1.077356299771214720e+00 1.587627839846600830e+00 1.684645636243397249e+00 1.640804602106015011e+02 2.002012547166509364e+02
3.842105263157894468e-01 2.362479507264157730e-01 3.593100437864680252e-01 1.082138181032026303e+00 1.588992064131897308e+00 1.683796826293081805e+00 1.704297560880324340e+02 2.085231678693657784e+02
4.315789473684210620e-01 2.635437984154627156e-01 4.032300239698388689e-01 1.087554700917747974e+00 1.590513541046124413e+00 1.682866328636098530e+00 1.779386243607895324e+02 2.183706274065781940e+02
4.789473684210526772e-01 2.902599900535345334e-01 4.470415304345228269e-01 1.093527833707881314e+00 1.592152020795748246e+00 1.681864169895121996e+00 1.866362426714045171e+02 2.297844016093130506e+02
5.263157894736841813e-01 3.163812879227547170e-01 4.907480003646421673e-01 1.099963141639389574e+00 1.593869210816098780e+00 1.680802288162486002e+00 1.965482839519387426e+02 2.428004429649881217e+02
5.736842105263157965e-01 3.419079679954660222e-01 5.343558071932728026e-01 1.106778342047628705e+00 1.595630343929789419e+00 1.679693493135320459e+00 2.076984857470301336e+02 2.574519147347926946e+02
6.210526315789474117e-01 3.668489923709652434e-01 5.778734333911133003e-01 1.113890957188195641e+00 1.597404959839953120e+00 1.678550190249006979e+00 2.201104501705853806e+02 2.737713619843802917e+02
6.684210526315789158e-01 3.912210045879239151e-01 6.213106460102191253e-01 1.121226003234918611e+00 1.599167878046933611e+00 1.677383480949448558e+00 2.338085334521657046e+02 2.917918515248967992e+02
7.157894736842105310e-01 4.150456440243734391e-01 6.646778247772747727e-01 1.128716539650203687e+00 1.600898554480132185e+00 1.676203590034816449e+00 2.488185123632851514e+02 3.115477954038666439e+02
7.631578947368421462e-01 4.383494946340267817e-01 7.079854197660927495e-01 1.136307565137741671e+00 1.602581057113378948e+00 1.675019417999731530e+00 2.651677806813461302e+02 3.330752212687793872e+02
8.105263157894736503e-01 4.611602282571463096e-01 7.512435828498920110e-01 1.143950239490562071e+00 1.604202610732144096e+00 1.673838114969241175e+00 2.828856008940648508e+02 3.564120742748937687e+02
8.578947368421052655e-01 4.835064568368584448e-01 7.944618917284120840e-01 1.151603913462027284e+00 1.605755514227641401e+00 1.672665353715966585e+00 3.020030025981882886e+02 3.815981295683403118e+02
9.052631578947368807e-01 5.054169076338186350e-01 8.376491927215937716e-01 1.159235283983772291e+00 1.607234228959030453e+00 1.671505870910190872e+00 3.225526612575112608e+02 4.086748582624543360e+02
9.526315789473683848e-01 5.269181533424285302e-01 8.808135516994903824e-01 1.166814384785579639e+00 1.608635588801605509e+00 1.670363592579553025e+00 3.445688653243154818e+02 4.376853611141193596e+02
1.000000000000000000e+00 5.480369915732573594e-01 9.239621842137373253e-01 1.174318858609783245e+00 1.609958384169263290e+00 1.669241756670735599e+00 3.680870683963130432e+02 4.686738920747649217e+02
