1.000000000000000056e-01 6.296909968629353649e-02 9.384130759619847828e-02 1.065311533789253584e+00 1.584503246171553359e+00 1.687930176829774309e+00 1.477635418701737819e+02 1.788073101021005868e+02
1.473684210526315930e-01 9.274369723109647523e-02 1.382782889716335506e-01 1.064993804632665686e+00 1.584018547710498215e+00 1.687278573107684032e+00 1.480813809603858715e+02 1.792471877298018796e+02
1.947368421052631526e-01 1.224265031865439252e-01 1.826906315394388192e-01 1.065316736200621062e+00 1.583944425534298261e+00 1.686878438449820772e+00 1.488157188644142934e+02 1.802379013269070072e+02
2.421052631578947401e-01 1.519547617381257487e-01 2.270620216769605459e-01 1.066152698446566571e+00 1.584122843795771729e+00 1.686535135624873227e+00 1.500420508319626265e+02 1.818847762143277009e+02
2.894736842105263275e-01 1.812552806367963287e-01 2.713737168865681948e-01 1.067502007012571807e+00 1.584514207884838211e+00 1.686177377976905811e+00 1.518486696051172657e+02 1.843076083573298547e+02
3.368421052631579427e-01 2.102510831631009269e-01 3.156059800294693796e-01 1.069399104893111963e+00 1.585106564085057901e+00 1.685771594719742250e+00 1.543203776898009494e+02 1.876211255476778774e+02
3.842105263157894468e-01 2.388611116042763383e-01 3.597396456995912706e-01 1.071852403119411212e+00 1.585892588895617017e+00 1.685299843964178645e+00 1.575338621082684085e+02 1.919294588872433849e+02
4.315789473684210620e-01 2.670119229384038673e-01 4.037576619407307610e-01 1.074874329408165741e+00 1.586862908013324303e+00 1.684754059299771178e+00 1.615561597740103252e+02 1.973242884565623569e+02
4.789473684210526772e-01 2.946364657904546047e-01 4.476463394191013134e-01 1.078448372750921314e+00 1.588003342991206157e+00 1.684132097570030684e+00 1.664444471158691385e+02 2.038846584565731916e+02
5.263157894736841813e-01 3.216813546152559322e-01 4.913961804762735919e-01 1.082549059444852801e+00 1.589294229557004279e+00 1.683436487457138586e+00 1.722467288873621669e+02 2.116778807851412978e+02
5.736842105263157965e-01 3.481075212856205026e-01 5.350022440037636162e-01 1.087138136378134057e+00 1.590712472109782949e+00 1.682672911537300697e+00 1.790033084772787788e+02 2.207613616974392983e+02
6.210526315789474117e-01 3.738892116382142583e-01 5.784640374691012443e-01 1.092164439212100602e+00 1.592232554893656005e+00 1.681849026898322164e+00 1.867484635861370634e+02 2.311846994235546333e+02
6.684210526315789158e-01 3.990140776587225435e-01 6.217850354113160227e-01 1.097571764260157900e+00 1.593828705101934862e+00 1.680974093288539306e+00 1.955121099170966943e+02 2.429917764013394219e+02
7.157894736842105310e-01 4.234828933588183908e-01 6.649720273808712445e-01 1.103304886233684279e+00 1.595475711403672170e+00 1.680057498101633184e+00 2.053216177209181126e+02 2.562229709760825358e+02
7.631578947368421462e-01 4.473057065992183667e-01 7.080343065308418726e-01 1.109307653023607232e+00 1.597150270576706443e+00 1.679108494518883665e+00 2.162030728795348011e+02 2.709167575539485711e+02
8.105263157894736503e-01 4.704997086692937480e-01 7.509829129025563654e-01 1.115525753073340010e+00 1.598831807529376370e+00 1.678135837367912719e+00 2.281824332034927636e+02 2.871111201259423069e+02
8.578947368421052655e-01 4.930867036662083258e-01 7.938299402175093000e-01 1.121907462279186030e+00 1.600502598998654546e+00 1.677147534825546682e+00 2.412863320352102505e+02 3.048445454058139035e+02
9.052631578947368807e-01 5.150972820007116981e-01 8.365879645300551282e-01 1.128415762107014331e+00 1.602147466978765866e+00 1.676151032641186811e+00 2.555426538223665602e+02 3.241567233328984798e+02
9.526315789473683848e-01 5.365586734882041853e-01 8.792695874857718863e-01 1.135007326578661990e+00 1.603754827320942988e+00 1.675152198790857305e+00 2.709809034897195943e+02 3.450890020924054511e+02
1.000000000000000000e+00 5.575003586813684908e-01 9.218870940506267431e-01 1.141646656218440414e+00 1.605315435397033363e+00 1.674156155308953675e+00 2.876323969696447307e+02 3.676846240509335075e+02
