1.000000000000000056e-01 6.281425841264803855e-02 9.383387165574118283e-02 1.068607232084844094e+00 1.585067941428253135e+00 1.686860136926039644e+00 1.516799171266137876e+02 1.836451360942268138e+02
1.473684210526315930e-01 9.239865010720955951e-02 1.382645965593117254e-01 1.070645320708719428e+00 1.585208947719579431e+00 1.685926153615881606e+00 1.543015998046558366e+02 1.869186789467389929e+02
1.947368421052631526e-01 1.218413939931254075e-01 1.826781668073304832e-01 1.073207065034830432e+00 1.585642854154854176e+00 1.685173137673421806e+00 1.573170594602653125e+02 1.906940966896977159e+02
2.421052631578947401e-01 1.511170366284006472e-01 2.270692807126317991e-01 1.076106667525196015e+00 1.586225322700608231e+00 1.684468978624510616e+00 1.607075620404623351e+02 1.949521969961629395e+02
2.894736842105263275e-01 1.802006281193141990e-01 2.714321453428645281e-01 1.079284975346081366e+00 1.586906611653761789e+00 1.683771289787253655e+00 1.644795189090712881e+02 1.997046058887458742e+02
3.368421052631579427e-01 2.090654765706091711e-01 3.157605389258488771e-01 1.082707299032888537e+00 1.587663546171586448e+00 1.683062901883174423e+00 1.686483470317631372e+02 2.049742441438001777e+02
3.842105263157894468e-01 2.376842577075795049e-01 3.600478817364658468e-01 1.086351507662476568e+00 1.588483074980627574e+00 1.682336588177406833e+00 1.732337412359501343e+02 2.107896250830382883e+02
4.315789473684210620e-01 2.660295498861316443e-01 4.042872758162859848e-01 1.090200921152227220e+00 1.589355811999205281e+00 1.681589129613142219e+00 1.782576250269239608e+02 2.171824576360832850e+02
4.789473684210526772e-01 2.940748617217918692e-01 4.484716010282768228e-01 1.094243433670909038e+00 1.590274278921828044e+00 1.680819624687289293e+00 1.837434340608843115e+02 2.241867595683222589e+02
5.263157894736841813e-01 3.217920341138286733e-01 4.925935849614528350e-01 1.098459965299289687e+00 1.591232175783971359e+00 1.680028832414306894e+00 1.897156029623970426e+02 2.318382753220477639e+02
5.736842105263157965e-01 3.491555164411691559e-01 5.366458702866783170e-01 1.102837652048707540e+00 1.592223086859672732e+00 1.679217800006783667e+00 1.961992129442497230e+02 2.401740835107280247e+02
6.210526315789474117e-01 3.761402309168748737e-01 5.806210758826108043e-01 1.107361106618541591e+00 1.593241063943282132e+00 1.678388417582775238e+00 2.032196748844751824e+02 2.492322443011389339e+02
6.684210526315789158e-01 4.027211124745036508e-01 6.245118733895358432e-01 1.112011191912183339e+00 1.594280152474122136e+00 1.677542921523522912e+00 2.108026825504481963e+02 2.590517439720384232e+02
7.157894736842105310e-01 4.288779071395554254e-01 6.683109862108558286e-01 1.116776508757951314e+00 1.595334738854854661e+00 1.676683824457916083e+00 2.189735852686282840e+02 2.696718123834723428e+02
7.631578947368421462e-01 4.545904892640321715e-01 7.120112737438611950e-01 1.121640641906636482e+00 1.596399363029519014e+00 1.675813814968780679e+00 2.277577297411794177e+02 2.811322978338092184e+02
8.105263157894736503e-01 4.798383831498171381e-01 7.556057516526822893e-01 1.126582463588487126e+00 1.597468698794682229e+00 1.674935510325924692e+00 2.371802560072315202e+02 2.934734418125987077e+02
8.578947368421052655e-01 5.046052219683351270e-01 7.990875605431565498e-01 1.131585880537590461e+00 1.598537738533481356e+00 1.674051684154057806e+00 2.472655946952849604e+02 3.067353224059177705e+02
9.052631578947368807e-01 5.288767483500443900e-01 8.424499812006490673e-01 1.136635004488951717e+00 1.599601762215826284e+00 1.673165048505306451e+00 2.580374508166901251e+02 3.209578179549050105e+02
9.526315789473683848e-01 5.526415865504036296e-01 8.856864058721676258e-01 1.141715598778206608e+00 1.600656411239957277e+00 1.672278211389475633e+00 2.695185756669126818e+02 3.361803426918220907e+02
1.000000000000000000e+00 5.758869718668756521e-01 9.287903888095162541e-01 1.146808366479767471e+00 1.601697890570966454e+00 1.671393759004893287e+00 2.817311081961531158e+02 3.524421809576351166e+02
