1.000000000000000056e-01 6.298694397286404290e-02 9.384576260230916012e-02 1.064685537898929280e+00 1.584245133111940262e+00 1.687812522362203360e+00 1.474222702401114304e+02 1.783686078840328264e+02
1.473684210526315930e-01 9.280908527341062697e-02 1.382947021381855102e-01 1.064153203014342575e+00 1.583742198687661418e+00 1.687286648804488198e+00 1.474113998479895997e+02 1.783712970828505888e+02
1.947368421052631526e-01 1.226007998590493420e-01 1.827337731578781155e-01 1.064010309680602839e+00 1.583539782333154733e+00 1.687007133675940462e+00 1.475588787422244650e+02 1.785852756517094519e+02
2.421052631578947401e-01 1.523289833376836599e-01 2.271525934496509413e-01 1.064116881038821516e+00 1.583495899695605225e+00 1.686809073434665240e+00 1.479001125368609166e+02 1.790652932504539194e+02
2.894736842105263275e-01 1.819463411992733592e-01 2.715361196424164736e-01 1.064468422906338141e+00 1.583577263968812376e+00 1.686629312413576276e+00 1.484994588301168221e+02 1.799026964179144557e+02
3.368421052631579427e-01 2.113906401784921285e-01 3.158645544508507097e-01 1.065099937035181910e+00 1.583783825115815169e+00 1.686436712773611291e+00 1.494338608891386286e+02 1.812054369177477327e+02
3.842105263157894468e-01 2.405855746294547071e-01 3.601137424827898781e-01 1.066059802673277268e+00 1.584125129912634211e+00 1.686209899164230697e+00 1.507864901015086332e+02 1.830901116418688730e+02
4.315789473684210620e-01 2.694417635800599453e-01 4.042561191000125786e-01 1.067389510429096022e+00 1.584614048131228081e+00 1.685934171294121597e+00 1.526425034349225882e+02 1.856765349979355904e+02
4.789473684210526772e-01 2.978639089489903413e-01 4.482621849428991001e-01 1.069131773822067588e+00 1.585261259384613153e+00 1.685598120049225379e+00 1.550852344767624231e+02 1.890828377745943385e+02
5.263157894736841813e-01 3.257551681300589475e-01 4.921023668841003063e-01 1.071319207454664690e+00 1.586072651995997562e+00 1.685195029359115360e+00 1.581930633723041240e+02 1.934214101422531371e+02
5.736842105263157965e-01 3.530210929081544768e-01 5.357490114676755066e-01 1.073962068463720998e+00 1.587048629030782587e+00 1.684720341630112195e+00 1.620367581445606220e+02 1.987954628620039728e+02
6.210526315789474117e-01 3.795799618917357066e-01 5.791782190756645798e-01 1.077064703373792787e+00 1.588181679217643305e+00 1.684174452471706829e+00 1.666777864693570450e+02 2.052968131907285283e+02
6.684210526315789158e-01 4.053630603284048006e-01 6.223712611665459526e-01 1.080609987561577334e+00 1.589458990851006392e+00 1.683560067916741954e+00 1.721678373663529840e+02 2.130051816045399846e+02
7.157894736842105310e-01 4.303196685923885156e-01 6.653153437538754655e-01 1.084568771446346336e+00 1.590862130029266019e+00 1.682882384434752687e+00 1.785489883539716516e+02 2.219883715505617943e+02
7.631578947368421462e-01 4.544167399775055349e-01 7.080037536524791397e-01 1.088899912855916918e+00 1.592369085527151062e+00 1.682148545841093634e+00 1.858548557251349678e+02 2.323036617397435464e+02
8.105263157894736503e-01 4.776421963355772515e-01 7.504354697659380014e-01 1.093563232735159652e+00 1.593956759259630207e+00 1.681367391021920010e+00 1.941122657130672451e+02 2.439998544976591575e+02
8.578947368421052655e-01 4.999936104186403218e-01 7.926143706798391975e-01 1.098501935707605126e+00 1.595601765046342324e+00 1.680548169008155401e+00 2.033428827666350287e+02 2.571193067729137169e+02
9.052631578947368807e-01 5.214865913982554835e-01 8.345482155079418929e-01 1.103669608744215047e+00 1.597281128701267372e+00 1.679699588909686847e+00 2.135648439505462193e+02 2.717000053077344432e+02
9.526315789473683848e-01 5.421433081952969912e-01 8.762476712462912154e-01 1.109015172715312580e+00 1.598974529201905304e+00 1.678830361203916599e+00 2.247942570826974134e+02 2.877774015184019163e+02
1.000000000000000000e+00 5.619944427947297649e-01 9.177253530999682773e-01 1.114493458679598925e+00 1.600663972269074087e+00 1.677948147876568763e+00 2.370463703663504020e+02 3.053859035603196048e+02
