1.000000000000000056e-01 6.280662302894560178e-02 9.381681605415095881e-02 1.072126573392109483e+00 1.585544781456885044e+00 1.687023688479153183e+00 1.522904918486338488e+02 1.844562116085781156e+02
1.473684210526315930e-01 9.240774805088122767e-02 1.382347576357867702e-01 1.073120542421494239e+00 1.585142113759165916e+00 1.685800988882518947e+00 1.542220693035239947e+02 1.869044200109013616e+02
1.947368421052631526e-01 1.218610476497551942e-01 1.826292241804831906e-01 1.074967147319661587e+00 1.585291474642829712e+00 1.684949485406823655e+00 1.567235812034787443e+02 1.900799831515883511e+02
2.421052631578947401e-01 1.511270640719770131e-01 2.269922359368463372e-01 1.077377105285472148e+00 1.585722505115485959e+00 1.684210077546327788e+00 1.597687831963285987e+02 1.939560123614221538e+02
2.894736842105263275e-01 1.801654362448418534e-01 2.713151739825760411e-01 1.080241726960384119e+00 1.586339614360350980e+00 1.683497019610258993e+00 1.633639626889889200e+02 1.985457246453169944e+02
3.368421052631579427e-01 2.089372590001732644e-01 3.155889116629445601e-01 1.083514354948885705e+00 1.587097974863435512e+00 1.682775529677579929e+00 1.675277154693846171e+02 2.038779649949490533e+02
3.842105263157894468e-01 2.374019737167878952e-01 3.598039712264899936e-01 1.087154320772221849e+00 1.587970933635006299e+00 1.682029909732561501e+00 1.722846861004491643e+02 2.099896410088265668e+02
4.315789473684210620e-01 2.655202018068702485e-01 4.039507209180785430e-01 1.091130565209374792e+00 1.588939718863468853e+00 1.681253458531798417e+00 1.776629914088198063e+02 2.169225801721615312e+02
4.789473684210526772e-01 2.932526367416847246e-01 4.480195302168989424e-01 1.095409497773715213e+00 1.589989156122409319e+00 1.680444290290284082e+00 1.836927202895508628e+02 2.247217738988071574e+02
5.263157894736841813e-01 3.205641240316320917e-01 4.920009487316721053e-01 1.099965580368562845e+00 1.591105506359563160e+00 1.679602917613837620e+00 1.904051323288502431e+02 2.334344009419094448e+02
5.736842105263157965e-01 3.474208136467178409e-01 5.358858363608518527e-01 1.104767833798375731e+00 1.592276093546697746e+00 1.678731661150183685e+00 1.978320897969288694e+02 2.431091758511691978e+02
6.210526315789474117e-01 3.737921833250208437e-01 5.796654673938493874e-01 1.109785679111859880e+00 1.593488860786588912e+00 1.677833858356670316e+00 2.060056004957901905e+02 2.537958168639627274e+02
6.684210526315789158e-01 3.996538205412006328e-01 6.233315770226888208e-01 1.114994709959981956e+00 1.594732304413865043e+00 1.676913479341742397e+00 2.149573477814235787e+02 2.655445194625263525e+02
7.157894736842105310e-01 4.249803334010024969e-01 6.668764529630986093e-01 1.120358522515355837e+00 1.595995691290100327e+00 1.675974922695061764e+00 2.247189481935006370e+02 2.784062138887471747e+02
7.631578947368421462e-01 4.497528211692528588e-01 7.102928634676509700e-01 1.125848467206764791e+00 1.597268899630981842e+00 1.675022650658626100e+00 2.353210868397875970e+02 2.924316049561535920e+02
8.105263157894736503e-01 4.739553392302640611e-01 7.535740557973782394e-01 1.131435043711680910e+00 1.598542702727653753e+00 1.674061151807252790e+00 2.467936424251054177e+02 3.076712888594802848e+02
8.578947368421052655e-01 4.975757269987351461e-01 7.967136873148316090e-01 1.137090561073078820e+00 1.599808801529362112e+00 1.673094790431128409e+00 2.591653878915510631e+02 3.241753958204180321e+02
9.052631578947368807e-01 5.206048513024568170e-01 8.397057542323554946e-01 1.142788343174308663e+00 1.601059876083302358e+00 1.672127705778358564e+00 2.724638279123466873e+02 3.419933718932720694e+02
9.526315789473683848e-01 5.430363473706844024e-01 8.825445094013668612e-01 1.148503116172979732e+00 1.602289522483200113e+00 1.671163776394825273e+00 2.867149902833614874e+02 3.611736906893037258e+02
1.000000000000000000e+00 5.648663740900926600e-01 9.252243678627406487e-01 1.154211346457537646e+00 1.603492126462589429e+00 1.670206597556924466e+00 3.019431949460338842e+02 3.817635291232510895e+02
