1.000000000000000056e-01 6.296852259538231189e-02 9.384146531065884478e-02 1.065575507156733881e+00 1.584280371144120902e+00 1.687615410730783916e+00 1.479240192979196991e+02 1.790001412178986300e+02
1.473684210526315930e-01 9.276607935198083466e-02 1.382838687729986971e-01 1.065153155379625405e+00 1.583787202945419414e+00 1.687040236681061511e+00 1.480463568077827290e+02 1.791814072768786730e+02
1.947368421052631526e-01 1.225028442467906570e-01 1.827080583823476601e-01 1.065209880586795776e+00 1.583640138653971574e+00 1.686709986880727374e+00 1.484423219640526384e+02 1.797299235758923714e+02
2.421052631578947401e-01 1.521247982442360536e-01 2.270983409096686834e-01 1.065641364339622310e+00 1.583700904628165151e+00 1.686446830780911066e+00 1.491891962632053037e+02 1.807553063773521274e+02
2.894736842105263275e-01 1.815617865909801565e-01 2.714343497056729837e-01 1.066467468035123600e+00 1.583941052239024927e+00 1.686181528891163683e+00 1.503847750889827637e+02 1.823925021016704022e+02
3.368421052631579427e-01 2.107309489304002581e-01 3.156920654949914584e-01 1.067741395278234195e+00 1.584361271736111743e+00 1.685879261316230560e+00 1.521312459859376531e+02 1.847819816788550327e+02
3.842105263157894468e-01 2.395396417592977611e-01 3.598453961737743678e-01 1.069511423485243640e+00 1.584967719612007109e+00 1.685518177092640846e+00 1.545282564040890065e+02 1.880610734190930771e+02
4.315789473684210620e-01 2.678906928736312643e-01 4.038681735280578722e-01 1.071807852143249917e+00 1.585765186174439734e+00 1.685085527509392112e+00 1.576686591214969724e+02 1.923585709441022686e+02
4.789473684210526772e-01 2.956928940950953044e-01 4.477362825411922431e-01 1.074654526545127720e+00 1.586751818180819340e+00 1.684574003656299279e+00 1.616355923967374508e+02 1.977910241372612461e+02
5.263157894736841813e-01 3.228643486088206838e-01 4.914295758768816302e-01 1.078052590284516388e+00 1.587918080555879907e+00 1.683982204451333731e+00 1.665011136254194071e+02 2.044609959614039951e+02
5.736842105263157965e-01 3.493365839391903704e-01 5.349332812991748343e-01 1.081978888983211817e+00 1.589247494708572184e+00 1.683312388356812184e+00 1.723260196998238314e+02 2.124568204667392024e+02
6.210526315789474117e-01 3.750612956711897317e-01 5.782387329292152378e-01 1.086401941711130581e+00 1.590717337915985352e+00 1.682570821653148974e+00 1.791608111622750528e+02 2.218537920082914354e+02
6.684210526315789158e-01 4.000070228562880303e-01 6.213434226105385427e-01 1.091272107085328846e+00 1.592301610113202148e+00 1.681765887455355157e+00 1.870475909358162596e+02 2.327165098274131765e+02
7.157894736842105310e-01 4.241604301517822861e-01 6.642504465552734327e-01 1.096533332104159708e+00 1.593972494511225246e+00 1.680907303953006693e+00 1.960220990638998444e+02 2.451014372789340996e+02
7.631578947368421462e-01 4.475233955476056180e-01 7.069675961220606153e-01 1.102125614972543577e+00 1.595702530485916926e+00 1.680005421547198452e+00 2.061159157932980861e+02 2.590596462714906920e+02
8.105263157894736503e-01 4.701125719367529321e-01 7.495062851478946353e-01 1.107993791245832416e+00 1.597466180910293687e+00 1.679070554870960574e+00 2.173584805815912944e+02 2.746393282068388544e+02
8.578947368421052655e-01 4.919497528360404215e-01 7.918804733930814299e-01 1.114075968996422139e+00 1.599240734674662656e+00 1.678112662340286887e+00 2.297787186566530693e+02 2.918878188573971215e+02
9.052631578947368807e-01 5.130677454462218012e-01 8.341056885397033493e-01 1.120323460764644397e+00 1.601006256559650343e+00 1.677140271833351903e+00 2.434062104694593813e+02 3.108530613718101563e+02
9.526315789473683848e-01 5.335011066327357554e-01 8.761982266499853678e-01 1.126687988967841170e+00 1.602745397297964169e+00 1.676161214866981997e+00 2.582721025933174701e+02 3.315847312318425679e+02
1.000000000000000000e+00 5.532873228634740403e-01 9.181745379593849732e-01 1.133128316467966634e+00 1.604446253769014730e+00 1.675181881451421217e+00 2.744097475429071551e+02 3.541350159896538230e+02
