1.000000000000000056e-01 6.293054030860985304e-02 9.383361873668001618e-02 1.068559178218468686e+00 1.584413724908899646e+00 1.687055681749611402e+00 1.494242830618476887e+02 1.808611750625127286e+02
1.473684210526315930e-01 9.272922454112025870e-02 1.382778688153027957e-01 1.067934131219056004e+00 1.583749635494335228e+00 1.686361396529515888e+00 1.494056142268827045e+02 1.808508093508804677e+02
1.947368421052631526e-01 1.225049841042574333e-01 1.827150059756005862e-01 1.067709845853221262e+00 1.583451107120943169e+00 1.685997718133454670e+00 1.495152305445062950e+02 1.810099891671582952e+02
2.421052631578947401e-01 1.522347795961704608e-01 2.271379811068671983e-01 1.067716315646025427e+00 1.583327735643663248e+00 1.685755286461073199e+00 1.497719658950139774e+02 1.813693771774277650e+02
2.894736842105263275e-01 1.818872743954939031e-01 2.715367181581226919e-01 1.067930142068303612e+00 1.583324998125326566e+00 1.685559010294595650e+00 1.502172870269155283e+02 1.819879713334520375e+02
3.368421052631579427e-01 2.114202529188642099e-01 3.158979594074280972e-01 1.068361462901395775e+00 1.583427942018060808e+00 1.685372364535396406e+00 1.509021486171173478e+02 1.829371438412006512e+02
3.842105263157894468e-01 2.407795322878676925e-01 3.602052985163251564e-01 1.069027754852982071e+00 1.583636739448670117e+00 1.685173841583536003e+00 1.518824365732004935e+02 1.842950683655801072e+02
4.315789473684210620e-01 2.699042209177420770e-01 4.044395204574786629e-01 1.069964607128081724e+00 1.583956934131918404e+00 1.684948537743992336e+00 1.532166787040799250e+02 1.861437824332155628e+02
4.789473684210526772e-01 2.987237828508533810e-01 4.485791618000041225e-01 1.071197755654000883e+00 1.584395717393358050e+00 1.684685785111335710e+00 1.549639184354811050e+02 1.885665403463979999e+02
5.263157894736841813e-01 3.271656954623235469e-01 4.926013711914812854e-01 1.072759778267860398e+00 1.584958727624335761e+00 1.684377389182619700e+00 1.571819722260293872e+02 1.916455586794060935e+02
5.736842105263157965e-01 3.551534269114075548e-01 5.364829673223300288e-01 1.074667723759895832e+00 1.585649840085835649e+00 1.684018024104103173e+00 1.599259223423182164e+02 1.954600620779876579e+02
6.210526315789474117e-01 3.826131374821343245e-01 5.802015460456818596e-01 1.076933032886054686e+00 1.586469318119509753e+00 1.683604531599051324e+00 1.632465113447454428e+02 2.000842653525039623e+02
6.684210526315789158e-01 4.094765484078539686e-01 6.237366049740503682e-01 1.079558364703002260e+00 1.587413020155061139e+00 1.683135775755664199e+00 1.671892791527495490e+02 2.055862063205806010e+02
7.157894736842105310e-01 4.356834873418563570e-01 6.670704708657985149e-01 1.082536041119834147e+00 1.588473550816836832e+00 1.682612760653851902e+00 1.717939558361915715e+02 2.120269426087500619e+02
7.631578947368421462e-01 4.611839084318653526e-01 7.101889600018228554e-01 1.085848299986615917e+00 1.589640208255338027e+00 1.682038257296286643e+00 1.770943103553666447e+02 2.194603175197322855e+02
8.105263157894736503e-01 4.859397001477972489e-01 7.530817262874499596e-01 1.089470324864213469e+00 1.590898991324952716e+00 1.681416543576981004e+00 1.831184186298615941e+02 2.279332460780071017e+02
8.578947368421052655e-01 5.099256947295354170e-01 7.957422795866960774e-01 1.093373008437982907e+00 1.592234260987849037e+00 1.680752843261263507e+00 1.898892441003621059e+02 2.374864086723256378e+02
9.052631578947368807e-01 5.331299505722808529e-01 8.381677627919176254e-01 1.097525986371739037e+00 1.593629537192307710e+00 1.680053166589095870e+00 1.974254543204683898e+02 2.481552211987225007e+02
9.526315789473683848e-01 5.555496682377015771e-01 8.803585072526470823e-01 1.101893674366223319e+00 1.595068632336555270e+00 1.679323848259054452e+00 2.057422183592599936e+02 2.599708131683916577e+02
1.000000000000000000e+00 5.771886769951090068e-01 9.223174664034141657e-01 1.106435927179294509e+00 1.596535931896536198e+00 1.678571207143680244e+00 2.148518895105740967e+02 2.729608725340187334e+02
