1.000000000000000056e-01 6.293021834283218929e-02 9.383352532618424724e-02 1.069825870520605182e+00 1.585566232781161267e+00 1.688183143858379864e+00 1.496293663451668579e+02 1.811098219875684947e+02
1.473684210526315930e-01 9.272814056414749317e-02 1.382771918583449999e-01 1.068792078004805246e+00 1.584502989960224317e+00 1.687093951037901052e+00 1.495480135121920853e+02 1.810250140735597597e+02
1.947368421052631526e-01 1.224967121340002352e-01 1.827104172050232622e-01 1.068362423902528224e+00 1.584007862761140473e+00 1.686532042885663607e+00 1.496341370516542781e+02 1.811646856097601415e+02
2.421052631578947401e-01 1.521970771381861709e-01 2.271194714211704491e-01 1.068276162828581288e+00 1.583783411319493073e+00 1.686165684158346334e+00 1.499273588086656446e+02 1.815944889284382384e+02
2.894736842105263275e-01 1.817658544538337806e-01 2.714826242212703411e-01 1.068492448963783703e+00 1.583750619872632770e+00 1.685873617847472250e+00 1.505163204880881835e+02 1.824435129697116622e+02
3.368421052631579427e-01 2.111133902143131624e-01 3.157696057872122486e-01 1.069042726519480624e+00 1.583895440145109301e+00 1.685594787216036616e+00 1.515151467268727572e+02 1.838751202014035186e+02
3.842105263157894468e-01 2.401284852437871875e-01 3.599423813963715801e-01 1.070000522358119266e+00 1.584228095585383134e+00 1.685290287349478389e+00 1.530524952637217950e+02 1.860727042717193171e+02
4.315789473684210620e-01 2.686780537392008950e-01 4.039573722284462987e-01 1.071427804329815103e+00 1.584764945014005333e+00 1.684933900303779319e+00 1.552619641764511300e+02 1.892270693662537155e+02
4.789473684210526772e-01 2.966219072671545942e-01 4.477691075758422623e-01 1.073386886920295824e+00 1.585520482973463707e+00 1.684506729797216940e+00 1.582732058872679772e+02 1.935245784127691593e+02
5.263157894736841813e-01 3.238225936045283082e-01 4.913346244919712391e-01 1.075916118270284771e+00 1.586499558072873572e+00 1.683997531677933424e+00 1.622038419505263960e+02 1.991365199625967932e+02
5.736842105263157965e-01 3.501581352133265046e-01 5.346178124428635492e-01 1.079025867819572992e+00 1.587696051403628461e+00 1.683402089427693094e+00 1.671538177142428765e+02 2.062116295758476952e+02
6.210526315789474117e-01 3.755350695220701085e-01 5.775927539482590412e-01 1.082705590965360898e+00 1.589092099814782832e+00 1.682721547812975116e+00 1.732031123416980165e+02 2.148729746548475816e+02
6.684210526315789158e-01 3.998903148180559253e-01 6.202454001729841293e-01 1.086916039159796066e+00 1.590660209958156157e+00 1.681963010655240121e+00 1.804123109623266430e+02 2.252186382081876843e+02
7.157894736842105310e-01 4.231932906583083520e-01 6.625735612910719219e-01 1.091599090716536713e+00 1.592366916625565176e+00 1.681136945690154816e+00 1.888257674570973847e+02 2.373257278838007949e+02
7.631578947368421462e-01 4.454447367986368311e-01 7.045855551377556703e-01 1.096689755374868236e+00 1.594175978759181156e+00 1.680255656002754838e+00 1.984760806312341117e+02 2.512561020012253152e+02
8.105263157894736503e-01 4.666684517528941201e-01 7.462981158952800564e-01 1.102116340992067345e+00 1.596052308114484397e+00 1.679332272078858823e+00 2.093888250197873049e+02 2.670624267227310042e+02
8.578947368421052655e-01 4.869054854375469699e-01 7.877339934056852844e-01 1.107807902794450072e+00 1.597963100691791150e+00 1.678379487042332086e+00 2.215864210162574750e+02 2.847932562770157006e+02
9.052631578947368807e-01 5.062084347241041504e-01 8.289198547603795486e-01 1.113698474499991153e+00 1.599880755543982458e+00 1.677408798499794740e+00 2.350916238365748256e+02 3.044974991489583545e+02
9.526315789473683848e-01 5.246369407112420058e-01 8.698845185620369680e-01 1.119730145406517829e+00 1.601782597654936025e+00 1.676430192197595037e+00 2.499299500519431092e+02 3.262275795191864063e+02
1.000000000000000000e+00 5.422528820805913030e-01 9.106576105127706100e-01 1.125852672587826619e+00 1.603650482798810284e+00 1.675451931502785152e+00 2.661312730313630937e+02 3.500415328765861886e+02
