1.000000000000000056e-01 6.294652301558893714e-02 9.383682416280821059e-02 1.067230270367306888e+00 1.585295380891656336e+00 1.688407515859668528e+00 1.485472899872465860e+02 1.797830229815926941e+02
1.473684210526315930e-01 9.270176037305037642e-02 1.382712658906107561e-01 1.066772608793582044e+00 1.584559656323256904e+00 1.687446203063805994e+00 1.489704525762175535e+02 1.803544822366325775e+02
1.947368421052631526e-01 1.223646539687901352e-01 1.826828767358469885e-01 1.067100374735582946e+00 1.584373162666408152e+00 1.686877635070273662e+00 1.498288242272381581e+02 1.814944107208178821e+02
2.421052631578947401e-01 1.518795974891443690e-01 2.270574018425515206e-01 1.067980217857971370e+00 1.584486669838224504e+00 1.686426636969888815e+00 1.511631435330855879e+02 1.832643126761616088e+02
2.894736842105263275e-01 1.811816079108145017e-01 2.713774078760318176e-01 1.069371343796198470e+00 1.584826098623186130e+00 1.685995130481218407e+00 1.530395525362185083e+02 1.857572654266763834e+02
3.368421052631579427e-01 2.101954004933445919e-01 3.156226642867160370e-01 1.071268648523252542e+00 1.585365010841753630e+00 1.685538691264850897e+00 1.555307670142769041e+02 1.890754931596684969e+02
3.842105263157894468e-01 2.388397800238430402e-01 3.597708262117634281e-01 1.073679600043387028e+00 1.586091055485701951e+00 1.685033388122397557e+00 1.587107669643550878e+02 1.933240320376168313e+02
4.315789473684210620e-01 2.670314919059764147e-01 4.037983120933219539e-01 1.076610849574471951e+00 1.586995310471807530e+00 1.684466636684807339e+00 1.626518565962372236e+02 1.986072716487317678e+02
4.789473684210526772e-01 2.946877876029189713e-01 4.476813726130854376e-01 1.080056864614417300e+00 1.588067031443224142e+00 1.683832561789867954e+00 1.674230644071215011e+02 2.050269940000655424e+02
5.263157894736841813e-01 3.217292589454723295e-01 4.913971285235926856e-01 1.083995267274617369e+00 1.589292009519753357e+00 1.683130140076011916e+00 1.730886125795593955e+02 2.126805383791689792e+02
5.736842105263157965e-01 3.480862956159535004e-01 5.349245258965624750e-01 1.088397412958693522e+00 1.590652256685929800e+00 1.682362019838707257e+00 1.797071260379120474e+02 2.216597735972730732e+02
6.210526315789474117e-01 3.736976792534429381e-01 5.782450316892813191e-01 1.093216711825168552e+00 1.592126538297080618e+00 1.681533939543502942e+00 1.873310868842426942e+02 2.320503732041090075e+02
6.684210526315789158e-01 3.985160717637279970e-01 6.213429947496313943e-01 1.098403110283805439e+00 1.593691324235043894e+00 1.680653535215085981e+00 1.960066240256612673e+02 2.439315025458256514e+02
7.157894736842105310e-01 4.225070438948069773e-01 6.642057219816732694e-01 1.103900809268184791e+00 1.595322243721745137e+00 1.679729632465711608e+00 2.057736902014729878e+02 2.573759148159997494e+02
7.631578947368421462e-01 4.456483624221787565e-01 7.068232770860546355e-01 1.109650562565789311e+00 1.596995486246490126e+00 1.678771757962466138e+00 2.166663679796131987e+02 2.724501856179627453e+02
8.105263157894736503e-01 4.679290301979770472e-01 7.491880731026691054e-01 1.115592794206453631e+00 1.598688712146838942e+00 1.677789475010972753e+00 2.287132031189276233e+02 2.892149583197344782e+02
8.578947368421052655e-01 4.893468063698386827e-01 7.912943588268309680e-01 1.121668112709073295e+00 1.600381743065748763e+00 1.676791988588815396e+00 2.419374568354947996e+02 3.077250393627421658e+02
9.052631578947368807e-01 5.099101383435867829e-01 8.331376609802149114e-01 1.127826219438918587e+00 1.602057149289494165e+00 1.675787876800705734e+00 2.563573067789827746e+02 3.280293894197223494e+02
9.526315789473683848e-01 5.296318450113836063e-01 8.747142668256339126e-01 1.134017338042923928e+00 1.603700163219906383e+00 1.674784565287564364e+00 2.719860211002617234e+02 3.501710030392042086e+02
1.000000000000000000e+00 5.485306574956317904e-01 9.160207499308529178e-01 1.140199275044847971e+00 1.605298433337684738e+00 1.673788919242929607e+00 2.888317429969658292e+02 3.741862370077690798e+02
