1.000000000000000056e-01 6.299101686592575855e-02 9.384685828118788375e-02 1.064243546271904428e+00 1.583997084028285540e+00 1.687617275941808215e+00 1.472776214352916497e+02 1.781874473331824333e+02
1.473684210526315930e-01 9.282275538017920047e-02 1.382983242139627922e-01 1.063763879303865068e+00 1.583566915297647704e+00 1.687186299245345911e+00 1.472265322028173102e+02 1.781338027584876613e+02
1.947368421052631526e-01 1.226363025737044199e-01 1.827434175047484566e-01 1.063577165933114133e+00 1.583377972205331830e+00 1.686964537117283669e+00 1.472760444071828942e+02 1.782148916842005235e+02
2.421052631578947401e-01 1.524072020172543285e-01 2.271735151808144393e-01 1.063565608654615913e+00 1.583310598367127620e+00 1.686815073936199560e+00 1.474498060494022980e+02 1.784704052447736728e+02
2.894736842105263275e-01 1.820962413566682980e-01 2.715747683122728962e-01 1.063729091951684635e+00 1.583338549443604082e+00 1.686685819070333769e+00 1.478033610493248204e+02 1.789812573066028847e+02
3.368421052631579427e-01 2.116465251591549135e-01 3.159275847595862663e-01 1.064100396039299623e+00 1.583465127399616534e+00 1.686548801749224058e+00 1.484097709177457887e+02 1.798517394378807239e+02
3.842105263157894468e-01 2.409817906296002066e-01 3.602067948525784491e-01 1.064722363560663965e+00 1.583705121300723828e+00 1.686384568252319971e+00 1.493533489778456271e+02 1.812013351635390563e+02
4.315789473684210620e-01 2.700125393345944591e-01 4.043826451010147927e-01 1.065655691439454156e+00 1.584076437535543391e+00 1.686177712999198164e+00 1.507244929350677296e+02 1.831577762335477644e+02
4.789473684210526772e-01 2.986368927954680119e-01 4.484226005397516923e-01 1.066951957993064637e+00 1.584596576372781396e+00 1.685915649363565860e+00 1.526148229104920517e+02 1.858505046395301008e+02
5.263157894736841813e-01 3.267483789472646061e-01 4.922938076731228074e-01 1.068655084343108852e+00 1.585278680995704015e+00 1.685589145666383626e+00 1.551122001999887345e+02 1.894040558730132773e+02
5.736842105263157965e-01 3.542448543932397720e-01 5.359659006645426382e-01 1.070799311195444359e+00 1.586129629004866315e+00 1.685192221005834323e+00 1.582968736690950493e+02 1.939329056828884177e+02
6.210526315789474117e-01 3.810347154356611421e-01 5.794136204102399157e-01 1.073400410998021970e+00 1.587148537965923811e+00 1.684722293609494548e+00 1.622384822656355823e+02 1.995375654825172376e+02
6.684210526315789158e-01 4.070434953207989759e-01 6.226188594437145341e-01 1.076456511223771395e+00 1.588326647866010966e+00 1.684180264189592879e+00 1.669948157345335176e+02 2.063029515449639746e+02
7.157894736842105310e-01 4.322210645538743234e-01 6.655718574576023894e-01 1.079958034379018939e+00 1.589649159123799338e+00 1.683570569292746733e+00 1.726123111999622779e+02 2.142989746477774986e+02
7.631578947368421462e-01 4.565345208760246964e-01 7.082713574183920890e-01 1.083867894500311291e+00 1.591095288184730228e+00 1.682899405437233042e+00 1.791273925384400059e+02 2.235823300644025267e+02
8.105263157894736503e-01 4.799762061267768831e-01 7.507240015677800749e-01 1.088150362248545333e+00 1.592642321332334854e+00 1.682174993133075613e+00 1.865689193225624649e+02 2.341996343066574582e+02
8.578947368421052655e-01 5.025553893953117468e-01 7.929431730965463831e-01 1.092759542441517961e+00 1.594265672383968990e+00 1.681406097554323686e+00 1.949608307478830227e+02 2.461908132412587520e+02
9.052631578947368807e-01 5.242966900705471334e-01 8.349475552572270809e-01 1.097649408141796457e+00 1.595941746687266516e+00 1.680601960418494745e+00 2.043246460443328942e+02 2.595923115074397174e+02
9.526315789473683848e-01 5.452346829989644927e-01 8.767596548167627679e-01 1.102772270540831823e+00 1.597649158635948696e+00 1.679771312584041443e+00 2.146815547170140803e+02 2.744397689369185400e+02
1.000000000000000000e+00 5.654123242117630177e-01 9.184044966807146659e-01 1.108084351252753397e+00 1.599368241817884728e+00 1.678921775241358105e+00 2.260542383194362230e+02 2.907702980710391785e+02
