1.000000000000000056e-01 6.297623296011158056e-02 9.384244588238896401e-02 1.065379697641257284e+00 1.584962347315638231e+00 1.688488750950651207e+00 1.476099742479949839e+02 1.786146878723317002e+02
1.473684210526315930e-01 9.273757687342107370e-02 1.382750892537139009e-01 1.064905575125651982e+00 1.584357835706415862e+00 1.687686690581873261e+00 1.479837911448380510e+02 1.791406735555474370e+02
1.947368421052631526e-01 1.223742331321036741e-01 1.826735986345160989e-01 1.065296553445957528e+00 1.584282285522059519e+00 1.687192618639506314e+00 1.489297882763364953e+02 1.804249214953721605e+02
2.421052631578947401e-01 1.518000150809654392e-01 2.270152121721916716e-01 1.066391205929385855e+00 1.584539170753950899e+00 1.686761493531489853e+00 1.505545489414695339e+02 1.826165007530597109e+02
2.894736842105263275e-01 1.809152101540552338e-01 2.712745829444783152e-01 1.068184888148295375e+00 1.585078360964329747e+00 1.686303577318294167e+00 1.529815293166614651e+02 1.858831365581595776e+02
3.368421052631579427e-01 2.096173319129418511e-01 3.154265654593100821e-01 1.070704446213863292e+00 1.585881279252648435e+00 1.685777653941583187e+00 1.563262330742121833e+02 1.903811078700665860e+02
3.842105263157894468e-01 2.378082813873479973e-01 3.594489700461857007e-01 1.073957798288523335e+00 1.586931591747091197e+00 1.685164819429410210e+00 1.606886571398846115e+02 1.962461930007506794e+02
4.315789473684210620e-01 2.654046375977613392e-01 4.033248843979588827e-01 1.077933629642405577e+00 1.588207255523712558e+00 1.684458586719712159e+00 1.661518094341662106e+02 2.035919336866763274e+02
4.789473684210526772e-01 2.923398753626140767e-01 4.470441056520643719e-01 1.082587041880506140e+00 1.589678349400085899e+00 1.683661332832753210e+00 1.727827565422943508e+02 2.125110735127481405e+02
5.263157894736841813e-01 3.185721325704217732e-01 4.906035931924231375e-01 1.087863860044058884e+00 1.591309587495139954e+00 1.682781140227845862e+00 1.806354766669118703e+02 2.230791646364872065e+02
5.736842105263157965e-01 3.440775817320318453e-01 5.340070354043962020e-01 1.093683130234039291e+00 1.593062385505228384e+00 1.681829076929290068e+00 1.897544176882659883e+02 2.353590151040006901e+02
6.210526315789474117e-01 3.688542658570129751e-01 5.772637330949840218e-01 1.099966939121107323e+00 1.594898809607108170e+00 1.680818391577149518e+00 2.001778847006270041e+02 2.494049790765068053e+02
6.684210526315789158e-01 3.929149250246801728e-01 6.203872683166702373e-01 1.106632502170771915e+00 1.596783084907956063e+00 1.679762485234381986e+00 2.119412981412117176e+02 2.652669405000463598e+02
7.157894736842105310e-01 4.162850938976598858e-01 6.633940707028589401e-01 1.113602288052400802e+00 1.598683718431932910e+00 1.678673695026391188e+00 2.250795529894794811e+02 2.829932604473696642e+02
7.631578947368421462e-01 4.389971097668033395e-01 7.063021616417752835e-01 1.120802066095772487e+00 1.600573328345818558e+00 1.677563776162667830e+00 2.396287806131367120e+02 3.026329285330032235e+02
8.105263157894736503e-01 4.610896760717762000e-01 7.491301043351519251e-01 1.128168526170155728e+00 1.602429656588890028e+00 1.676443041511546106e+00 2.556274303936409638e+02 3.242368997963661172e+02
8.578947368421052655e-01 4.826052332504379150e-01 7.918962454650124716e-01 1.135648285456944295e+00 1.604237267707119496e+00 1.675319713000834154e+00 2.731169350459171028e+02 3.478588654814179790e+02
9.052631578947368807e-01 5.035859723791499265e-01 8.346181603712493624e-01 1.143193773551064885e+00 1.605982878197363295e+00 1.674200838348029574e+00 2.921419682943595149e+02 3.735555554689502173e+02
9.526315789473683848e-01 5.240740715146651185e-01 8.773123070684870628e-01 1.150765634644038027e+00 1.607657166405502380e+00 1.673091768587915640e+00 3.127504834461884116e+02 4.013867514974375581e+02
1.000000000000000000e+00 5.441115231498017124e-01 9.199938214830402083e-01 1.158333581384202837e+00 1.609254090095551870e+00 1.671997208823168712e+00 3.349935605870646214e+02 4.314150763268905848e+02
