1.000000000000000056e-01 6.294930132399403910e-02 9.383766407562664502e-02 1.067545402362727103e+00 1.584631575700676365e+00 1.687581095515523488e+00 1.487902760319661297e+02 1.800703889754529428e+02
1.473684210526315930e-01 9.275616895298238740e-02 1.382833547872050761e-01 1.066858921393926352e+00 1.583925846876734767e+00 1.686849669765323245e+00 1.487562075894675502e+02 1.800427166756800261e+02
1.947368421052631526e-01 1.225350242196334150e-01 1.827195273361649774e-01 1.066609934251134595e+00 1.583611454089267845e+00 1.686467322279885606e+00 1.488686489310204877e+02 1.802119533360039441e+02
2.421052631578947401e-01 1.522522479629465353e-01 2.271349269225713674e-01 1.066628559507114105e+00 1.583492173124518843e+00 1.686209462801419923e+00 1.491669877098537995e+02 1.806394866005253448e+02
2.894736842105263275e-01 1.818562516984588429e-01 2.715124630271517070e-01 1.066899532145363594e+00 1.583518801336156301e+00 1.685993156318550179e+00 1.497240771877226848e+02 1.814297686620279819e+02
3.368421052631579427e-01 2.112765763758117921e-01 3.158289198254274344e-01 1.067457621758457487e+00 1.583685459162448073e+00 1.685775241383622447e+00 1.506296538286185296e+02 1.827098189233932715e+02
3.842105263157894468e-01 2.404250247234044069e-01 3.600554098033470485e-01 1.068357398304730976e+00 1.584002782266523468e+00 1.685528705093444213e+00 1.519829430216994126e+02 1.846197504211419016e+02
4.315789473684210620e-01 2.691975273874437913e-01 4.041586525591845946e-01 1.069651677257076772e+00 1.584485159744808858e+00 1.685234089264195712e+00 1.538866458020186201e+02 1.873049700650596776e+02
4.789473684210526772e-01 2.974828336040933885e-01 4.481030977794476233e-01 1.071394392834394749e+00 1.585144683845197910e+00 1.684876939676386520e+00 1.564416945565469632e+02 1.909092659744632954e+02
5.263157894736841813e-01 3.251658880255886008e-01 4.918536071560940526e-01 1.073615877802821528e+00 1.585989663013884110e+00 1.684448201987140292e+00 1.597422679068176876e+02 1.955682980212807820e+02
5.736842105263157965e-01 3.521418196795999545e-01 5.353783002256217172e-01 1.076339035448888648e+00 1.587019159532064627e+00 1.683943024539164446e+00 1.638719230296698015e+02 2.014045272470524992e+02
6.210526315789474117e-01 3.783187276130418608e-01 5.786510711018827413e-01 1.079560561360519477e+00 1.588224218015274802e+00 1.683361042147480280e+00 1.689014542830321091e+02 2.085243517685899803e+02
6.684210526315789158e-01 4.036259981673721575e-01 6.216533091942221256e-01 1.083260550115126897e+00 1.589587424333432697e+00 1.682706100203782418e+00 1.748881591533275923e+02 2.170171107127699486e+02
7.157894736842105310e-01 4.280166698833383632e-01 6.643746580470878405e-01 1.087403680455887756e+00 1.591086029631821663e+00 1.681984795572083913e+00 1.818768716664417582e+02 2.269563256167226371e+02
7.631578947368421462e-01 4.514686443250054970e-01 7.068128439393770446e-01 1.091946082722606626e+00 1.592692999647516316e+00 1.681205949504251729e+00 1.899021373919165683e+02 2.384023994091678276e+02
8.105263157894736503e-01 4.739768105953051092e-01 7.489727208483440979e-01 1.096827268740380390e+00 1.594380848216968127e+00 1.680380063777960009e+00 1.989906105391080473e+02 2.514056830005924894e+02
8.578947368421052655e-01 4.955564811818307658e-01 7.908649444158203368e-01 1.101990913789629989e+00 1.596122172458179556e+00 1.679517454837905044e+00 2.091638467059803475e+02 2.660100023269445728e+02
9.052631578947368807e-01 5.162354755464413358e-01 8.325045059745510567e-01 1.107379762933488276e+00 1.597891832909693388e+00 1.678628281599683802e+00 2.204406896094664887e+02 2.822556976804781357e+02
9.526315789473683848e-01 5.360518482889264913e-01 8.739093527861088173e-01 1.112941402189798090e+00 1.599667446537589965e+00 1.677721773771046809e+00 2.328392513032225395e+02 3.001821515974965564e+02
1.000000000000000000e+00 5.550495641777580813e-01 9.150991958909301394e-01 1.118627816631805993e+00 1.601430084271270537e+00 1.676806314623077165e+00 2.463783783279897932e+02 3.198296840706681792e+02
