1.000000000000000056e-01 6.296869887072607808e-02 9.384212172225162019e-02 1.064691268217043296e+00 1.583736200354858292e+00 1.687127396364574761e+00 1.477423721004188621e+02 1.787781814583195512e+02
1.473684210526315930e-01 9.276786947240407699e-02 1.382873191105210564e-01 1.064565051771700022e+00 1.583466183252471682e+00 1.686746452566711074e+00 1.479609233189524673e+02 1.790687891878386608e+02
1.947368421052631526e-01 1.225260590536187827e-01 1.827230983047510859e-01 1.064755540985219850e+00 1.583413397264907152e+00 1.686513875624435110e+00 1.483648353702033660e+02 1.796001900126371993e+02
2.421052631578947401e-01 1.522220637159816536e-01 2.271437992680546414e-01 1.065183244930301365e+00 1.583481134578765381e+00 1.686323550792949710e+00 1.489659184014568893e+02 1.803910500283311649e+02
2.894736842105263275e-01 1.818280186060070303e-01 2.715422817491039420e-01 1.065824281863158696e+00 1.583641660925910077e+00 1.686137319346297847e+00 1.497879513595866001e+02 1.814749188686193406e+02
3.368421052631579427e-01 2.113125316276595334e-01 3.159098007307822309e-01 1.066686604271025240e+00 1.583887078131652526e+00 1.685937314707328882e+00 1.508589557827220347e+02 1.828910583596687616e+02
3.842105263157894468e-01 2.406379677658828931e-01 3.602359468540373144e-01 1.067777584961723925e+00 1.584216137876091279e+00 1.685712897019404632e+00 1.522094087755568523e+02 1.846823340188070404e+02
4.315789473684210620e-01 2.697625220747556507e-01 4.045086238978204962e-01 1.069110314476425572e+00 1.584630371893657408e+00 1.685457194175608464e+00 1.538712821983385766e+02 1.868941316681957687e+02
4.789473684210526772e-01 2.986393732513574206e-01 4.487141283485355236e-01 1.070694336649473666e+00 1.585132006517928183e+00 1.685165340471888706e+00 1.558777593472921126e+02 1.895740346252152335e+02
5.263157894736841813e-01 3.272182548516547329e-01 4.928372680105502224e-01 1.072538878158857623e+00 1.585722664563522510e+00 1.684833775288363755e+00 1.582625157790791093e+02 1.927710239396805321e+02
5.736842105263157965e-01 3.554485235593810022e-01 5.368616059853279499e-01 1.074657267103825919e+00 1.586403238557206441e+00 1.684460309615132712e+00 1.610593715983584389e+02 1.965350558179207212e+02
6.210526315789474117e-01 3.832737112773921817e-01 5.807697406626086689e-01 1.077045355094606416e+00 1.587173155793837998e+00 1.684043825096460445e+00 1.643016869704674434e+02 2.009163636786909137e+02
6.684210526315789158e-01 4.106402013713781884e-01 6.245436426093635696e-01 1.079704010339769482e+00 1.588029807702403762e+00 1.683583898636010989e+00 1.680217518280499860e+02 2.059647290695226332e+02
7.157894736842105310e-01 4.374934776619976429e-01 6.681650505112702865e-01 1.082623849190664789e+00 1.588969156117955084e+00 1.683081346729197847e+00 1.722503262213300275e+02 2.117288888336526895e+02
7.631578947368421462e-01 4.637844991911191372e-01 7.116158345701182331e-01 1.085797795141639543e+00 1.589985369890051681e+00 1.682537839509136379e+00 1.770160827472342930e+02 2.182558368717001827e+02
8.105263157894736503e-01 4.894650448327801939e-01 7.548783350338049702e-01 1.089206968262721675e+00 1.591070931823983514e+00 1.681955846670184940e+00 1.823451703887569977e+02 2.255902424816633527e+02
8.578947368421052655e-01 5.144929110746295775e-01 7.979356133704120779e-01 1.092831303517642905e+00 1.592217147842624581e+00 1.681338662321071320e+00 1.882607188869205856e+02 2.337737929245589896e+02
9.052631578947368807e-01 5.388326760690174133e-01 8.407716926170839544e-01 1.096649246191024218e+00 1.593414314089512507e+00 1.680689972749597638e+00 1.947826832785987392e+02 2.428448657930657362e+02
9.526315789473683848e-01 5.624548451379999259e-01 8.833716167763254745e-01 1.100635868105800386e+00 1.594651799536037196e+00 1.680014090660213455e+00 2.019274652352646626e+02 2.528379748334705255e+02
1.000000000000000000e+00 5.853361108047981931e-01 9.257214650441158987e-01 1.104763964632556883e+00 1.595918846278044034e+00 1.679315541601366313e+00 2.097077502476125801e+02 2.637834046880240635e+02
