1.000000000000000056e-01 6.292338543576406207e-02 9.383193857363066048e-02 1.069771245559042239e+00 1.585152069432765209e+00 1.687675262046747005e+00 1.497786403308678302e+02 1.812996679335819294e+02
1.473684210526315930e-01 9.271371752720154735e-02 1.382737323867824220e-01 1.068903199565870876e+00 1.584232139240276283e+00 1.686713447890411999e+00 1.497527403788704987e+02 1.812865536643629412e+02
1.947368421052631526e-01 1.224686106995644674e-01 1.827038794602215410e-01 1.068599936997679745e+00 1.583821981354439634e+00 1.686208401498649367e+00 1.499157114810279552e+02 1.815259155406902778e+02
2.421052631578947401e-01 1.521486564364981364e-01 2.271097731650037477e-01 1.068635823743637525e+00 1.583663224272887637e+00 1.685868528292333579e+00 1.503109688712251000e+02 1.820851817408601789e+02
2.894736842105263275e-01 1.816960766152886653e-01 2.714729688661927098e-01 1.068980081286789119e+00 1.583685905330871391e+00 1.685586869356605844e+00 1.510180183754265215e+02 1.830776922344349202e+02
3.368421052631579427e-01 2.110362747285096374e-01 3.157690818132506405e-01 1.069671027389361928e+00 1.583875696743185291e+00 1.685310630887854932e+00 1.521323309524354386e+02 1.846380581167599075e+02
3.842105263157894468e-01 2.400759456791784763e-01 3.599684066766783430e-01 1.070755020332084362e+00 1.584237140817454259e+00 1.685007530099824402e+00 1.537571368893828776e+02 1.869118297768254138e+02
4.315789473684210620e-01 2.687076811143168653e-01 4.040373534917431342e-01 1.072277812261662078e+00 1.584779720917032231e+00 1.684655283872002807e+00 1.559974380907286786e+02 1.900477926882264512e+02
4.789473684210526772e-01 2.968189541297672207e-01 4.479405847674054475e-01 1.074285029256978996e+00 1.585512094705232577e+00 1.684239682788935211e+00 1.589547212088987749e+02 1.941911592619971145e+02
5.263157894736841813e-01 3.242968545187356333e-01 4.916436284702629944e-01 1.076802190660780978e+00 1.586436360662783818e+00 1.683751413761098048e+00 1.627223627865625417e+02 1.994776072059428600e+02
5.736842105263157965e-01 3.510384787014333430e-01 5.351155423098132857e-01 1.079838504845717750e+00 1.587547100196412320e+00 1.683186781973390556e+00 1.673824915583329869e+02 2.060291449731483056e+02
6.210526315789474117e-01 3.769564240246233155e-01 5.783311138092175341e-01 1.083381142038356781e+00 1.588830664085811195e+00 1.682546704115808645e+00 1.730040241774888727e+02 2.139515352047949932e+02
6.684210526315789158e-01 4.019850353407559140e-01 6.212723055587048293e-01 1.087401014911687724e+00 1.590265981728525846e+00 1.681835775881892481e+00 1.796425562695048370e+02 2.233340282093086273e+02
7.157894736842105310e-01 4.260825867205266793e-01 6.639287721435250811e-01 1.091856748671337751e+00 1.591827269188092808e+00 1.681061877903064161e+00 1.873416172930024288e+02 2.342508375986419651e+02
7.631578947368421462e-01 4.492262206797141832e-01 7.062974800319776758e-01 1.096688050746637666e+00 1.593486046381156651e+00 1.680234813080508260e+00 1.961345596851189157e+02 2.467634863438955506e+02
8.105263157894736503e-01 4.714154494507995508e-01 7.483817437967541508e-01 1.101835411603251824e+00 1.595213273413118582e+00 1.679365182857239125e+00 2.060471273885997050e+02 2.609239846875607327e+02
8.578947368421052655e-01 4.926658979134158622e-01 7.901899339699834934e-01 1.107237629511868438e+00 1.596981016270969000e+00 1.678463667489631383e+00 2.170998728093845500e+02 2.767778388861303256e+02
9.052631578947368807e-01 5.130053397540349502e-01 8.317340962617509881e-01 1.112835372188224037e+00 1.598764303034273304e+00 1.677540542405935753e+00 2.293102558136129119e+02 2.943666913375751619e+02
9.526315789473683848e-01 5.324701367455304535e-01 8.730286945217035077e-01 1.118573657146571643e+00 1.600542190576878188e+00 1.676605105302269916e+00 2.426943202760704423e+02 3.137304236647140669e+02
1.000000000000000000e+00 5.511019668345119582e-01 9.140895404282708414e-01 1.124403059395105986e+00 1.602296959189679626e+00 1.675665488533077951e+00 2.572679194120705120e+02 3.349087189933840705e+02
