1.000000000000000056e-01 6.297074306901759289e-02 9.384207251208553924e-02 1.065426684944152269e+00 1.584199822971674498e+00 1.687556188805211299e+00 1.478674850246572134e+02 1.789283420340184421e+02
1.473684210526315930e-01 9.277535088057320412e-02 1.382866041023425308e-01 1.065000808286340028e+00 1.583722284135608005e+00 1.687014068168646519e+00 1.479524677844114535e+02 1.790575445619544439e+02
1.947368421052631526e-01 1.225327053022729901e-01 1.827172397898491896e-01 1.065001673455693521e+00 1.583562485826926824e+00 1.686709428727415139e+00 1.482597744156387876e+02 1.794830745459005641e+02
2.421052631578947401e-01 1.522027064259386941e-01 2.271229047458519779e-01 1.065313665741293825e+00 1.583582853380174127e+00 1.686475834468514901e+00 1.488406198707575072e+02 1.802774848634303737e+02
2.894736842105263275e-01 1.817365974467398393e-01 2.714900760526671730e-01 1.065944143319697890e+00 1.583749921386578663e+00 1.686251175386183299e+00 1.497611701821648467e+02 1.815306204060447897e+02
3.368421052631579427e-01 2.110776805588654159e-01 3.158037860587692980e-01 1.066920812604916113e+00 1.584057563106085587e+00 1.686005045310768224e+00 1.510882958317583302e+02 1.833321858658325709e+02
3.842105263157894468e-01 2.401660233183148530e-01 3.600488234927931575e-01 1.068277361491689614e+00 1.584506126599457776e+00 1.685719131456795861e+00 1.528845332649877378e+02 1.857654973077452496e+02
4.315789473684210620e-01 2.689393225502632045e-01 4.042109665083707948e-01 1.070030709292991045e+00 1.585097388092078674e+00 1.685383352642232158e+00 1.552056403943525709e+02 1.889044911621480480e+02
4.789473684210526772e-01 2.973426020633270217e-01 4.482781672690668295e-01 1.072203425767642271e+00 1.585828835058819886e+00 1.684991119831808604e+00 1.580995681426961994e+02 1.928124413466505871e+02
5.263157894736841813e-01 3.253257163180913736e-01 4.922414647938092580e-01 1.074797530254048894e+00 1.586695132376212403e+00 1.684540257971712363e+00 1.616062731949116085e+02 1.975418134450636956e+02
5.736842105263157965e-01 3.528476262774274397e-01 5.360955895513358493e-01 1.077803503245042815e+00 1.587686301886532370e+00 1.684031031970967041e+00 1.657580996526679087e+02 2.031348058651759061e+02
6.210526315789474117e-01 3.798805961785892693e-01 5.798392244944143847e-01 1.081209347670944343e+00 1.588789267688467843e+00 1.683465993501722657e+00 1.705808457675230159e+02 2.096247175139617696e+02
6.684210526315789158e-01 4.064055087237038455e-01 6.234749097402370044e-01 1.084987205202803562e+00 1.589988749406646473e+00 1.682849275427679592e+00 1.760949463884327599e+02 2.170374773340386412e+02
7.157894736842105310e-01 4.324151780003203660e-01 6.670086683132024907e-01 1.089107279665594286e+00 1.591267687526908725e+00 1.682186134633754326e+00 1.823167105595089765e+02 2.253932345534618378e+02
7.631578947368421462e-01 4.579124986682998610e-01 7.104494638759667469e-01 1.093536948659171948e+00 1.592608442667511559e+00 1.681482308770706480e+00 1.892595872377454498e+02 2.347079526501339615e+02
8.105263157894736503e-01 4.829100417733543926e-01 7.538085754996953769e-01 1.098244654043087021e+00 1.593994046133490938e+00 1.680743970264984011e+00 1.969353417190401672e+02 2.449948731241467499e+02
8.578947368421052655e-01 5.074221923404381718e-01 7.970989320172808812e-01 1.103188616133752298e+00 1.595408813071600873e+00 1.679977292991371884e+00 2.053548254308223022e+02 2.562654905887476957e+02
9.052631578947368807e-01 5.314738886004146678e-01 8.403344891085366974e-01 1.108339498613997165e+00 1.596837962236585806e+00 1.679187823939841007e+00 2.145286672377096977e+02 2.685304184963880516e+02
9.526315789473683848e-01 5.550909546588507215e-01 8.835297155180885653e-01 1.113664153921418265e+00 1.598268445528161275e+00 1.678380828010852310e+00 2.244677979981156284e+02 2.818000111391113478e+02
1.000000000000000000e+00 5.783026071199938167e-01 9.266991233205397194e-01 1.119133569266983708e+00 1.599688998262822626e+00 1.677561066655061328e+00 2.351837242405554775e+02 2.960847170506867201e+02
