1.000000000000000056e-01 6.293141265647429761e-02 9.383322365032759071e-02 1.068278908483214495e+00 1.584504916653815876e+00 1.687224796586112907e+00 1.492703416325853993e+02 1.806765082263373188e+02
1.473684210526315930e-01 9.270598936567706061e-02 1.382692942374133260e-01 1.067750023163656747e+00 1.583871865716416139e+00 1.686496375897643230e+00 1.494043890122203209e+02 1.808805975952131462e+02
1.947368421052631526e-01 1.223989707778732755e-01 1.826796783435779836e-01 1.067794184150418157e+00 1.583675993865183651e+00 1.686078748472823463e+00 1.498865403323121086e+02 1.815589788315265309e+02
2.421052631578947401e-01 1.519318263991883688e-01 2.270407743847165372e-01 1.068323584169505125e+00 1.583753647085516691e+00 1.685743532774121700e+00 1.508511194037690473e+02 1.828998968572364845e+02
2.894736842105263275e-01 1.812030517656426087e-01 2.713230833068862591e-01 1.069391509135781515e+00 1.584076745755552240e+00 1.685401065965721923e+00 1.524553267661745508e+02 1.851185217192525556e+02
3.368421052631579427e-01 2.100974248040483328e-01 3.154946991116216459e-01 1.071078175022839751e+00 1.584648400577314709e+00 1.685004576489115502e+00 1.548543993106059986e+02 1.884253494332173773e+02
3.842105263157894468e-01 2.384949274883091941e-01 3.595256324801763270e-01 1.073437603593073053e+00 1.585473220567489960e+00 1.684527502215327210e+00 1.581886285766600224e+02 1.930095715259346321e+02
4.315789473684210620e-01 2.662897408672957322e-01 4.033920857707384289e-01 1.076511832763663357e+00 1.586546962299210772e+00 1.683956635815314407e+00 1.625764441246699903e+02 1.990302540152923996e+02
4.789473684210526772e-01 2.933954671020745364e-01 4.470796805858268663e-01 1.080299017822808683e+00 1.587852235145025048e+00 1.683288409852917944e+00 1.681124550049623565e+02 2.066139811820355874e+02
5.263157894736841813e-01 3.197543205245854114e-01 4.905850537456185601e-01 1.084767519892875454e+00 1.589360754093972039e+00 1.682527136662119283e+00 1.748693583354305474e+02 2.158574261376306822e+02
5.736842105263157965e-01 3.453415653406889940e-01 5.339157634562528010e-01 1.089870430787868383e+00 1.591035877099473028e+00 1.681682190556222478e+00 1.829027716572506108e+02 2.268335284132889740e+02
6.210526315789474117e-01 3.701560949209301010e-01 5.770887761929490711e-01 1.095531257386057833e+00 1.592837125670275134e+00 1.680765930294788379e+00 1.922565870313263190e+02 2.395983615944434177e+02
6.684210526315789158e-01 3.942222268635702243e-01 6.201282537656267468e-01 1.101674271731332144e+00 1.594723931628160507e+00 1.679792212573927079e+00 2.029685571315822585e+02 2.541981094027350991e+02
7.157894736842105310e-01 4.175814893566549002e-01 6.630631027389680687e-01 1.108222638244805935e+00 1.596658887958762429e+00 1.678774615216944710e+00 2.150746784629727415e+02 2.706745080530379823e+02
7.631578947368421462e-01 4.402854891840410345e-01 7.059247188158838116e-01 1.115099906763276305e+00 1.598609234223522080e+00 1.677725660859584966e+00 2.286123011765868398e+02 2.890686282998172487e+02
8.105263157894736503e-01 4.623926500131336770e-01 7.487451434242011761e-01 1.122237208412155240e+00 1.600547365372220643e+00 1.676656581430625126e+00 2.436221424024930116e+02 3.094232297501745279e+02
8.578947368421052655e-01 4.839665730954270106e-01 7.915556447686475927e-01 1.129577965486864288e+00 1.602450847827159741e+00 1.675576755903938952e+00 2.601493372301297882e+02 3.317839349774616267e+02
9.052631578947368807e-01 5.050707179357865062e-01 8.343857553087798973e-01 1.137072142629865112e+00 1.604302143926465085e+00 1.674493915850249648e+00 2.782436557627349885e+02 3.561993232095155122e+02
9.526315789473683848e-01 5.257672150255479071e-01 8.772626101271101540e-01 1.144677258736332082e+00 1.606088225997909236e+00 1.673414393327453897e+00 2.979592398876280299e+02 3.827205101939564429e+02
1.000000000000000000e+00 5.461163094209658952e-01 9.202105875685034908e-01 1.152358587351270058e+00 1.607798875206025047e+00 1.672343017945462584e+00 3.193540138489029232e+02 4.114003229383498024e+02
