1.000000000000000056e-01 6.295050416335182253e-02 9.383778437252471294e-02 1.066810255189311718e+00 1.584102064599160142e+00 1.687097805434635278e+00 1.486227364266144093e+02 1.798667750424013718e+02
1.473684210526315930e-01 9.275174204797240196e-02 1.382814826423781340e-01 1.066344499904713361e+00 1.583596599200501664e+00 1.686548849865852073e+00 1.486550094507378503e+02 1.799269777708712752e+02
1.947368421052631526e-01 1.225099726019293622e-01 1.827110968990430795e-01 1.066264792946856055e+00 1.583405206535878573e+00 1.686247653107270761e+00 1.488785620969005947e+02 1.802477321898890352e+02
2.421052631578947401e-01 1.521784033684407955e-01 2.271121479324706427e-01 1.066474372915305002e+00 1.583395074980802564e+00 1.686022466339905934e+00 1.493666381350467702e+02 1.809341035745207193e+02
2.894736842105263275e-01 1.816945876038698893e-01 2.714650972957712294e-01 1.067008971409089790e+00 1.583541260211752455e+00 1.685806384869370067e+00 1.502168647805539763e+02 1.821211972141734350e+02
3.368421052631579427e-01 2.109779808459134043e-01 3.157467298535918121e-01 1.067913590923057710e+00 1.583848254948987400e+00 1.685563823260025185e+00 1.515339731338293916e+02 1.839521812816376780e+02
3.842105263157894468e-01 2.399410206380167554e-01 3.599323352871511283e-01 1.069253150252059470e+00 1.584326830667737607e+00 1.685271808506049851e+00 1.534208142471270264e+02 1.865665432152264600e+02
4.315789473684210620e-01 2.684917769443962987e-01 4.039983326306976208e-01 1.071072749976464955e+00 1.584986550473154399e+00 1.684915942229223029e+00 1.559720693652395482e+02 1.900919205352514325e+02
4.789473684210526772e-01 2.965452726190004884e-01 4.479249485407417741e-01 1.073407713162507493e+00 1.585830276608893197e+00 1.684487501244514851e+00 1.592705394029758565e+02 1.946392672570082709e+02
5.263157894736841813e-01 3.240286512919284823e-01 4.916983890004281710e-01 1.076272192725171273e+00 1.586852701669395849e+00 1.683982901252513820e+00 1.633850925779191243e+02 2.003003387136450044e+02
5.736842105263157965e-01 3.508888926964895405e-01 5.353122452725194158e-01 1.079666493162964924e+00 1.588041192100888788e+00 1.683403275672836097e+00 1.683709465151359268e+02 2.071481068514181629e+02
6.210526315789474117e-01 3.770910852316898820e-01 5.787679557180894774e-01 1.083566379398444468e+00 1.589376231697238628e+00 1.682753066541072595e+00 1.742714718680145438e+02 2.152391113352203433e+02
6.684210526315789158e-01 4.026210265863958693e-01 6.220743378761370845e-01 1.087935532967422958e+00 1.590834003035791477e+00 1.682039050795405499e+00 1.811206096713922591e+02 2.246166359920731850e+02
7.157894736842105310e-01 4.274830739241538002e-01 6.652465482182150502e-01 1.092729461614959208e+00 1.592388668302523680e+00 1.681269788291981149e+00 1.889459715059914799e+02 2.353146127148033315e+02
7.631578947368421462e-01 4.516980067200111471e-01 7.083046602000423464e-01 1.097901187597241313e+00 1.594013811683640869e+00 1.680454384038900795e+00 1.977715847914360552e+02 2.473610758871963924e+02
8.105263157894736503e-01 4.752980839941016167e-01 7.512721482469124634e-01 1.103401014072323605e+00 1.595684344273217148e+00 1.679601782371754393e+00 2.076201914792088417e+02 2.607810145446864567e+02
8.578947368421052655e-01 4.983225409341488499e-01 7.941744661671872318e-01 1.109177770870245272e+00 1.597378019426767937e+00 1.678720558929898354e+00 2.185149469591785305e+02 2.755984391088161942e+02
9.052631578947368807e-01 5.208187766139831254e-01 8.370378180504282062e-01 1.115188987835277201e+00 1.599075105542685948e+00 1.677818676649337704e+00 2.304805590477186854e+02 2.918377336448167512e+02
9.526315789473683848e-01 5.428355726244338264e-01 8.798882156848863989e-01 1.121392509335966015e+00 1.600758608918017023e+00 1.676902842917552983e+00 2.435441034149973518e+02 3.095245494537525133e+02
1.000000000000000000e+00 5.644241073134951270e-01 9.227506930230919835e-01 1.127752871939742940e+00 1.602414550753408662e+00 1.675978891403669291e+00 2.577351630957490443e+02 3.286859373902931338e+02
