1.000000000000000056e-01 6.289803655719357345e-02 9.382739042366398940e-02 1.067929284694322911e+00 1.584415367969740362e+00 1.687011830287540315e+00 1.495738768552854197e+02 1.810843889925493500e+02
1.473684210526315930e-01 9.258803787167876886e-02 1.382504884607472229e-01 1.068310867501399031e+00 1.584126841781489548e+00 1.686272080127621198e+00 1.505893618083036358e+02 1.824067019812883359e+02
1.947368421052631526e-01 1.221454599076728237e-01 1.826461673538570807e-01 1.069445696820803482e+00 1.584266447024906599e+00 1.685745694045980292e+00 1.521850428467903384e+02 1.844784565630334612e+02
2.421052631578947401e-01 1.515183445495965064e-01 2.270037884946342344e-01 1.071174612658111647e+00 1.584663725467918338e+00 1.685257118903044526e+00 1.543791437781103184e+02 1.873266537697427339e+02
2.894736842105263275e-01 1.806557007507126056e-01 2.713129835584413008e-01 1.073444748108588032e+00 1.585257551468895576e+00 1.684747485235046804e+00 1.571981859903014822e+02 1.909878716856592575e+02
3.368421052631579427e-01 2.095086578337668481e-01 3.155641822887483849e-01 1.076222173847516839e+00 1.586016401929152497e+00 1.684193583316004217e+00 1.606679931032903141e+02 1.954975958468590989e+02
3.842105263157894468e-01 2.380327386430088898e-01 3.597490170250585706e-01 1.079476606500910041e+00 1.586917222251623016e+00 1.683586273320643922e+00 1.648118662591008672e+02 2.008881472707345210e+02
4.315789473684210620e-01 2.661882379299914669e-01 4.038606453646527705e-01 1.083172264386931039e+00 1.587939789657723644e+00 1.682923610171628948e+00 1.696507138517489466e+02 2.071888503949207916e+02
4.789473684210526772e-01 2.939420434930575809e-01 4.478939013066317587e-01 1.087271794174843542e+00 1.589064796389048517e+00 1.682207574036998610e+00 1.752031762993414929e+02 2.144262475701819994e+02
5.263157894736841813e-01 3.212677473808773776e-01 4.918453680348749413e-01 1.091734985693291415e+00 1.590273194494129072e+00 1.681442174694896208e+00 1.814863403913430773e+02 2.226249385631551831e+02
5.736842105263157965e-01 3.481451186421309352e-01 5.357132801497546115e-01 1.096518630078180845e+00 1.591546584935456421e+00 1.680632847165380639e+00 1.885160088725119181e+02 2.318079636621007182e+02
6.210526315789474117e-01 3.745627751359545399e-01 5.794973716269886665e-01 1.101586115264171717e+00 1.592867381389812431e+00 1.679785617788557284e+00 1.963071392431396305e+02 2.419973380121931825e+02
6.684210526315789158e-01 4.005114011767511584e-01 6.231986947317319503e-01 1.106890980457106544e+00 1.594219511155467117e+00 1.678906987528581141e+00 2.048745333128531456e+02 2.532148649052602707e+02
7.157894736842105310e-01 4.259891957233028492e-01 6.668193441263908783e-01 1.112395156501013282e+00 1.595588002106318459e+00 1.678003007120950629e+00 2.142327375989368079e+02 2.654820650941522899e+02
7.631578947368421462e-01 4.509984595060858026e-01 7.103622327074954335e-01 1.118062129351831135e+00 1.596959732883152627e+00 1.677079638110098081e+00 2.243965253028647737e+02 2.788207481319541898e+02
8.105263157894736503e-01 4.755424654734857759e-01 7.538308802450981450e-01 1.123852843772434440e+00 1.598323356768234449e+00 1.676142417438031051e+00 2.353811872403002496e+02 2.932533552842716063e+02
8.578947368421052655e-01 4.996309567203275348e-01 7.972291655411449796e-01 1.129739198498032282e+00 1.599669253791583534e+00 1.675196374981692937e+00 2.472023105921494448e+02 3.088027393060502277e+02
9.052631578947368807e-01 5.232738471045443873e-01 8.405611926069637141e-01 1.135691965725991848e+00 1.600989251175495953e+00 1.674246323556693339e+00 2.598761895058770506e+02 3.254926286517425638e+02
9.526315789473683848e-01 5.464811848484939505e-01 8.838311326517609423e-01 1.141682880779561149e+00 1.602276981449543891e+00 1.673295929404401416e+00 2.734197525643852487e+02 3.433475605345927306e+02
1.000000000000000000e+00 5.692663954463662579e-01 9.270431021847951314e-01 1.147690852353055790e+00 1.603527734427835805e+00 1.672348677495447467e+00 2.878504800877604453e+02 3.623927933686711640e+02
