1.000000000000000056e-01 6.292636112274609117e-02 9.383303329867587195e-02 1.066563082183610289e+00 1.584265284110061067e+00 1.687217839098364758e+00 1.487725474578880664e+02 1.800797702339126545e+02
1.473684210526315930e-01 9.264989762868770795e-02 1.382622782840045583e-01 1.066775879471288047e+00 1.583976612069926349e+00 1.686578675579401221e+00 1.495448959091061454e+02 1.810909558790752953e+02
1.947368421052631526e-01 1.222625033636781794e-01 1.826677373277226513e-01 1.067647650122150793e+00 1.584067077137094604e+00 1.686133870103001309e+00 1.508072997184357007e+02 1.827362910788303623e+02
2.421052631578947401e-01 1.517165187541065219e-01 2.270395834671150026e-01 1.069035110835334645e+00 1.584386750925192988e+00 1.685724661242819167e+00 1.525809808555213749e+02 1.850461249627821871e+02
2.894736842105263275e-01 1.809662106317884711e-01 2.713680925036134339e-01 1.070908272192047983e+00 1.584884658889810449e+00 1.685297129427601348e+00 1.548937373440074907e+02 1.880580882122954449e+02
3.368421052631579427e-01 2.099656185899525795e-01 3.156441387768567641e-01 1.073241784856276304e+00 1.585535072690243963e+00 1.684829103211958223e+00 1.577715238714866075e+02 1.918072069172466172e+02
3.842105263157894468e-01 2.386719593621715874e-01 3.598596410982730642e-01 1.076013839976660558e+00 1.586319994571536052e+00 1.684311208183799424e+00 1.612371819717909318e+02 1.963244456260194397e+02
4.315789473684210620e-01 2.670463994126709428e-01 4.040078644998377766e-01 1.079198063200980107e+00 1.587223646817887301e+00 1.683740690175312693e+00 1.653103732279517146e+02 2.016367363942416091e+02
4.789473684210526772e-01 2.950574273955758331e-01 4.480836475050978818e-01 1.082771506025141939e+00 1.588230257874401197e+00 1.683118143015894574e+00 1.700080562552882952e+02 2.077675605269519963e+02
5.263157894736841813e-01 3.226768123337777072e-01 4.920834762160748443e-01 1.086697391396119317e+00 1.589324001714874202e+00 1.682446494232184619e+00 1.753450265393263123e+02 2.147376534913141768e+02
5.736842105263157965e-01 3.498855643246396863e-01 5.360054482289339228e-01 1.090947201221573293e+00 1.590489109021688163e+00 1.681730152683006629e+00 1.813342806275070700e+02 2.225654807073304653e+02
6.210526315789474117e-01 3.766687456537454737e-01 5.798491953190951786e-01 1.095483978438890338e+00 1.591710005234667769e+00 1.680974126958943105e+00 1.879877541020677256e+02 2.312681060947234073e+02
6.684210526315789158e-01 4.030165283174346746e-01 6.236156901837061062e-01 1.100269661132772248e+00 1.592971792515571083e+00 1.680183820203989375e+00 1.953166161380252106e+02 2.408615880492109511e+02
7.157894736842105310e-01 4.289251069569008368e-01 6.673070330009612805e-01 1.105269746081936066e+00 1.594260592962604139e+00 1.679364770869996137e+00 2.033316068605428200e+02 2.513613992951919158e+02
7.631578947368421462e-01 4.543965187925716465e-01 7.109262239429818830e-01 1.110454078783627674e+00 1.595563692515004073e+00 1.678522344727104931e+00 2.120433203207693396e+02 2.627827785617894278e+02
8.105263157894736503e-01 4.794325529305296651e-01 7.544769691343399254e-01 1.115785733232309562e+00 1.596869848548892579e+00 1.677661723012165096e+00 2.214626617328103464e+02 2.751412660277458144e+02
8.578947368421052655e-01 5.040411670590774218e-01 7.979634355289146885e-01 1.121237269875478892e+00 1.598169158418488722e+00 1.676787677182944414e+00 2.316006671260276164e+02 2.884525270527720409e+02
9.052631578947368807e-01 5.282308498813669262e-01 8.413900996837239132e-01 1.126779962454264705e+00 1.599453600280561716e+00 1.675904653355935192e+00 2.424688672628494714e+02 3.027327703095104425e+02
9.526315789473683848e-01 5.520124509195082352e-01 8.847615838136759780e-01 1.132389059849337132e+00 1.600715895716530390e+00 1.675016425563832678e+00 2.540792733909617880e+02 3.179987446461360605e+02
1.000000000000000000e+00 5.753984316200464466e-01 9.280825222914446115e-01 1.138042944868506101e+00 1.601949514786146667e+00 1.674126614104455735e+00 2.664443890256557097e+02 3.342677653120225045e+02
