1.000000000000000056e-01 6.296454785614509497e-02 9.384140640779398135e-02 1.064689534082413402e+00 1.584202628612285890e+00 1.687650811962964514e+00 1.476954885795481118e+02 1.787274669563109910e+02
1.473684210526315930e-01 9.272865731543028511e-02 1.382796929552420062e-01 1.064693926985975869e+00 1.583903131435562273e+00 1.687105292941321277e+00 1.482214306221128766e+02 1.794184593328025983e+02
1.947368421052631526e-01 1.224134546493901715e-01 1.827011424784997784e-01 1.065259715262291795e+00 1.583927762922826998e+00 1.686744561099130957e+00 1.491119201975006945e+02 1.805786686469904225e+02
2.421052631578947401e-01 1.519844426195447462e-01 2.270985636085804116e-01 1.066228242752704336e+00 1.584136893074048036e+00 1.686425798354286298e+00 1.503675879505599653e+02 1.822123778636523923e+02
2.894736842105263275e-01 1.814080838807585194e-01 2.714644524394269620e-01 1.067567295806114869e+00 1.584485415540910047e+00 1.686101064578183983e+00 1.520041302154648122e+02 1.843417263590185939e+02
3.368421052631579427e-01 2.106478027016101262e-01 3.157912466959915676e-01 1.069251716129990371e+00 1.584953119914087827e+00 1.685749544479286266e+00 1.540397431461508972e+02 1.869917380546868628e+02
3.842105263157894468e-01 2.396687442970648341e-01 3.600716074988579152e-01 1.071272157470852360e+00 1.585528547812364852e+00 1.685361758828737511e+00 1.564924237555804609e+02 1.901870814996968875e+02
4.315789473684210620e-01 2.684370463217169989e-01 4.042986218235801177e-01 1.073617202384655300e+00 1.586202463870051815e+00 1.684933258226305242e+00 1.593789506307470560e+02 1.939509363316104782e+02
4.789473684210526772e-01 2.969220027046190480e-01 4.484660225842673209e-01 1.076277242698941761e+00 1.586966338269929944e+00 1.684462529572125167e+00 1.627148756111034800e+02 1.983049688749673578e+02
5.263157894736841813e-01 3.250937318444471757e-01 4.925683370032175046e-01 1.079232809526785353e+00 1.587811475719635324e+00 1.683950017459405979e+00 1.665145326499430212e+02 2.032693734981404816e+02
5.736842105263157965e-01 3.529269934609274295e-01 5.366009949057132244e-01 1.082467354744077070e+00 1.588728843319378248e+00 1.683397452121371929e+00 1.707910766547024934e+02 2.088629284747101451e+02
6.210526315789474117e-01 3.804004515924822583e-01 5.805604072453875997e-01 1.085962525688189073e+00 1.589708916494690261e+00 1.682807189626852162e+00 1.755567854358219222e+02 2.151033473544756305e+02
6.684210526315789158e-01 4.074955986434557476e-01 6.244439547309360572e-01 1.089695745613586508e+00 1.590742056396872162e+00 1.682182323999984686e+00 1.808231071230552800e+02 2.220073691107757554e+02
7.157894736842105310e-01 4.341971517247563694e-01 6.682499625862985404e-01 1.093642437171942428e+00 1.591818568312353133e+00 1.681526236124511797e+00 1.866008519419853542e+02 2.295909868666289242e+02
7.631578947368421462e-01 4.604977925780324721e-01 7.119776372135391274e-01 1.097787629021509614e+00 1.592929249095030420e+00 1.680842799569197021e+00 1.929003839441257924e+02 2.378696828081027945e+02
8.105263157894736503e-01 4.863885230706802565e-01 7.556269867252035644e-01 1.102103833032909153e+00 1.594064866454534490e+00 1.680135532119464870e+00 1.997317707509735669e+02 2.468586036525757663e+02
8.578947368421052655e-01 5.118645149367575531e-01 7.991987121984908127e-01 1.106567162468251153e+00 1.595216968607401586e+00 1.679408126223513875e+00 2.071049494165926035e+02 2.565727706695986399e+02
9.052631578947368807e-01 5.369246373682836637e-01 8.426940899973246468e-01 1.111156476054805164e+00 1.596377863709736111e+00 1.678664139169009584e+00 2.150297698177832046e+02 2.670271395680891260e+02
9.526315789473683848e-01 5.615702920895523365e-01 8.861148590790287605e-01 1.115851717986193758e+00 1.597539555377717635e+00 1.677907292521366944e+00 2.235161029753824380e+02 2.782367348928555089e+02
1.000000000000000000e+00 5.858059731329653408e-01 9.294631168015339284e-01 1.120635574666265510e+00 1.598696345992069778e+00 1.677140568750354221e+00 2.325739032394954222e+02 2.902167245509867826e+02
