1.000000000000000056e-01 6.294100523247947443e-02 9.383592230990898952e-02 1.067735017300141420e+00 1.584266118565587966e+00 1.687078296855318627e+00 1.490373126537652695e+02 1.803794243917803612e+02
1.473684210526315930e-01 9.274581073406505671e-02 1.382812655825609027e-01 1.067156323929200124e+00 1.583665460315084594e+00 1.686455604840451317e+00 1.490081400571501717e+02 1.803558498727534527e+02
1.947368421052631526e-01 1.225251537781346101e-01 1.827178816018826257e-01 1.066943019174205531e+00 1.583397752620726795e+00 1.686129254673932376e+00 1.491056225253600758e+02 1.805037475978372186e+02
2.421052631578947401e-01 1.522480230018220526e-01 2.271350828049262249e-01 1.066963774840212320e+00 1.583299013018256929e+00 1.685907922654578117e+00 1.493706701485287169e+02 1.808858583486081670e+02
2.894736842105263275e-01 1.818654779837884372e-01 2.715166506589248852e-01 1.067210743275603058e+00 1.583329945809044847e+00 1.685719521339995586e+00 1.498746511222057052e+02 1.816041104371250015e+02
3.368421052631579427e-01 2.113110632557980428e-01 3.158408078743826786e-01 1.067722397614429886e+00 1.583489193630834846e+00 1.685526702687562439e+00 1.507045526077012028e+02 1.827809547425684116e+02
3.842105263157894468e-01 2.405019694772564942e-01 3.600809756214669588e-01 1.068552813433649273e+00 1.583788349629138947e+00 1.685304966485704714e+00 1.519554912805992615e+02 1.845495749028659986e+02
4.315789473684210620e-01 2.693419078166098823e-01 4.042073797244011280e-01 1.069754781053199544e+00 1.584241735897651937e+00 1.685035810429386105e+00 1.537249792180746226e+02 1.870462117294408699e+02
4.789473684210526772e-01 2.977281352504080325e-01 4.481893326466054872e-01 1.071376241358964698e+00 1.584863078566385530e+00 1.684707131173708294e+00 1.561074338980337188e+02 1.904029161028747978e+02
5.263157894736841813e-01 3.255614413555427689e-01 4.919979460736804144e-01 1.073461900950711589e+00 1.585659437633967661e+00 1.684309788044497491e+00 1.591899451829664827e+02 1.947419117405563895e+02
5.736842105263157965e-01 3.527486714513366484e-01 5.356087365397639299e-01 1.076028762659248406e+00 1.586631050380923558e+00 1.683839644143533931e+00 1.630489165462094263e+02 2.001712642365037880e+02
6.210526315789474117e-01 3.792147411524727785e-01 5.790037925529589735e-01 1.079084209199718369e+00 1.587770248805648654e+00 1.683296379222874561e+00 1.677487098528316380e+02 2.067830715567716311e+02
6.684210526315789158e-01 4.049014506213991504e-01 6.221730744128218804e-01 1.082608997048648325e+00 1.589061768738172953e+00 1.682682785128379654e+00 1.733416946417563054e+02 2.146535508322341741e+02
7.157894736842105310e-01 4.297748768362111282e-01 6.651147875849909852e-01 1.086577410352733919e+00 1.590485426040305184e+00 1.682004933311158856e+00 1.798698422762462314e+02 2.238450824007349809e+02
7.631578947368421462e-01 4.538200976038734846e-01 7.078349001692451070e-01 1.090947362814292276e+00 1.592017635564940248e+00 1.681270792265534109e+00 1.873669232999571648e+02 2.344090436485042517e+02
8.105263157894736503e-01 4.770429472301535023e-01 7.503461110835040193e-01 1.095674518055131719e+00 1.593633189176746123e+00 1.680489107274887317e+00 1.958614791055611306e+02 2.463895524096456029e+02
8.578947368421052655e-01 4.994638119613848404e-01 7.926664270161019044e-01 1.100709691591904793e+00 1.595307270043168968e+00 1.679669015651521491e+00 2.053792276142340256e+02 2.598265599708549303e+02
9.052631578947368807e-01 5.211146031535616174e-01 8.348177204205730062e-01 1.106004078428604487e+00 1.597016578552900468e+00 1.678819577510793692e+00 2.159453942189705913e+02 2.747587697993090501e+02
9.526315789473683848e-01 5.420353956887872249e-01 8.768243805805499003e-01 1.111511376759573011e+00 1.598740972901288471e+00 1.677949142716762765e+00 2.275865213260094890e+02 2.912258854996644573e+02
1.000000000000000000e+00 5.622715029673295284e-01 9.187121695011627454e-01 1.117189338757188954e+00 1.600462961109717641e+00 1.677065156613818164e+00 2.403318191739538747e+02 3.092702482215076998e+02
