1.000000000000000056e-01 6.296492221155410018e-02 9.384086394555003763e-02 1.065768769121360870e+00 1.584226387913881151e+00 1.687498808008695450e+00 1.480509871322295226e+02 1.791575325290654632e+02
1.473684210526315930e-01 9.276600078579043396e-02 1.382850396907326640e-01 1.065354557725307405e+00 1.583738796080564448e+00 1.686937081704236618e+00 1.481566352007591831e+02 1.793114931061828088e+02
1.947368421052631526e-01 1.225227868567209250e-01 1.827169053740005933e-01 1.065369070741706947e+00 1.583573241694761435e+00 1.686621239667548400e+00 1.484771162742151489e+02 1.797489731530793904e+02
2.421052631578947401e-01 1.522016160083447811e-01 2.271275545869788637e-01 1.065681806385888164e+00 1.583583203374648418e+00 1.686382368712671109e+00 1.490471004585689059e+02 1.805198030832135885e+02
2.894736842105263275e-01 1.817623594104608165e-01 2.715061892937453703e-01 1.066283447140301766e+00 1.583728629699482138e+00 1.686159254449981715e+00 1.499150576075776371e+02 1.816900220825381496e+02
3.368421052631579427e-01 2.111591783827383439e-01 3.158406589549521137e-01 1.067191361633016644e+00 1.583998088725322217e+00 1.685922187125105554e+00 1.511310674422678346e+02 1.833271687904667147e+02
3.842105263157894468e-01 2.403422538066285474e-01 3.601181081855680532e-01 1.068426969316983666e+00 1.584389384287301361e+00 1.685654356103213569e+00 1.527431311124471165e+02 1.854958138209749734e+02
4.315789473684210620e-01 2.692575172454914623e-01 4.043256813616543099e-01 1.069999614470352522e+00 1.584902783237712942e+00 1.685345895363586921e+00 1.547955935023151426e+02 1.882556600230869321e+02
4.789473684210526772e-01 2.978556460120427851e-01 4.484512729759882466e-01 1.071930075066666710e+00 1.585536741324677923e+00 1.684990462395721700e+00 1.573284515820438969e+02 1.916606691101236777e+02
5.263157894736841813e-01 3.260880231105496296e-01 4.924841792582320132e-01 1.074221361259504848e+00 1.586287963536330281e+00 1.684584984944771602e+00 1.603770186055233467e+02 1.957586961293503691e+02
5.736842105263157965e-01 3.539095512388060194e-01 5.364156507833267584e-01 1.076865138012161438e+00 1.587150404044702423e+00 1.684128341588131628e+00 1.639719198597866523e+02 2.005914996044809868e+02
6.210526315789474117e-01 3.812874748687756776e-01 5.802392934826906545e-01 1.079863996939748993e+00 1.588115699692392191e+00 1.683621846309927506e+00 1.681394584464009654e+02 2.061951967600047055e+02
6.684210526315789158e-01 4.081894722026557232e-01 6.239512592860857465e-01 1.083192541911671691e+00 1.589173072277914045e+00 1.683067639212912470e+00 1.729020741503904333e+02 2.126008648524994840e+02
7.157894736842105310e-01 4.345947624681135713e-01 6.675502808856843551e-01 1.086831280532011501e+00 1.590310337326161561e+00 1.682469160041490275e+00 1.782789611664894949e+02 2.198353071923847892e+02
7.631578947368421462e-01 4.604901102610680641e-01 7.110375292194757169e-01 1.090756047073181856e+00 1.591514422662173578e+00 1.681830698981109151e+00 1.842867213920025620e+02 2.279218831213895555e+02
8.105263157894736503e-01 4.858711029050318819e-01 7.544163674229159566e-01 1.094943078918235946e+00 1.592771862193426813e+00 1.681156958611419894e+00 1.909400800990634366e+02 2.368813959300277077e+02
8.578947368421052655e-01 5.107356048218530953e-01 7.976920467348350696e-01 1.099358304032380440e+00 1.594069607437319513e+00 1.680453070743520794e+00 1.982525229187320690e+02 2.467328654048110650e+02
9.052631578947368807e-01 5.350907715146552279e-01 8.408712886012195131e-01 1.103975099087787903e+00 1.595394806300757473e+00 1.679723778689843350e+00 2.062367255271883835e+02 2.574941131525133642e+02
9.526315789473683848e-01 5.589465796172897738e-01 8.839619663645017500e-01 1.108763967448969545e+00 1.596735760814453897e+00 1.678973868703119487e+00 2.149051371346475321e+02 2.691824401922916081e+02
1.000000000000000000e+00 5.823172813035021322e-01 9.269727536848456628e-01 1.113697979188872367e+00 1.598081913341873328e+00 1.678207911523784235e+00 2.242703035487000705e+02 2.818150330438307947e+02
