1.000000000000000056e-01 6.296184940282782694e-02 9.384031812506930803e-02 1.065209445449924797e+00 1.584467693635683183e+00 1.687864795282852270e+00 1.478344054036451780e+02 1.789007387640463094e+02
1.473684210526315930e-01 9.272073934470677348e-02 1.382758756362594266e-01 1.065099184317482406e+00 1.584064942118137420e+00 1.687218665690382258e+00 1.483400599084533269e+02 1.795744875065068697e+02
1.947368421052631526e-01 1.223842676986035133e-01 1.826886166667277822e-01 1.065640721724517404e+00 1.584056256858361378e+00 1.686801950901302138e+00 1.492770039832385862e+02 1.808111517772431682e+02
2.421052631578947401e-01 1.518990150866829092e-01 2.270652593457421486e-01 1.066682326880703746e+00 1.584283500543132162e+00 1.686436165392925401e+00 1.506860714237372463e+02 1.826707549515785729e+02
2.894736842105263275e-01 1.812030246067027617e-01 2.713900145063806169e-01 1.068198344765060037e+00 1.584701220646089759e+00 1.686057182782711550e+00 1.526268420315008711e+02 1.852365170200937143e+02
3.368421052631579427e-01 2.102296128735907099e-01 3.156450138639949610e-01 1.070202972354460380e+00 1.585293993516844191e+00 1.685635803010893552e+00 1.551629196739163206e+02 1.885973544003215068e+02
3.842105263157894468e-01 2.389048553940553432e-01 3.598109290591301468e-01 1.072696383474944559e+00 1.586053875861198170e+00 1.685156556719495047e+00 1.583579229986815164e+02 1.928431499342496807e+02
4.315789473684210620e-01 2.671548005240833024e-01 4.038677762197530052e-01 1.075681641836641056e+00 1.586973737703376575e+00 1.684611769326518793e+00 1.622737025286530468e+02 1.980626022940528514e+02
4.789473684210526772e-01 2.949065202666688590e-01 4.477957421856644249e-01 1.079149586294349650e+00 1.588044033795392052e+00 1.683998707280330187e+00 1.669689723179063208e+02 2.043416353904783591e+02
5.263157894736841813e-01 3.220917406953154316e-01 4.915760198404847126e-01 1.083080510838895449e+00 1.589251636258721012e+00 1.683318038584509679e+00 1.724985813491194335e+02 2.117624979529460063e+02
5.736842105263157965e-01 3.486502017398373510e-01 5.351915229430586063e-01 1.087446849624148504e+00 1.590580378384284010e+00 1.682573449097678031e+00 1.789130605987386105e+02 2.204031857273782862e+02
6.210526315789474117e-01 3.745282341528686776e-01 5.786273615055239627e-01 1.092204442095085826e+00 1.592011396782176069e+00 1.681770800773593866e+00 1.862583067331738675e+02 2.303370660149642504e+02
6.684210526315789158e-01 3.996849242500823962e-01 6.218711406000911879e-01 1.097309678969576430e+00 1.593524032726395090e+00 1.680917298223615353e+00 1.945757246341380835e+02 2.416329732060939932e+02
7.157894736842105310e-01 4.240896421183358300e-01 6.649129671734618219e-01 1.102712956008138567e+00 1.595097103880610989e+00 1.680021182424673132e+00 2.039023805187268579e+02 2.543553762006213503e+02
7.631578947368421462e-01 4.477214697699617441e-01 7.077452785435335292e-01 1.108360909007909179e+00 1.596709757927154527e+00 1.679091143760121474e+00 2.142712912014677045e+02 2.685646707576795507e+02
8.105263157894736503e-01 4.705681619691024498e-01 7.503625330890052458e-01 1.114198590921272380e+00 1.598342099377684011e+00 1.678135852830032082e+00 2.257117637434923836e+02 2.843175123422470278e+02
8.578947368421052655e-01 4.926290192376983623e-01 7.927607914679656309e-01 1.120179711342838225e+00 1.599976181651430629e+00 1.677163693186302318e+00 2.382496175843122330e+02 3.016670136497395447e+02
9.052631578947368807e-01 5.139087189709481418e-01 8.349373180948376216e-01 1.126257225145168350e+00 1.601596454595886954e+00 1.676182459285077364e+00 2.519075133754611500e+02 3.206630007139604572e+02
9.526315789473683848e-01 5.344150698343926864e-01 8.768901503700833322e-01 1.132383514488061405e+00 1.603189318042888667e+00 1.675199256314379825e+00 2.667049698597529073e+02 3.413519030902535292e+02
1.000000000000000000e+00 5.541626786200677390e-01 9.186177156806417665e-01 1.138520356407866307e+00 1.604744854939802678e+00 1.674220052645951640e+00 2.826583612847272775e+02 3.637765796007381596e+02
