1.000000000000000056e-01 6.291855612873933912e-02 9.383080079893306447e-02 1.070370232541608235e+00 1.585486499119190817e+00 1.687940641081121296e+00 1.499732286079096752e+02 1.815417220110406333e+02
1.473684210526315930e-01 9.270198205899921051e-02 1.382706346595159175e-01 1.069411034779252256e+00 1.584456272022604750e+00 1.686854487349616294e+00 1.499648581706576635e+02 1.815552460694083550e+02
1.947368421052631526e-01 1.224399617707958993e-01 1.826959341298122208e-01 1.069100819052815066e+00 1.584006213084582004e+00 1.686280342055137771e+00 1.501904105190693599e+02 1.818816675437586525e+02
2.421052631578947401e-01 1.520861755382417468e-01 2.270920465829640578e-01 1.069199334461143902e+00 1.583846655371945022e+00 1.685888727542273369e+00 1.507052719888095567e+02 1.826047544584839102e+02
2.894736842105263275e-01 1.815743071025318345e-01 2.714386598974388720e-01 1.069671893706009458e+00 1.583899052919329309e+00 1.685559386746861454e+00 1.516014163897119147e+02 1.838539532838066179e+02
3.368421052631579427e-01 2.108213178692296408e-01 3.157104896276973216e-01 1.070550618837041279e+00 1.584144769881143056e+00 1.685233153727625055e+00 1.529836573224639267e+02 1.857750843766235960e+02
3.842105263157894468e-01 2.397311853784090674e-01 3.598787917073870135e-01 1.071885836280392690e+00 1.584584941587942497e+00 1.684875620855027067e+00 1.549598713181499932e+02 1.885178968285680696e+02
4.315789473684210620e-01 2.682010012390394493e-01 4.039135084621814920e-01 1.073725436015486201e+00 1.585223646886141591e+00 1.684464216835529937e+00 1.576341681018916461e+02 1.922273683545166136e+02
4.789473684210526772e-01 2.961269302389489266e-01 4.477858705162974795e-01 1.076098900482943321e+00 1.586062670436545030e+00 1.683985757508823733e+00 1.611022439961671751e+02 1.970376587637153420e+02
5.263157894736841813e-01 3.234138415026940883e-01 4.914709418173629496e-01 1.079020259006968629e+00 1.587096457974639385e+00 1.683433247140609934e+00 1.654481852870713681e+02 2.030680133339477038e+02
5.736842105263157965e-01 3.499818358915684491e-01 5.349497086874894780e-01 1.082484024729227778e+00 1.588311941799700922e+00 1.682805490623279443e+00 1.707429765847615215e+02 2.104208405326233162e+02
6.210526315789474117e-01 3.757704221926854160e-01 5.782104055962027367e-01 1.086464821497209243e+00 1.589688994514740328e+00 1.682105665828624197e+00 1.770450621891536684e+02 2.191823616906007999e+02
6.684210526315789158e-01 4.007406499888707674e-01 6.212488828844470179e-01 1.090921764995365972e+00 1.591202058314866274e+00 1.681340235790265369e+00 1.844018215394874858e+02 2.294244993762566764e+02
7.157894736842105310e-01 4.248747384071479560e-01 6.640681871111417944e-01 1.095803566768415838e+00 1.592822896804789723e+00 1.680517978377410016e+00 1.928521096105152424e+02 2.412080652092871844e+02
7.631578947368421462e-01 4.481752165488410156e-01 7.066775578398670765e-01 1.101056428748556026e+00 1.594522521599990084e+00 1.679648941039675769e+00 2.024290673918589221e+02 2.545862918767748511e+02
8.105263157894736503e-01 4.706569374613618351e-01 7.490911080102710118e-01 1.106617304557109271e+00 1.596272867104330251e+00 1.678743371425612807e+00 2.131626803546686233e+02 2.696080586996584429e+02
8.578947368421052655e-01 4.923478748858922116e-01 7.913264547923103409e-01 1.112428177081926428e+00 1.598048577468578868e+00 1.677811149402605340e+00 2.250820224322392846e+02 2.863207018462298379e+02
9.052631578947368807e-01 5.132844142956373146e-01 8.334034472781136627e-01 1.118435381037199861e+00 1.599827884011463697e+00 1.676861340331501138e+00 2.382170393952779364e+02 3.047722516945961502e+02
9.526315789473683848e-01 5.335080424649399911e-01 8.753431193469777272e-01 1.124590322145131660e+00 1.601592241943808004e+00 1.675902020128629433e+00 2.525998421501844859e+02 3.250130189153885567e+02
1.000000000000000000e+00 5.530628797678103226e-01 9.171668557556476031e-01 1.130849961752008470e+00 1.603326635871630046e+00 1.674940121222402434e+00 2.682655805949922296e+02 3.470966600756995604e+02
