1.000000000000000056e-01 6.296179181580165152e-02 9.384036717372683245e-02 1.065509266078561890e+00 1.583600945860987430e+00 1.686792721320317989e+00 1.481395024181238966e+02 1.792674825366242430e+02
1.473684210526315930e-01 9.277278509813770280e-02 1.382872939471176676e-01 1.065234252330415909e+00 1.583286497391480863e+00 1.686439743524941415e+00 1.481861666815669594e+02 1.793383376735577599e+02
1.947368421052631526e-01 1.225573391997714368e-01 1.827267070182902742e-01 1.065207950035264695e+00 1.583171665610865197e+00 1.686243591172844170e+00 1.483557568691957158e+02 1.795726342083695499e+02
2.421052631578947401e-01 1.522949166697246670e-01 2.271521847161686591e-01 1.065370045766933060e+00 1.583165906318020788e+00 1.686097307204077245e+00 1.486745963411857758e+02 1.800086266806444542e+02
2.894736842105263275e-01 1.819550415596618009e-01 2.715550182900108300e-01 1.065709392300482339e+00 1.583246878773822086e+00 1.685961124444088632e+00 1.491811130029979040e+02 1.806997424453352892e+02
3.368421052631579427e-01 2.115006091734722982e-01 3.159241796242980849e-01 1.066245798548884016e+00 1.583411832819934251e+00 1.685814744215368810e+00 1.499184264561457667e+02 1.817055928552613295e+02
3.842105263157894468e-01 2.408856575564394809e-01 3.602463940232072948e-01 1.066998738308318373e+00 1.583664876910705122e+00 1.685645389874225630e+00 1.509319110807658433e+02 1.830890259767582791e+02
4.315789473684210620e-01 2.700606684102625499e-01 4.045064058223677428e-01 1.068003587690190326e+00 1.584012099285462272e+00 1.685443609889299310e+00 1.522680334482121509e+02 1.849146349248261174e+02
4.789473684210526772e-01 2.989681001477618727e-01 4.486873236987415914e-01 1.069280738676613440e+00 1.584460133040794139e+00 1.685202762277474120e+00 1.539729891220008540e+02 1.872471414451675855e+02
5.263157894736841813e-01 3.275478606358233069e-01 4.927712040421187711e-01 1.070852294925557668e+00 1.585013924371302174e+00 1.684917530346489611e+00 1.560919906848564835e+02 1.901504244220693920e+02
5.736842105263157965e-01 3.557380996873497625e-01 5.367396822187784355e-01 1.072733721676306207e+00 1.585676389272597353e+00 1.684584303556440066e+00 1.586682412518619003e+02 1.936862661718103595e+02
6.210526315789474117e-01 3.834758503931085527e-01 5.805746737513138855e-01 1.074928831960283437e+00 1.586448195388662663e+00 1.684201472659004661e+00 1.617420611027202426e+02 1.979132606774924170e+02
6.684210526315789158e-01 4.107044155216121317e-01 6.242591357681120945e-01 1.077443394666498744e+00 1.587326388680877942e+00 1.683768102712545511e+00 1.653505570884433951e+02 2.028863182236996181e+02
7.157894736842105310e-01 4.373705885247416991e-01 6.677776596470839099e-01 1.080271144553089924e+00 1.588305505876695056e+00 1.683285101054631250e+00 1.695269920663797620e+02 2.086559081255201420e+02
7.631578947368421462e-01 4.634278123713766462e-01 7.111169906088304904e-01 1.083398905835375903e+00 1.589377627511556312e+00 1.682754756992669298e+00 1.743007099009350043e+02 2.152679146612749150e+02
8.105263157894736503e-01 4.888377656502347346e-01 7.542663452009852332e-01 1.086807852051463463e+00 1.590532527797507090e+00 1.682180313502087632e+00 1.796971494772196536e+02 2.227636344840102538e+02
8.578947368421052655e-01 5.135748377614729465e-01 7.972175733867286063e-01 1.090482117579121724e+00 1.591758304113163769e+00 1.681565799484199042e+00 1.857381770779431633e+02 2.311801403449965449e+02
9.052631578947368807e-01 5.376146075205896491e-01 8.399651213574683695e-01 1.094386794423225062e+00 1.593042390892660753e+00 1.680916093358995722e+00 1.924423446585295210e+02 2.405505773527241047e+02
9.526315789473683848e-01 5.609479825675686149e-01 8.825058093526426672e-01 1.098498571164953086e+00 1.594371689158018190e+00 1.680236201457676160e+00 1.998253020973224352e+02 2.509046824534366635e+02
1.000000000000000000e+00 5.835701057434916628e-01 9.248385941953078948e-01 1.102786281947153002e+00 1.595733151021203833e+00 1.679531442739921498e+00 2.079003108129273016e+02 2.622693553646290070e+02
