1.000000000000000056e-01 6.294341487281175651e-02 9.383583170892562109e-02 1.068823913744426868e+00 1.585785817382041385e+00 1.688688647776809049e+00 1.490442896407510034e+02 1.803880021915850307e+02
1.473684210526315930e-01 9.272305806227355840e-02 1.382734434466756923e-01 1.067867807420384230e+00 1.584738921584107008e+00 1.687546193712776699e+00 1.491254699175453595e+02 1.805272048967967748e+02
1.947368421052631526e-01 1.224251957704058369e-01 1.826868007977026642e-01 1.067700698921717484e+00 1.584334583041806077e+00 1.686923763238035834e+00 1.495708245412234305e+02 1.811563750249863460e+02
2.421052631578947401e-01 1.519747646287881726e-01 2.270526855896597418e-01 1.068092470628502655e+00 1.584280974763973004e+00 1.686470089458100396e+00 1.504848083297453343e+02 1.824279455855745766e+02
2.894736842105263275e-01 1.812689807747594473e-01 2.713397052894262473e-01 1.069040058085184430e+00 1.584507501608413138e+00 1.686054238028082519e+00 1.520138352564196680e+02 1.845473960162075855e+02
3.368421052631579427e-01 2.101826191838105928e-01 3.155099527928286740e-01 1.070599990921669020e+00 1.585001395323104134e+00 1.685609582646471649e+00 1.543161894601041979e+02 1.877361334885515589e+02
3.842105263157894468e-01 2.385774458125275443e-01 3.595220457695167404e-01 1.072836800260655865e+00 1.585765714425362516e+00 1.685099224534783779e+00 1.575476398982903277e+02 1.922133683650395710e+02
4.315789473684210620e-01 2.663118756690294187e-01 4.033351841139047322e-01 1.075787001643892182e+00 1.586798571231488930e+00 1.684501164600269441e+00 1.618518992656640023e+02 1.981838892353189863e+02
4.789473684210526772e-01 2.932575330597392838e-01 4.469133735292769027e-01 1.079462521661709307e+00 1.588087957592376753e+00 1.683806296761173327e+00 1.673539584061234677e+02 2.058295237863133593e+02
5.263157894736841813e-01 3.193100470804561275e-01 4.902289412943044988e-01 1.083843331421888045e+00 1.589608469290541226e+00 1.683014434851139551e+00 1.741574156769788431e+02 2.153055770999166043e+02
5.736842105263157965e-01 3.443915914274212065e-01 5.332645350787439398e-01 1.088867567366258449e+00 1.591324354104495242e+00 1.682133207775933670e+00 1.823447502069355437e+02 2.267411060377596357e+02
6.210526315789474117e-01 3.684603498474207650e-01 5.760135039853515604e-01 1.094462282739844250e+00 1.593192731796673867e+00 1.681174930115125976e+00 1.919806420561024822e+02 2.402429606825423889e+02
6.684210526315789158e-01 3.915020836648917535e-01 6.184788476109212008e-01 1.100533177582552646e+00 1.595168456510433153e+00 1.680154608927487692e+00 2.031164009506152581e+02 2.559012942204783485e+02
7.157894736842105310e-01 4.135297440903528132e-01 6.606713243412334347e-01 1.106987698294915390e+00 1.597207864841639013e+00 1.679088352744684265e+00 2.157948450202096353e+02 2.737956384397760985e+02
7.631578947368421462e-01 4.345723153265823591e-01 7.026072062723870415e-01 1.113728823295411230e+00 1.599272127244250274e+00 1.677991799396848283e+00 2.300542306747671262e+02 2.939998791998551724e+02
8.105263157894736503e-01 4.546747407134159591e-01 7.443062783648243252e-01 1.120674027146465468e+00 1.601328370721629923e+00 1.676878718338902896e+00 2.459319397479809766e+02 3.165868063987790606e+02
8.578947368421052655e-01 4.738888678650958197e-01 7.857900655137378676e-01 1.127748706234387166e+00 1.603350234974124877e+00 1.675761071513702793e+00 2.634665172411291110e+02 3.416307533454032068e+02
9.052631578947368807e-01 4.922719594005443566e-01 8.270805850236599976e-01 1.134892651086557569e+00 1.605317543010964298e+00 1.674648918174354684e+00 2.826993613320852887e+02 3.692096918163368855e+02
9.526315789473683848e-01 5.098737977435671143e-01 8.681993730843786672e-01 1.142040911217554910e+00 1.607215788995483230e+00 1.673550358885984579e+00 3.036749708893489696e+02 3.994056395072058763e+02
1.000000000000000000e+00 5.267544979089366919e-01 9.091670770158010173e-01 1.149160444644006907e+00 1.609034272322522607e+00 1.672471478255439958e+00 3.264425331481308490e+02 4.323065327052433418e+02
