1.000000000000000056e-01 6.294325410532683462e-02 9.383597457462748703e-02 1.067310662006067057e+00 1.585120056330046268e+00 1.688174447422785995e+00 1.486464161933408263e+02 1.799074652225616830e+02
1.473684210526315930e-01 9.269749253086125018e-02 1.382696489394379669e-01 1.066891429945097558e+00 1.584429846343293313e+00 1.687265487912515738e+00 1.490593256794003594e+02 1.804674089818661287e+02
1.947368421052631526e-01 1.223558570141340673e-01 1.826788746904294547e-01 1.067232250635856694e+00 1.584267051583031494e+00 1.686723057201260589e+00 1.499150478373803992e+02 1.816088554184026123e+02
2.421052631578947401e-01 1.518573381426228108e-01 2.270474459727942207e-01 1.068133404252133101e+00 1.584402390558816265e+00 1.686285326070326551e+00 1.512717968463286979e+02 1.834168189103031636e+02
2.894736842105263275e-01 1.811277478949914754e-01 2.713551878342079782e-01 1.069564243224921718e+00 1.584770339444263154e+00 1.685857805399230136e+00 1.532116810591321610e+02 1.860064675201225839e+02
3.368421052631579427e-01 2.100819930880505337e-01 3.155784326905144432e-01 1.071535495881702271e+00 1.585349465794419377e+00 1.685396142214817594e+00 1.558230743185206393e+02 1.895021167228447041e+02
3.842105263157894468e-01 2.386268745999261809e-01 3.596908766247354783e-01 1.074061787725355988e+00 1.586130859848028152e+00 1.684876582616066543e+00 1.591949203405101514e+02 1.940304694257534095e+02
4.315789473684210620e-01 2.666671902795766380e-01 4.036647965182582065e-01 1.077155425471227224e+00 1.587106803097949159e+00 1.684286800363801406e+00 1.634136484179013564e+02 1.997168912758100419e+02
4.789473684210526772e-01 2.941079651509687642e-01 4.474723995113546460e-01 1.080807378849445444e+00 1.588265673219861007e+00 1.683621110381431141e+00 1.685605301782389915e+02 2.066822671492241739e+02
5.263157894736841813e-01 3.208614057396050323e-01 4.910872561318877505e-01 1.084995574156787601e+00 1.589590872435245217e+00 1.682879562018939401e+00 1.747101567475517641e+02 2.150410382442999548e+02
5.736842105263157965e-01 3.468497626392776367e-01 5.344854748992453608e-01 1.089679588172077107e+00 1.591060914987426855e+00 1.682066406708681461e+00 1.819291630244202906e+02 2.248995854248268529e+02
6.210526315789474117e-01 3.720082110734687642e-01 5.776465019708771909e-01 1.094803368586824144e+00 1.592650335443350329e+00 1.681189173110833490e+00 1.902756201629444490e+02 2.363553875018024257e+02
6.684210526315789158e-01 3.962906078108796581e-01 6.205534943129157321e-01 1.100309852214101713e+00 1.594331066015471476e+00 1.680257302141811682e+00 1.997990332564728249e+02 2.494968547739988196e+02
7.157894736842105310e-01 4.196645746039342484e-01 6.631932446694367433e-01 1.106130329877309304e+00 1.596074671299113179e+00 1.679281711065167881e+00 2.105406462874967701e+02 2.644035210739815511e+02
7.631578947368421462e-01 4.421125604294366407e-01 7.055557752216444767e-01 1.112194455403606286e+00 1.597853672765127353e+00 1.678273644683087040e+00 2.225339582107975218e+02 2.811464348725552327e+02
8.105263157894736503e-01 4.636287912235848019e-01 7.476337027313700867e-01 1.118430943224813401e+00 1.599642925761369794e+00 1.677244056867556843e+00 2.358051854379400254e+02 2.997884371300167459e+02
8.578947368421052655e-01 4.842227637422547026e-01 7.894215031157718609e-01 1.124782101007901769e+00 1.601420214584288626e+00 1.676203610824855694e+00 2.503736717976573516e+02 3.203843098884506730e+02
9.052631578947368807e-01 5.039070387853356037e-01 8.309148257706208129e-01 1.131184230359547183e+00 1.603165520409665090e+00 1.675161663349649332e+00 2.662522069349960248e+02 3.429806737287765372e+02
9.526315789473683848e-01 5.227035572549820763e-01 8.721098091596827251e-01 1.137586707025964650e+00 1.604865321966906011e+00 1.674125990609333980e+00 2.834469249955620285e+02 3.676153297888730549e+02
1.000000000000000000e+00 5.406380681468579974e-01 9.130025524401463866e-01 1.143944485468827654e+00 1.606507829133813292e+00 1.673103536541218350e+00 3.019571704659559828e+02 3.943163701109769477e+02
