1.000000000000000056e-01 6.294488401636826047e-02 9.383619432202026933e-02 1.067096235134684656e+00 1.584518611956436063e+00 1.687516041339245154e+00 1.486800799025668880e+02 1.799456040333020610e+02
1.473684210526315930e-01 9.271901568414185613e-02 1.382733310758373912e-01 1.066685442787234539e+00 1.583949518356999153e+00 1.686812549702270347e+00 1.489130645453786599e+02 1.802726463928220255e+02
1.947368421052631526e-01 1.224166804951794668e-01 1.826894731539442374e-01 1.066857498365756607e+00 1.583798287524424531e+00 1.686399339470136649e+00 1.494948674224147567e+02 1.810624809963769053e+02
2.421052631578947401e-01 1.519831383202908115e-01 2.270700482870277592e-01 1.067484986992792706e+00 1.583892219398376211e+00 1.686066420809293920e+00 1.504960392551255950e+02 1.824132622104392567e+02
2.894736842105263275e-01 1.813528577566127231e-01 2.713980929723918689e-01 1.068564075768777322e+00 1.584185780739024496e+00 1.685736671153210686e+00 1.519988679295708494e+02 1.844363160407800990e+02
3.368421052631579427e-01 2.104556629666032019e-01 3.156555728589434118e-01 1.070126431465300509e+00 1.584665493837949413e+00 1.685373086422060851e+00 1.540827556544286949e+02 1.872384546819244520e+02
3.842105263157894468e-01 2.392183113619371360e-01 3.598248445718650879e-01 1.072192495569344928e+00 1.585325381568642777e+00 1.684955692261558946e+00 1.568197396652183784e+02 1.909165548279049744e+02
4.315789473684210620e-01 2.675704235103390505e-01 4.038900744238184681e-01 1.074771919680041821e+00 1.586158790746138747e+00 1.684474154782005462e+00 1.602726166765035032e+02 1.955553288532420595e+02
4.789473684210526772e-01 2.954503659839404217e-01 4.478384645296972777e-01 1.077866409894254307e+00 1.587154965889222336e+00 1.683924159237712992e+00 1.644947331189929400e+02 2.012271025031130307e+02
5.263157894736841813e-01 3.228049612644895427e-01 4.916610935425976270e-01 1.081454989459349036e+00 1.588299029499869119e+00 1.683306227769125307e+00 1.695303780460743326e+02 2.079923781644442045e+02
5.736842105263157965e-01 3.495959416178855417e-01 5.353533643011497700e-01 1.085512299925782465e+00 1.589571781161795538e+00 1.682623637003686001e+00 1.754161617522587733e+02 2.159015470263839234e+02
6.210526315789474117e-01 3.757967477678164081e-01 5.789149704383822481e-01 1.089998274392120603e+00 1.590951709478817033e+00 1.681882251318010502e+00 1.821823633638141473e+02 2.249966320981471029e+02
6.684210526315789158e-01 4.013932290408848136e-01 6.223495436164022676e-01 1.094865934471109803e+00 1.592415996418069524e+00 1.681089298201876803e+00 1.898546080065570152e+02 2.353133800678928651e+02
7.157894736842105310e-01 4.263865072600114825e-01 6.656640681434016216e-01 1.100074275345461094e+00 1.593942010717107838e+00 1.680252827683505812e+00 1.984555513642573885e+02 2.468833497918729165e+02
7.631578947368421462e-01 4.507833477171555581e-01 7.088681537750771700e-01 1.105570705687027200e+00 1.595508056599121760e+00 1.679380868940762772e+00 2.080061226044414298e+02 2.597354712997583874e+02
8.105263157894736503e-01 4.745989230612021048e-01 7.519733035741933413e-01 1.111306186791325423e+00 1.597094146193996034e+00 1.678481350746569234e+00 2.185267039199928831e+02 2.738975012422702662e+02
8.578947368421052655e-01 4.978551851535847339e-01 7.949922314980746307e-01 1.117236513053676994e+00 1.598682934483880436e+00 1.677561597728638443e+00 2.300379895366801009e+02 2.893970796321826242e+02
9.052631578947368807e-01 5.205787555643002218e-01 8.379382720729896539e-01 1.123321930984001460e+00 1.600259491560755309e+00 1.676628213407061363e+00 2.425615679166032237e+02 3.062624413280420299e+02
9.526315789473683848e-01 5.427975842084895586e-01 8.808249028613092113e-01 1.129524195330543934e+00 1.601810541954740597e+00 1.675687250248917071e+00 2.561203456752899115e+02 3.245229275578801662e+02
1.000000000000000000e+00 5.645414555900833964e-01 9.236653629007295363e-01 1.135810197159544233e+00 1.603327579981238760e+00 1.674743587231222186e+00 2.707387189661844786e+02 3.442091976893281640e+02
