1.000000000000000056e-01 6.297214663117577105e-02 9.384229127497684120e-02 1.067084063108174830e+00 1.585666543839617582e+00 1.688987553472924175e+00 1.481300220959105332e+02 1.792446214356135386e+02
1.473684210526315930e-01 9.277722063311599765e-02 1.382865149856673526e-01 1.066085955508556893e+00 1.584670086661541299e+00 1.687941547182528090e+00 1.481148867499637731e+02 1.792535535016286872e+02
1.947368421052631526e-01 1.225297101849327636e-01 1.827138299544374678e-01 1.065792086978716968e+00 1.584253944050065366e+00 1.687388528118127340e+00 1.483704798269850471e+02 1.796240843751936893e+02
2.421052631578947401e-01 1.521745676736752373e-01 2.271065933107048462e-01 1.065947915675867330e+00 1.584135592856847907e+00 1.687004016077919610e+00 1.489582453557559916e+02 1.804510317937840682e+02
2.894736842105263275e-01 1.816324376906593430e-01 2.714395995315071475e-01 1.066530173592344921e+00 1.584244637827663338e+00 1.686669082259216523e+00 1.499869475315075817e+02 1.818891181215984716e+02
3.368421052631579427e-01 2.108010221428871511e-01 3.156804709141151633e-01 1.067582793831077570e+00 1.584568486561034550e+00 1.686322552791835516e+00 1.515836941312700787e+02 1.841175258582779293e+02
3.842105263157894468e-01 2.395585802787157936e-01 3.597911970599103060e-01 1.069162471544227166e+00 1.585115285568853061e+00 1.685929411619608853e+00 1.538815161857135649e+02 1.873243068603916583e+02
4.315789473684210620e-01 2.677731808078784859e-01 4.037308274528144669e-01 1.071325039514400057e+00 1.585892798580073926e+00 1.685465710894125557e+00 1.570107183900762493e+02 1.916952899292895722e+02
4.789473684210526772e-01 2.953119158054779425e-01 4.474589178324736016e-01 1.074104279499865644e+00 1.586903849897301155e+00 1.684918283394222671e+00 1.610914659168001890e+02 1.974045847599271042e+02
5.263157894736841813e-01 3.220551626112138077e-01 4.909392031288929426e-01 1.077516243113777250e+00 1.588139423160463304e+00 1.684280965263522667e+00 1.662288959014330203e+02 2.046081439229012062e+02
5.736842105263157965e-01 3.479000412986485991e-01 5.341425821486034398e-01 1.081535964750065304e+00 1.589580523215465835e+00 1.683555050259959662e+00 1.725100267867928778e+02 2.134397763090599085e+02
6.210526315789474117e-01 3.727729737034743418e-01 5.770490572393649487e-01 1.086121691501265474e+00 1.591198425324675814e+00 1.682747200252423525e+00 1.800039030235319615e+02 2.240110829370642023e+02
6.684210526315789158e-01 3.966291088211562066e-01 6.196482327410188784e-01 1.091209808568164297e+00 1.592957235746371492e+00 1.681867748619997105e+00 1.887634606493987519e+02 2.364136945526500426e+02
7.157894736842105310e-01 4.194491932391423705e-01 6.619385991294506333e-01 1.096720263232834114e+00 1.594818792988571765e+00 1.680930235149545870e+00 1.988286410442391912e+02 2.507231100027128718e+02
7.631578947368421462e-01 4.412408704489386158e-01 7.039260580381768717e-01 1.102575590491175372e+00 1.596745762760119591e+00 1.679948489711562409e+00 2.102301690339515403e+02 2.670033492288923753e+02
8.105263157894736503e-01 4.620286901040440708e-01 7.456220551399022067e-01 1.108695023442361149e+00 1.598703762474474210e+00 1.678936151118846976e+00 2.229928425197655031e+02 2.853110730221457629e+02
8.578947368421052655e-01 4.818509706638967605e-01 7.870417776827971501e-01 1.115003810620565972e+00 1.600663019245272212e+00 1.677905527595773272e+00 2.371383799511618236e+02 3.056991192645471074e+02
9.052631578947368807e-01 5.007545053841662153e-01 8.282025696397978809e-01 1.121435549421121891e+00 1.602598776860582053e+00 1.676867998778199809e+00 2.526874718069780101e+02 3.282190860839652373e+02
9.526315789473683848e-01 5.187897558153051758e-01 8.691226929471125295e-01 1.127930721316698026e+00 1.604491152158104894e+00 1.675832816654329926e+00 2.696611111138989259e+02 3.529230076836938679e+02
1.000000000000000000e+00 5.360095174755324932e-01 9.098204357821835231e-01 1.134440331601662466e+00 1.606326445140442649e+00 1.674807790478151093e+00 2.880814693245379203e+02 3.798644611024366213e+02
