1.000000000000000056e-01 6.296719617665479107e-02 9.384166246024081004e-02 1.065353263884030399e+00 1.583651923170408926e+00 1.686904041718677139e+00 1.480157893865104484e+02 1.791103009646908220e+02
1.473684210526315930e-01 9.278797351242805413e-02 1.382909164489098119e-01 1.065008344663082029e+00 1.583304341745847443e+00 1.686545050601675477e+00 1.479963730723382014e+02 1.790941733916842225e+02
1.947368421052631526e-01 1.225919869200293166e-01 1.827345750222315046e-01 1.064879817428949105e+00 1.583151727162510181e+00 1.686356529035269114e+00 1.480570423993931115e+02 1.791865473414224539e+02
2.421052631578947401e-01 1.523601680219293930e-01 2.271656792941391112e-01 1.064901183649288541e+00 1.583099880162849082e+00 1.686227041746229283e+00 1.482243014223492992e+02 1.794280718561788603e+02
2.894736842105263275e-01 1.820600545373214918e-01 2.715735401831388396e-01 1.065066630281469973e+00 1.583128052645088157e+00 1.686114253963955534e+00 1.485448109672027215e+02 1.798853845275375818e+02
3.368421052631579427e-01 2.116471491654110526e-01 3.159435680836398808e-01 1.065403056777891599e+00 1.583238181889327523e+00 1.685995648774396338e+00 1.490761488160585770e+02 1.806394934966029666e+02
3.842105263157894468e-01 2.410636657119956672e-01 3.602575569131613031e-01 1.065944093716847618e+00 1.583439802262192497e+00 1.685855099887294761e+00 1.498825735428519295e+02 1.817801651865658243e+02
4.315789473684210620e-01 2.702444980134684482e-01 4.044944432151977853e-01 1.066742300250193454e+00 1.583746506232991624e+00 1.685680711049624136e+00 1.510316519617202005e+02 1.834013765895234087e+02
4.789473684210526772e-01 2.991134516276308664e-01 4.486314896546741426e-01 1.067833043334516008e+00 1.584171177457948332e+00 1.685463062000983614e+00 1.525911688011200624e+02 1.855971819443429069e+02
5.263157894736841813e-01 3.275936820425743301e-01 4.926458308098315975e-01 1.069258442008697019e+00 1.584724212701998258e+00 1.685194060820487394e+00 1.546262806406459163e+02 1.884579081994073135e+02
5.736842105263157965e-01 3.556072916717203936e-01 5.365161664576981737e-01 1.071042852299878501e+00 1.585411712800624651e+00 1.684869082240879834e+00 1.571971700304447097e+02 1.920670641018216429e+02
6.210526315789474117e-01 3.830828649241757589e-01 5.802243575613946769e-01 1.073202623139973388e+00 1.586235772777510711e+00 1.684485131127146040e+00 1.603572812100454996e+02 1.964990773869143084e+02
6.684210526315789158e-01 4.099607933419728845e-01 6.237568041276300157e-01 1.075747111051738703e+00 1.587192379878920923e+00 1.684041315838805453e+00 1.641526092201450240e+02 2.018183238910014268e+02
7.157894736842105310e-01 4.361939462969203762e-01 6.671053089826921578e-01 1.078672853940822352e+00 1.588273488372207831e+00 1.683539627040733011e+00 1.686216282916660703e+02 2.080790754939553153e+02
7.631578947368421462e-01 4.617493922529801176e-01 7.102674455705323409e-01 1.081964436305945743e+00 1.589467021296945726e+00 1.682983508735103495e+00 1.737960005845315834e+02 2.153264163955547019e+02
8.105263157894736503e-01 4.866087233116458410e-01 7.532464235629898752e-01 1.085597517032257153e+00 1.590757626471199115e+00 1.682377528702676317e+00 1.797017627137658735e+02 2.235977729580058053e+02
8.578947368421052655e-01 5.107685598340567790e-01 7.960505587875009725e-01 1.089544745847280893e+00 1.592128660512390326e+00 1.681727533535189112e+00 1.863607832267941546e+02 2.329247785351526261e+02
9.052631578947368807e-01 5.342398408452115888e-01 8.386925265435271060e-01 1.093779232869015239e+00 1.593563210361254034e+00 1.681040049764126243e+00 1.937924364989968922e+02 2.433353616833576893e+02
9.526315789473683848e-01 5.570398900922614027e-01 8.811883911942733905e-01 1.098264865870667517e+00 1.595044182781998110e+00 1.680321424454143342e+00 2.020147007942842379e+02 2.548551862657203344e+02
1.000000000000000000e+00 5.791947067839794405e-01 9.235567311737338247e-01 1.102967731201156543e+00 1.596555515098141420e+00 1.679577853926988329e+00 2.110455357802022149e+02 2.675093284291450573e+02
