1.000000000000000056e-01 6.297681966676405008e-02 9.384356828758298741e-02 1.065180069122579898e+00 1.584451171213590248e+00 1.687920094724677522e+00 1.476637676967160360e+02 1.786740091899808647e+02
1.473684210526315930e-01 9.278134379075377025e-02 1.382891491793988015e-01 1.064716339741247575e+00 1.583920309516774871e+00 1.687305517394697807e+00 1.477875149114731244e+02 1.788501041648889327e+02
1.947368421052631526e-01 1.225440726949479642e-01 1.827239497666083845e-01 1.064727326792013207e+00 1.583737063570310966e+00 1.686962507411719825e+00 1.481277142697387319e+02 1.793076780368778032e+02
2.421052631578947401e-01 1.522369943802820424e-01 2.271406741495329284e-01 1.065040367639792818e+00 1.583732054185770677e+00 1.686708384186337284e+00 1.486962136411088693e+02 1.800673770199438763e+02
2.894736842105263275e-01 1.818254952755836984e-01 2.715300962364037285e-01 1.065618316165142021e+00 1.583855877969748915e+00 1.686478417002607699e+00 1.495255273472209296e+02 1.811750489361732548e+02
3.368421052631579427e-01 2.112709070241463039e-01 3.158810722753012112e-01 1.066473917562453355e+00 1.584092832156878572e+00 1.686242654397632545e+00 1.506541952438827821e+02 1.826842692371430701e+02
3.842105263157894468e-01 2.405252128139672985e-01 3.601806266846778182e-01 1.067609857842092502e+00 1.584438672625415379e+00 1.685983848474191138e+00 1.521229901854012496e+02 1.846518677479764392e+02
4.315789473684210620e-01 2.695386044933834047e-01 4.044141985183846155e-01 1.069047895784655422e+00 1.584893488212057333e+00 1.685691232453021549e+00 1.539735416118292903e+02 1.871362443907756017e+02
4.789473684210526772e-01 2.982539273339667174e-01 4.485659348136029623e-01 1.070793888821312434e+00 1.585458506553263591e+00 1.685358018651235135e+00 1.562472664167952701e+02 1.901961499218028848e+02
5.263157894736841813e-01 3.266149053848166894e-01 4.926191364033673525e-01 1.072862411288663553e+00 1.586133722308950889e+00 1.684979448797427892e+00 1.589846122994931648e+02 1.938897425800254268e+02
5.736842105263157965e-01 3.545636972206414050e-01 5.365567446701640097e-01 1.075258132005045386e+00 1.586917372105018487e+00 1.684552800330601618e+00 1.622244902503138064e+02 1.982739126671029339e+02
6.210526315789474117e-01 3.820425008197078087e-01 5.803618728576541708e-01 1.077976104645626876e+00 1.587805885597082023e+00 1.684077277069881307e+00 1.660036701188488450e+02 2.034035338160914534e+02
6.684210526315789158e-01 4.089979276009597098e-01 6.240183157792383861e-01 1.081009378539125709e+00 1.588793338144985023e+00 1.683553584882437448e+00 1.703562610269626134e+02 2.093308155974323199e+02
7.157894736842105310e-01 4.353811965001838646e-01 6.675110242098392099e-01 1.084344184859947768e+00 1.589871240673707664e+00 1.682983454508947041e+00 1.753135433333446258e+02 2.161050515551620492e+02
7.631578947368421462e-01 4.611494927007417921e-01 7.108264346754449292e-01 1.087961078953688432e+00 1.591029662004416867e+00 1.682369945431419600e+00 1.809036404255286357e+02 2.237722091235548589e+02
8.105263157894736503e-01 4.862665322816356328e-01 7.539527013391549293e-01 1.091835162209898735e+00 1.592257312589230756e+00 1.681716986695917182e+00 1.871514830870264348e+02 2.323748408585799439e+02
8.578947368421052655e-01 5.107034410165447458e-01 7.968797877053193091e-01 1.095938185059733838e+00 1.593541482314083435e+00 1.681029195322838898e+00 1.940788297661685817e+02 2.419520651530199586e+02
9.052631578947368807e-01 5.344417959972578291e-01 8.395994466029014225e-01 1.100245250668993702e+00 1.594869326790352870e+00 1.680311651455007604e+00 2.017044773664972297e+02 2.525397647959254641e+02
9.526315789473683848e-01 5.574663211466391877e-01 8.821050845594716749e-01 1.104722046927068213e+00 1.596228030321174662e+00 1.679569627482837113e+00 2.100443404845074156e+02 2.641706251952153366e+02
1.000000000000000000e+00 5.797698256250884974e-01 9.243915381432128431e-01 1.109337004607663157e+00 1.597605381296318905e+00 1.678808337692440977e+00 2.191115753462648286e+02 2.768742269295519804e+02
