1.000000000000000056e-01 6.294434263110411376e-02 9.383644730575661785e-02 1.068891208868413267e+00 1.585612125870535793e+00 1.688471274608803974e+00 1.491126761794102720e+02 1.804674076907359961e+02
1.473684210526315930e-01 9.274359852523492154e-02 1.382796171268671770e-01 1.067874064153802038e+00 1.584569238673582126e+00 1.687392600489591832e+00 1.490569956167857413e+02 1.804203781607798476e+02
1.947368421052631526e-01 1.224983521587085927e-01 1.827070286719320313e-01 1.067501325927109113e+00 1.584105651606311893e+00 1.686828981727492627e+00 1.492223092394219179e+02 1.806737559672990301e+02
2.421052631578947401e-01 1.521502401419611294e-01 2.270983232492902737e-01 1.067535294108016730e+00 1.583937484860959977e+00 1.686446697031843911e+00 1.496860013479480926e+02 1.813472043931921576e+02
2.894736842105263275e-01 1.816072710545094671e-01 2.714218561668304552e-01 1.067971724132366296e+00 1.583999801062136781e+00 1.686120046019362606e+00 1.505837819820112315e+02 1.826367126813150890e+02
3.368421052631579427e-01 2.107418309222592601e-01 3.156347247655834631e-01 1.068873772832263258e+00 1.584291871926382322e+00 1.685782904826184758e+00 1.520812072169866553e+02 1.847788459084855219e+02
3.842105263157894468e-01 2.393996303455100394e-01 3.596851185872703693e-01 1.070338118369086322e+00 1.584831941645434839e+00 1.685392243212535668e+00 1.543569085748447947e+02 1.880288131371452494e+02
4.315789473684210620e-01 2.674073580791935245e-01 4.035170591225765158e-01 1.072439474001032567e+00 1.585640061605346318e+00 1.684920482741931291e+00 1.575873837661077062e+02 1.926403502980183475e+02
4.789473684210526772e-01 2.945968719893861665e-01 4.470767944139969474e-01 1.075241796180231635e+00 1.586723241921877747e+00 1.684349795478912393e+00 1.619332421541959377e+02 1.988475361419062040e+02
5.263157894736841813e-01 3.208180247458552459e-01 4.903193211898486115e-01 1.078757886085940587e+00 1.588073760980998506e+00 1.683674462506891567e+00 1.675294184336689511e+02 2.068518509200480082e+02
5.736842105263157965e-01 3.459579616172020478e-01 5.332133652155163217e-01 1.082965075780399467e+00 1.589664756200990015e+00 1.682896838702980347e+00 1.744808247136518560e+02 2.168163405716364309e+02
6.210526315789474117e-01 3.699474942094855834e-01 5.757437156591167504e-01 1.087805289311308821e+00 1.591456956232747855e+00 1.682027162314523761e+00 1.828639205899808644e+02 2.288674559980638890e+02
6.684210526315789158e-01 3.927612425187272382e-01 6.179108079384805219e-01 1.093196612999581374e+00 1.593403044801789958e+00 1.681080749910120353e+00 1.927322724989592757e+02 2.431021060936263609e+02
7.157894736842105310e-01 4.144095720939206529e-01 6.597282860902174972e-01 1.099038990486578937e+00 1.595453149838593321e+00 1.680074941065545335e+00 2.041238545357040550e+02 2.595970381301527823e+02
7.631578947368421462e-01 4.349344884796735311e-01 7.012196856649924870e-01 1.105237915070168109e+00 1.597561185179293242e+00 1.679027226744545409e+00 2.170685486854612520e+02 2.784184595372669833e+02
8.105263157894736503e-01 4.543946557487978932e-01 7.424150502249859951e-01 1.111699127436684087e+00 1.599687347099846502e+00 1.677953866065174937e+00 2.315941900020278013e+02 2.996298844241860024e+02
8.578947368421052655e-01 4.728609948836239307e-01 7.833480667418334376e-01 1.118341017308501772e+00 1.601798542188061170e+00 1.676869193867297936e+00 2.477310806182756835e+02 3.232980204591810889e+02
9.052631578947368807e-01 4.904086865931283068e-01 8.240538966599142423e-01 1.125092849859854693e+00 1.603868908056669040e+00 1.675784839731319087e+00 2.655150022786723980e+02 3.494967348210767000e+02
9.526315789473683848e-01 5.071131208502238641e-01 8.645676900964167633e-01 1.131895818563575684e+00 1.605879649018120858e+00 1.674709934980964432e+00 2.849891270878840714e+02 3.783095767317469154e+02
1.000000000000000000e+00 5.230490727974681509e-01 9.049236864441847494e-01 1.138706516288320758e+00 1.607818242828946476e+00 1.673651685945890533e+00 3.062053965789137919e+02 4.098315475214783419e+02
