1.000000000000000056e-01 6.298484274152425788e-02 9.384491344608886232e-02 1.068796414694376695e+00 1.587676263095096241e+00 1.691093795931990496e+00 1.481789330146876296e+02 1.792886886056853371e+02
1.473684210526315930e-01 9.279397356096930061e-02 1.382896425556103537e-01 1.066976132461473048e+00 1.585981617864598681e+00 1.689373760484575104e+00 1.480232328931548125e+02 1.791299482503485478e+02
1.947368421052631526e-01 1.225454823930588744e-01 1.827151762668300927e-01 1.066282688331514628e+00 1.585227889008717916e+00 1.688490136390522478e+00 1.482202268785835031e+02 1.794364358257796823e+02
2.421052631578947401e-01 1.521733381017483233e-01 2.270998205008795956e-01 1.066221668389702337e+00 1.584924377910127191e+00 1.687907850947637067e+00 1.488110172760113414e+02 1.802843567796174682e+02
2.894736842105263275e-01 1.815811595547541790e-01 2.714116206810885945e-01 1.066712947274383039e+00 1.584937194744739486e+00 1.687434474215953939e+00 1.499204710734327648e+02 1.818554461324875149e+02
3.368421052631579427e-01 2.106408935248846592e-01 3.156088665701943796e-01 1.067784677970702978e+00 1.585233970035905271e+00 1.686976662891129131e+00 1.517051898300344988e+02 1.843733629445420092e+02
3.842105263157894468e-01 2.392000136592869197e-01 3.596425407402759067e-01 1.069495974886208733e+00 1.585814366995202507e+00 1.686480580457042189e+00 1.543323684393910185e+02 1.880770472519577083e+02
4.315789473684210620e-01 2.670954315418594405e-01 4.034605825195379802e-01 1.071905817660328220e+00 1.586682107270997566e+00 1.685912860547961856e+00 1.579646690531295121e+02 1.932013446981215168e+02
4.789473684210526772e-01 2.941687858646507836e-01 4.470132992236498515e-01 1.075047985151800889e+00 1.587832872233299719e+00 1.685255070934029931e+00 1.627487432143816193e+02 1.999621071059792712e+02
5.263157894736841813e-01 3.202807967258947119e-01 4.902586649452643219e-01 1.078914313343481091e+00 1.589247958707302955e+00 1.684500488436420751e+00 1.688074833246131732e+02 2.085460444175640475e+02
5.736842105263157965e-01 3.453262430424397511e-01 5.331662369761666076e-01 1.083464217663136386e+00 1.590894596414882400e+00 1.683652276815387205e+00 1.762370564240945896e+02 2.191066517549641333e+02
6.210526315789474117e-01 3.692394761979153062e-01 5.757189024438410518e-01 1.088627420768431220e+00 1.592729306479523599e+00 1.682720691477503250e+00 1.851084508995647298e+02 2.317659002677108901e+02
6.684210526315789158e-01 3.919926287880103333e-01 6.179124107348429318e-01 1.094310103639201337e+00 1.594703204674846386e+00 1.681720454995202063e+00 1.954718125927056178e+02 2.466195703386757714e+02
7.157894736842105310e-01 4.135908089733434378e-01 6.597533569959601607e-01 1.100407848302616509e+00 1.596766264167331251e+00 1.680668261817378051e+00 2.073622534857795188e+02 2.637444805014024496e+02
7.631578947368421462e-01 4.340693521804187549e-01 7.012564819028216379e-01 1.106827608849229483e+00 1.598873847073301713e+00 1.679581414079236001e+00 2.208058677346307661e+02 2.832059851965378243e+02
8.105263157894736503e-01 4.534756696899759909e-01 7.424418204328884219e-01 1.113468188214562060e+00 1.600986803540676684e+00 1.678475199865236300e+00 2.358238603401356670e+02 3.050632704898146130e+02
8.578947368421052655e-01 4.718704168939340526e-01 7.833323868710910798e-01 1.120246157967597300e+00 1.603073675529951725e+00 1.677363257697193966e+00 2.524364300049328733e+02 3.293742238397363167e+02
9.052631578947368807e-01 4.893194881081029401e-01 8.239523495092744287e-01 1.127090036512275573e+00 1.605109789093065675e+00 1.676256739002832896e+00 2.706649105518125111e+02 3.561982152306131866e+02
9.526315789473683848e-01 5.058902468412523890e-01 8.643257871470872988e-01 1.133942285800999761e+00 1.607077532657945618e+00 1.675164686592185648e+00 2.905331763005470975e+02 3.855979386634555226e+02
1.000000000000000000e+00 5.216493422553002413e-01 9.044759274167676333e-01 1.140757797644191163e+00 1.608965378039155958e+00 1.674093946283038425e+00 3.120685110170397820e+02 4.176405723179507277e+02
