1.000000000000000056e-01 6.293996686303669763e-02 9.383577319152147656e-02 1.068067430518765182e+00 1.584448194100845697e+00 1.687226450751765139e+00 1.491338343341355994e+02 1.804972232346747774e+02
1.473684210526315930e-01 9.274869286681887426e-02 1.382825217599445156e-01 1.067400711580601236e+00 1.583771846250844106e+00 1.686540005918144791e+00 1.490675488782995899e+02 1.804232763009679843e+02
1.947368421052631526e-01 1.225431032300733913e-01 1.827239318479516317e-01 1.067104298623262615e+00 1.583450031053069029e+00 1.686188812537649628e+00 1.490911920995548030e+02 1.804693330520357790e+02
2.421052631578947401e-01 1.523012326686732643e-01 2.271520667548293237e-01 1.067003154348952876e+00 1.583292556492274850e+00 1.685963881686680432e+00 1.492223909194497082e+02 1.806673619808354090e+02
2.894736842105263275e-01 1.819861150383826343e-01 2.715535088115408335e-01 1.067071884258260051e+00 1.583248583527576914e+00 1.685789057625204812e+00 1.495121884202414435e+02 1.810930665611405459e+02
3.368421052631579427e-01 2.115431934336893249e-01 3.159084293663675935e-01 1.067338024781347539e+00 1.583310187734586094e+00 1.685625408291026917e+00 1.500317437779132490e+02 1.818494480162289051e+02
3.842105263157894468e-01 2.408950573731755418e-01 3.601903245282081500e-01 1.067836197877987114e+00 1.583487238996314161e+00 1.685447977896653127e+00 1.508665508283536383e+02 1.830592600056303922e+02
4.315789473684210620e-01 2.699484743432722378e-01 4.043666933122072038e-01 1.068627039429709935e+00 1.583796349140434767e+00 1.685237436909228004e+00 1.521115086941165657e+02 1.848582802481093665e+02
4.789473684210526772e-01 2.985926811741075326e-01 4.484007183948597874e-01 1.069761024386925774e+00 1.584255009664980118e+00 1.684977767474564958e+00 1.538655577453371279e+02 1.873880328505709940e+02
5.263157894736841813e-01 3.267105920196616275e-01 4.922538945485113171e-01 1.071290080189041038e+00 1.584879722134623137e+00 1.684658054409517325e+00 1.562259004598207923e+02 1.907880114536342262e+02
5.736842105263157965e-01 3.541873390791844822e-01 5.358893017824896132e-01 1.073258819363528627e+00 1.585679238142055691e+00 1.684269387772223681e+00 1.592829164620022766e+02 1.951888126703520356e+02
6.210526315789474117e-01 3.809157400808089733e-01 5.792748631236293022e-01 1.075686170638300965e+00 1.586655329080409516e+00 1.683807775932810280e+00 1.631157354684674488e+02 2.007063368206067651e+02
6.684210526315789158e-01 4.068086852388047014e-01 6.223861520089553068e-01 1.078578484909777702e+00 1.587801417563986739e+00 1.683273141484022739e+00 1.677901079327261584e+02 2.074388910498025780e+02
7.157894736842105310e-01 4.318005303604057765e-01 6.652081238159928134e-01 1.081917866065666534e+00 1.589102237395841666e+00 1.682668594552919838e+00 1.733579148493347191e+02 2.154665691817904758e+02
7.631578947368421462e-01 4.558543390439985799e-01 7.077356992294278060e-01 1.085678467087151100e+00 1.590536886465681032e+00 1.682000284568272885e+00 1.798587023905242859e+02 2.248532174936955244e+02
8.105263157894736503e-01 4.789547184002498348e-01 7.499732254088198324e-01 1.089816146689483345e+00 1.592081704769104933e+00 1.681276726440080527e+00 1.873220556263224807e+02 2.356495597041252381e+02
8.578947368421052655e-01 5.011114334885167221e-01 7.919332257767180971e-01 1.094286896727014735e+00 1.593710120237290306e+00 1.680507369174112586e+00 1.957709139289733002e+02 2.478974722595270919e+02
9.052631578947368807e-01 5.223499545132156419e-01 8.336347195533038157e-01 1.099039585221028181e+00 1.595396675178397450e+00 1.679701747000194922e+00 2.052245680419271991e+02 2.616338979023926754e+02
9.526315789473683848e-01 5.427091695258225990e-01 8.751014742423139925e-01 1.104024763686337840e+00 1.597117855222240923e+00 1.678869007300813232e+00 2.157013469567133370e+02 2.768943441177534623e+02
1.000000000000000000e+00 5.622364942665790677e-01 9.163604232373453451e-01 1.109196521660493762e+00 1.598853420125940783e+00 1.678017870715661886e+00 2.272208170253977642e+02 2.937157227937638595e+02
