1.000000000000000056e-01 6.299138469864147549e-02 9.384672006857727733e-02 1.063868733157951940e+00 1.583799745468955411e+00 1.687456209916423644e+00 1.471768877933355668e+02 1.780662500087655076e+02
1.473684210526315930e-01 9.281285559419887032e-02 1.382952007533986283e-01 1.063515204747674359e+00 1.583467590878219422e+00 1.687091781916189692e+00 1.472094579189001138e+02 1.781250828725713689e+02
1.947368421052631526e-01 1.225967977729941205e-01 1.827325305985257053e-01 1.063483695151986597e+00 1.583362643008324522e+00 1.686888232390693521e+00 1.474181687496777613e+02 1.784190939932097137e+02
2.421052631578947401e-01 1.523109948676357461e-01 2.271486428300334703e-01 1.063706185908173119e+00 1.583390637051070859e+00 1.686728577357287984e+00 1.478445889550016830e+02 1.790090070036565066e+02
2.894736842105263275e-01 1.819097664270688253e-01 2.715301996459897893e-01 1.064185641526607551e+00 1.583533707549253267e+00 1.686568005023014072e+00 1.485501758902229597e+02 1.799798999588405479e+02
3.368421052631579427e-01 2.113369023284926984e-01 3.158611450193917758e-01 1.064952024339999026e+00 1.583793717327354189e+00 1.686382543046766047e+00 1.496022764120986324e+02 1.814239227962396228e+02
3.842105263157894468e-01 2.405296484705120585e-01 3.601235675691655258e-01 1.066049826467156070e+00 1.584179886017293315e+00 1.686157577176847555e+00 1.510684760904972563e+02 1.834332188029878523e+02
4.315789473684210620e-01 2.694185816861969784e-01 4.042988279041084820e-01 1.067508600568940258e+00 1.584699098687262442e+00 1.685881979577268819e+00 1.530135878059269601e+02 1.860960875731407498e+02
4.789473684210526772e-01 2.979346303946994179e-01 4.483688386885508748e-01 1.069358882122356302e+00 1.585357475743936151e+00 1.685549510415450314e+00 1.554974001960021610e+02 1.894941205742781847e+02
5.263157894736841813e-01 3.260115380134409047e-01 4.923173568495367580e-01 1.071617202393918555e+00 1.586155645923259749e+00 1.685155502352080337e+00 1.585734699811301880e+02 1.937006438089009350e+02
5.736842105263157965e-01 3.535890638224908344e-01 5.361310777886492129e-01 1.074287537021844097e+00 1.587089678012382432e+00 1.684698904254556595e+00 1.622882785311891212e+02 1.987796969755477505e+02
6.210526315789474117e-01 3.806199439585110644e-01 5.798004944010392014e-01 1.077371981291218805e+00 1.588151113822338090e+00 1.684181118889946482e+00 1.666814352954636149e+02 2.047862525425653359e+02
6.684210526315789158e-01 4.070648487111875879e-01 6.233203326006186984e-01 1.080850548209025375e+00 1.589327817340998594e+00 1.683605016951830846e+00 1.717861250442739163e+02 2.117668222983116380e+02
7.157894736842105310e-01 4.328978847255758322e-01 6.666896251584063515e-01 1.084698473958157994e+00 1.590604103050434315e+00 1.682974990272354088e+00 1.776300389783246203e+02 2.197606419488698464e+02
7.631578947368421462e-01 4.581060170248775765e-01 7.099114897337005514e-01 1.088887026277896686e+00 1.591963410997192963e+00 1.682297226173364857e+00 1.842366718084053332e+02 2.288012758039314747e+02
8.105263157894736503e-01 4.826859560640850422e-01 7.529926229530012893e-01 1.093379947140642239e+00 1.593387932103019322e+00 1.681578075949568651e+00 1.916264953146134644e+02 2.389181085970005256e+02
8.578947368421052655e-01 5.066450504312195458e-01 7.959426762749461925e-01 1.098141415660990994e+00 1.594860113770480314e+00 1.680824229059750152e+00 1.998181369243665131e+02 2.501378098224004134e+02
9.052631578947368807e-01 5.299969189951647675e-01 8.387735643984783884e-01 1.103131948570475807e+00 1.596363165647689097e+00 1.680041777159487992e+00 2.088293817365835423e+02 2.624855858328432987e+02
9.526315789473683848e-01 5.527637016909142664e-01 8.814987984020525857e-01 1.108318696909170287e+00 1.597881741936927114e+00 1.679237500884367185e+00 2.186780604023998649e+02 2.759862773641781928e+02
1.000000000000000000e+00 5.749706998187996687e-01 9.241328925214014056e-01 1.113667881222780487e+00 1.599402203117270993e+00 1.678417061992884429e+00 2.293826546439205174e+02 2.906650908670838476e+02
