1.000000000000000056e-01 6.298467921029922423e-02 9.384523133792843641e-02 1.064080397821542068e+00 1.583792710078376631e+00 1.687380521074757667e+00 1.473248916661784449e+02 1.782541556063505936e+02
1.473684210526315930e-01 9.279825785620547662e-02 1.382925266515214191e-01 1.063808615652727996e+00 1.583480744653260386e+00 1.687006858070781323e+00 1.474260382472013475e+02 1.783987032933451360e+02
1.947368421052631526e-01 1.225739029967996552e-01 1.827297003519414709e-01 1.063861442524052014e+00 1.583393495975841336e+00 1.686790776870352282e+00 1.477065645532570670e+02 1.787792670484733435e+02
2.421052631578947401e-01 1.522853372399551597e-01 2.271492236548451893e-01 1.064158787637888848e+00 1.583433957403416414e+00 1.686619519115305499e+00 1.481920662298599325e+02 1.794336786296048842e+02
2.894736842105263275e-01 1.818976807883317948e-01 2.715413718393893672e-01 1.064691312899407327e+00 1.583577071032560513e+00 1.686450658453182649e+00 1.489227348443159826e+02 1.804177207684413133e+02
3.368421052631579427e-01 2.113683326215220204e-01 3.158942820472577240e-01 1.065472315990826813e+00 1.583819666637155343e+00 1.686263743708990237e+00 1.499432313975759143e+02 1.817929909259115107e+02
3.842105263157894468e-01 2.406494825258330972e-01 3.601941239481751267e-01 1.066529042846479314e+00 1.584164523531793600e+00 1.686046055395066912e+00 1.512996784858372905e+02 1.836233062348500766e+02
4.315789473684210620e-01 2.696855553697528607e-01 4.044253999871227356e-01 1.067877179507161767e+00 1.584615797845693397e+00 1.685788851416241130e+00 1.530383312209963549e+02 1.859731142557408532e+02
4.789473684210526772e-01 2.984188437366981361e-01 4.485713994079614242e-01 1.069539306207633933e+00 1.585177770221684934e+00 1.685486197916224338e+00 1.552046188813781953e+02 1.889063075770486932e+02
5.263157894736841813e-01 3.267885444603772505e-01 4.926147507992534313e-01 1.071528089897531233e+00 1.585852530040896768e+00 1.685133950060567765e+00 1.578423416466267497e+02 1.924852430032657367e+02
5.736842105263157965e-01 3.547344252196171777e-01 5.365380338070040445e-01 1.073851854708751441e+00 1.586639734600560514e+00 1.684729616320328027e+00 1.609928516547311972e+02 1.967697447859407589e+02
6.210526315789474117e-01 3.821984759228410633e-01 5.803244684519687224e-01 1.076512324887357819e+00 1.587536358257709113e+00 1.684273005228253073e+00 1.646947216450508336e+02 2.018166273170203908e+02
6.684210526315789158e-01 4.091271916409606191e-01 6.239584512900419044e-01 1.079503859956716383e+00 1.588536458155838327e+00 1.683764794421450883e+00 1.689830492563159510e+02 2.076788916535931264e+02
7.157894736842105310e-01 4.354721347755903804e-01 6.674260917662563353e-01 1.082811496392151351e+00 1.589631424934253801e+00 1.683207013222355997e+00 1.738894147714186715e+02 2.144056003724772665e+02
7.631578947368421462e-01 4.611932178596095389e-01 7.107155614869132831e-01 1.086417219789838517e+00 1.590810730539690576e+00 1.682603238466865436e+00 1.794418355459468444e+02 2.220417997033889321e+02
8.105263157894736503e-01 4.862565288756631188e-01 7.538172746362573617e-01 1.090293623629523756e+00 1.592062219060905059e+00 1.681957781858230749e+00 1.856648403543989616e+02 2.306285898463433455e+02
8.578947368421052655e-01 5.106383803096939955e-01 7.967239242946499989e-01 1.094413893122201831e+00 1.593372715457562094e+00 1.681275631037599361e+00 1.925797544271739810e+02 2.402034366748351033e+02
9.052631578947368807e-01 5.343210271831648761e-01 8.394303470460258154e-01 1.098744365714510840e+00 1.594728611061603241e+00 1.680562137269454803e+00 2.002049401079659958e+02 2.508004549392059346e+02
9.526315789473683848e-01 5.572976568450908053e-01 8.819333368712763965e-01 1.103256709010907555e+00 1.596116479168753877e+00 1.679822722982546646e+00 2.085562794914947631e+02 2.624509400881809711e+02
1.000000000000000000e+00 5.795659466422544703e-01 9.242313299041119423e-01 1.107918163473894158e+00 1.597523614862502495e+00 1.679063031453279953e+00 2.176474039478024451e+02 2.751836363553366596e+02
