1.000000000000000056e-01 6.288166153802057790e-02 9.383264517342058963e-02 1.066543642897270550e+00 1.584746650151826586e+00 1.687429750527708938e+00 1.495333299409682013e+02 1.810243071907628121e+02
1.473684210526315930e-01 9.252105894227885541e-02 1.382587523543926111e-01 1.067806832776190484e+00 1.584732656836717490e+00 1.686621113294817231e+00 1.514046150434201934e+02 1.833936527275765513e+02
1.947368421052631526e-01 1.220193725756272551e-01 1.826635003479729624e-01 1.069778795559623408e+00 1.585077574690585189e+00 1.685986593585447224e+00 1.538087887119247910e+02 1.864393864362852185e+02
2.421052631578947401e-01 1.513437299245578849e-01 2.270409844129804844e-01 1.072233793468743812e+00 1.585616551152873921e+00 1.685385009034656489e+00 1.567034917862926591e+02 1.901124921492821329e+02
2.894736842105263275e-01 1.804641184269632215e-01 2.713852386353174939e-01 1.075090161928056620e+00 1.586289354262079510e+00 1.684772874300232148e+00 1.600782419638722160e+02 1.944030384828555498e+02
3.368421052631579427e-01 2.093495561500769708e-01 3.156903256277034941e-01 1.078289553583188232e+00 1.587065550466400854e+00 1.684134083207627697e+00 1.639348296387891537e+02 1.993163274111891212e+02
3.842105263157894468e-01 2.379731431441338696e-01 3.599504144746334955e-01 1.081803512893170893e+00 1.587925931970942894e+00 1.683462934701181357e+00 1.682809033641185579e+02 2.048651042564503939e+02
4.315789473684210620e-01 2.663068596600420279e-01 4.041598774555842932e-01 1.085595698909527229e+00 1.588856199160251670e+00 1.682758302949792784e+00 1.731276054229201122e+02 2.110666470063871714e+02
4.789473684210526772e-01 2.943257701481889477e-01 4.483133414082948742e-01 1.089639179641145317e+00 1.589844214675499190e+00 1.682021138830868789e+00 1.784881173375727030e+02 2.179410306326159343e+02
5.263157894736841813e-01 3.220080853162808343e-01 4.924057614269497507e-01 1.093911703558363646e+00 1.590879295499664892e+00 1.681253705675715304e+00 1.843770224163974660e+02 2.255103226176210569e+02
5.736842105263157965e-01 3.493312933115159113e-01 5.364324707411616266e-01 1.098382338275902370e+00 1.591951816872992920e+00 1.680459082412969707e+00 1.908099979051549155e+02 2.337982023608992108e+02
6.210526315789474117e-01 3.762782319157120803e-01 5.803891719904215041e-01 1.103030530741077930e+00 1.593052594896100738e+00 1.679640488874410753e+00 1.978032871911560733e+02 2.428293664457261514e+02
6.684210526315789158e-01 4.028328735029834684e-01 6.242719673621149878e-01 1.107832400895774505e+00 1.594173223002035122e+00 1.678801435146386911e+00 2.053736824856892724e+02 2.526294793331332755e+02
7.157894736842105310e-01 4.289805815828288682e-01 6.680773540573697877e-01 1.112762774598404558e+00 1.595305940427293789e+00 1.677945457942123131e+00 2.135384168152504287e+02 2.632250457879387682e+02
7.631578947368421462e-01 4.547100582902293131e-01 7.118021816639166222e-01 1.117800271494418629e+00 1.596443663772511457e+00 1.677076091026012072e+00 2.223148609910910238e+02 2.746430729186274107e+02
8.105263157894736503e-01 4.800145103020295179e-01 7.554436140254391363e-01 1.122929108184463898e+00 1.597580057162016232e+00 1.676196853930076003e+00 2.317204177537483076e+02 2.869109527529703882e+02
8.578947368421052655e-01 5.048837546548184951e-01 7.989991461146749296e-01 1.128123202536574388e+00 1.598709105718235213e+00 1.675310881893022241e+00 2.417730123664157702e+02 3.000570119106349125e+02
9.052631578947368807e-01 5.293129303734537272e-01 8.424664996992731192e-01 1.133365274817198731e+00 1.599825713461392240e+00 1.674421282252865462e+00 2.524903396809033040e+02 3.141096634174373889e+02
9.526315789473683848e-01 5.532981470565647708e-01 8.858436069701128845e-01 1.138637834877651134e+00 1.600925566729368921e+00 1.673530873694470067e+00 2.638901265787119996e+02 3.290977034084526167e+02
1.000000000000000000e+00 5.768370253619075072e-01 9.291285598173052440e-01 1.143924731866016842e+00 1.602004976085890320e+00 1.672642261679737841e+00 2.759900130007710004e+02 3.450501770291610910e+02
