1.000000000000000056e-01 6.292088508641054123e-02 9.383189931324698030e-02 1.066465593743971763e+00 1.585067403632678174e+00 1.688149413932247711e+00 1.486216918252909807e+02 1.799062917268583703e+02
1.473684210526315930e-01 9.258754028542826031e-02 1.382490044938521623e-01 1.066896417832905009e+00 1.584716981677062986e+00 1.687230968229607164e+00 1.498919921429107092e+02 1.815697136100510818e+02
1.947368421052631526e-01 1.220726257603518550e-01 1.826270667562446270e-01 1.068361969020276137e+00 1.584926647495133345e+00 1.686571403692449511e+00 1.519667292181616460e+02 1.842756191175243714e+02
2.421052631578947401e-01 1.513018618272163607e-01 2.269501443905500293e-01 1.070651274685507026e+00 1.585479035832240147e+00 1.685947947578569472e+00 1.548836001326612859e+02 1.880791277155191210e+02
2.894736842105263275e-01 1.802006346062691444e-01 2.712028994363598344e-01 1.073680072967563959e+00 1.586295474215261958e+00 1.685287798424416783e+00 1.586924491673728710e+02 1.930492939701126431e+02
3.368421052631579427e-01 2.087001455604283462e-01 3.153716738523294483e-01 1.077395937095435574e+00 1.587331005171938259e+00 1.684563376396610579e+00 1.634405691729304237e+02 1.992516952029196204e+02
3.842105263157894468e-01 2.367421223818004239e-01 3.594452718911295142e-01 1.081754000181637032e+00 1.588550209979735728e+00 1.683766471974492029e+00 1.691699916424927608e+02 2.067453749376052770e+02
4.315789473684210620e-01 2.642754444972912897e-01 4.034154670602497217e-01 1.086684841211559949e+00 1.589919611721569259e+00 1.682897859006471375e+00 1.759179966246396134e+02 2.155835029410928030e+02
4.789473684210526772e-01 2.912636214628225861e-01 4.472771346563013117e-01 1.092126614048131161e+00 1.591406680216384650e+00 1.681963557698608724e+00 1.837178382971009967e+02 2.258143395685276573e+02
5.263157894736841813e-01 3.176799046295674667e-01 4.910281324389716429e-01 1.098006079427795489e+00 1.592980225426672725e+00 1.680972440786095978e+00 1.926001272311008279e+02 2.374829138058533715e+02
5.736842105263157965e-01 3.435086345745539949e-01 5.346689201506374944e-01 1.104250937322314607e+00 1.594610854658468968e+00 1.679934456965794132e+00 2.025936970598473295e+02 2.506321380524342146e+02
6.210526315789474117e-01 3.687458222102071304e-01 5.782020875758798750e-01 1.110797049240919820e+00 1.596271949997083439e+00 1.678859852761628524e+00 2.137265682814750392e+02 2.653039848691510656e+02
6.684210526315789158e-01 3.933921153366105039e-01 6.216318508434177659e-01 1.117574911421634010e+00 1.597940219589742750e+00 1.677758531497433037e+00 2.260269110862000730e+02 2.815406549602745372e+02
7.157894736842105310e-01 4.174573621554850678e-01 6.649635226978360958e-01 1.124528327322742438e+00 1.599596164526983166e+00 1.676639844638113885e+00 2.395233173946709826e+02 2.993849570305170005e+02
7.631578947368421462e-01 4.409525365980552225e-01 7.082030979796867243e-01 1.131598875786307801e+00 1.601223888637441917e+00 1.675512196929685560e+00 2.542454334807977148e+02 3.188810587886036956e+02
8.105263157894736503e-01 4.638962630931923181e-01 7.513568548902166411e-01 1.138744083608193458e+00 1.602810205724691128e+00 1.674382473746756750e+00 2.702238328163888923e+02 3.400743807137358203e+02
8.578947368421052655e-01 4.863069910048326561e-01 7.944311002684815159e-01 1.145922320209484591e+00 1.604344696897384015e+00 1.673257015803637948e+00 2.874903992463650866e+02 3.630120430774771307e+02
9.052631578947368807e-01 5.082049091588526357e-01 8.374319413782816968e-01 1.153098840650093493e+00 1.605820662370217811e+00 1.672140831775005054e+00 3.060782161483127197e+02 3.877427664528393620e+02
9.526315789473683848e-01 5.296106013344457075e-01 8.803651505875956795e-01 1.160244100647900289e+00 1.607233355750913084e+00 1.671038430234888406e+00 3.260215650635875591e+02 4.143168726909195811e+02
1.000000000000000000e+00 5.505439795284930993e-01 9.232360781831646657e-01 1.167332146289189909e+00 1.608579917770712076e+00 1.669952978555802714e+00 3.473558465779967719e+02 4.427861957477564943e+02
