1.000000000000000056e-01 6.296358902041586381e-02 9.384046824200320547e-02 1.065626923772269974e+00 1.584132897888325342e+00 1.687409653290125044e+00 1.480312215297050784e+02 1.791359076804290282e+02
1.473684210526315930e-01 9.275752366262272897e-02 1.382827143861593555e-01 1.065295350273836261e+00 1.583697299469476905e+00 1.686876840718026349e+00 1.481960382768988893e+02 1.793683059053105922e+02
1.947368421052631526e-01 1.224954188888353196e-01 1.827095381384123418e-01 1.065410416462392096e+00 1.583578481302126306e+00 1.686565460178127696e+00 1.486192073580915007e+02 1.799428927127037525e+02
2.421052631578947401e-01 1.521353980128857253e-01 2.271098655080022177e-01 1.065861878269388496e+00 1.583644177347946380e+00 1.686315804187245471e+00 1.493503429298569927e+02 1.809295266302014795e+02
2.894736842105263275e-01 1.816287998912298751e-01 2.714702549498975714e-01 1.066660628325944105e+00 1.583860806791241638e+00 1.686069074144877833e+00 1.504515995025721224e+02 1.824128565403686366e+02
3.368421052631579427e-01 2.109179035087269671e-01 3.157755458843100049e-01 1.067824993409506762e+00 1.584220404859735254e+00 1.685795568310915593e+00 1.519857990116391306e+02 1.844780475485061118e+02
3.842105263157894468e-01 2.399405864527187626e-01 3.600097232256310731e-01 1.069379142258989335e+00 1.584722963468173873e+00 1.685479139827537276e+00 1.540129490632636191e+02 1.872064971258183448e+02
4.315789473684210620e-01 2.686333238767614762e-01 4.041568379887363616e-01 1.071342767460894629e+00 1.585368275768202606e+00 1.685109839361963902e+00 1.565883617114884032e+02 1.906735896097889622e+02
4.789473684210526772e-01 2.969352831535862491e-01 4.482019885000101400e-01 1.073729568436145421e+00 1.586153824560591730e+00 1.684682253213194425e+00 1.597618635344291249e+02 1.949476942502463714e+02
5.263157894736841813e-01 3.247875954510774932e-01 4.921321752136688654e-01 1.076533228031253175e+00 1.587073606203254883e+00 1.684194008543891563e+00 1.635774285742296854e+02 2.000897478025742373e+02
5.736842105263157965e-01 3.521437542360970063e-01 5.359369926204997636e-01 1.079755319843896055e+00 1.588118151524418931e+00 1.683646112612677159e+00 1.680732336939031200e+02 2.061533263896930919e+02
6.210526315789474117e-01 3.789605681681045835e-01 5.796090767125439136e-01 1.083368947304490515e+00 1.589274538933175496e+00 1.683040964959654939e+00 1.732822202927053183e+02 2.131853436676784668e+02
6.684210526315789158e-01 4.052074508110777851e-01 6.231442807305030973e-01 1.087348727309958685e+00 1.590527516157966392e+00 1.682382855115868381e+00 1.792327305338239682e+02 2.212268503063282026e+02
7.157894736842105310e-01 4.308637687101566360e-01 6.665415981285346403e-01 1.091663119029118167e+00 1.591860474339174214e+00 1.681677346576602394e+00 1.859493680569664491e+02 2.303141135041568930e+02
7.631578947368421462e-01 4.559202950058911519e-01 7.098029034026689388e-01 1.096280587014437424e+00 1.593256150280688122e+00 1.680930605772110509e+00 1.934539768462033180e+02 2.404798241609116474e+02
8.105263157894736503e-01 4.803723378462163573e-01 7.529325584121381310e-01 1.101158248200996503e+00 1.594697544076781437e+00 1.680149182197411717e+00 2.017665073577902888e+02 2.517541656068297584e+02
8.578947368421052655e-01 5.042246276751600753e-01 7.959369140891695560e-01 1.106257975755381873e+00 1.596168379906046875e+00 1.679339477209170095e+00 2.109057457915164093e+02 2.641657455129046639e+02
9.052631578947368807e-01 5.274894384946275938e-01 8.388238523340462161e-01 1.111545534855895578e+00 1.597653836747388700e+00 1.678507771342516275e+00 2.208900544426724650e+02 2.777424857524277968e+02
9.526315789473683848e-01 5.501816138507197307e-01 8.816023191472182052e-01 1.116984312488869646e+00 1.599140649786383817e+00 1.677659936833712617e+00 2.317378926345537593e+02 2.925122755894378770e+02
1.000000000000000000e+00 5.723200842329340121e-01 9.242819218326416841e-01 1.122541517601065575e+00 1.600617296566805736e+00 1.676801305918080631e+00 2.434682107783013123e+02 3.085034541900156455e+02
