1.000000000000000056e-01 6.297337371390918093e-02 9.384211908966490212e-02 1.065114324033781479e+00 1.584405891630018326e+00 1.687871923981645317e+00 1.476644188269023914e+02 1.786821640071580930e+02
1.473684210526315930e-01 9.275381948639420393e-02 1.382795617191011073e-01 1.064764134063213685e+00 1.583934502141015166e+00 1.687259947445974406e+00 1.479229584190009916e+02 1.790487196317130270e+02
1.947368421052631526e-01 1.224402588586041285e-01 1.826902436204361213e-01 1.065034244254881468e+00 1.583860762160398838e+00 1.686885004827303636e+00 1.485983165749073009e+02 1.799719923085804112e+02
2.421052631578947401e-01 1.519610787578301314e-01 2.270549100288022648e-01 1.065828216084641955e+00 1.584044855848331324e+00 1.686558188949345283e+00 1.497939872271236936e+02 1.815947582770677684e+02
2.894736842105263275e-01 1.812318663093310522e-01 2.713517807296096374e-01 1.067170531418453638e+00 1.584455738875468311e+00 1.686207890257648723e+00 1.516238593662085066e+02 1.840701569090267355e+02
3.368421052631579427e-01 2.101651979565694606e-01 3.155590285263588646e-01 1.069112172270473060e+00 1.585087554306968016e+00 1.685799817909606313e+00 1.541931257608680710e+02 1.875384493823645187e+02
3.842105263157894468e-01 2.386736562870067913e-01 3.596573010213823807e-01 1.071675045800774662e+00 1.585934515708961934e+00 1.685315746491344857e+00 1.575921544119634916e+02 1.921195917038263019e+02
4.315789473684210620e-01 2.666813460835427696e-01 4.036319169475189872e-01 1.074868205850174174e+00 1.586985302378142837e+00 1.684748186331703312e+00 1.618949024274898250e+02 1.979113602978223980e+02
4.789473684210526772e-01 2.941278922471137758e-01 4.474742898425227433e-01 1.078676414569656794e+00 1.588221225691439642e+00 1.684096583438588812e+00 1.671594582301106584e+02 2.049902443356031085e+02
5.263157894736841813e-01 3.209718426047015738e-01 4.911825228815518973e-01 1.083064899841213791e+00 1.589616555359548045e+00 1.683365701183016538e+00 1.734304139068394761e+02 2.134145120679254717e+02
5.736842105263157965e-01 3.471916659797947835e-01 5.347611723910552506e-01 1.087984947627862020e+00 1.591141538858744209e+00 1.682563216512013904e+00 1.807419926746672729e+02 2.232282042355157614e+02
6.210526315789474117e-01 3.727816179666378349e-01 5.782203575469618828e-01 1.093372244117591707e+00 1.592764862694412864e+00 1.681699373126792185e+00 1.891211311658790351e+02 2.344650758725328785e+02
6.684210526315789158e-01 3.977534661212235867e-01 6.215745775556692498e-01 1.099164964812973100e+00 1.594455846255472098e+00 1.680784937606424334e+00 1.985905463804635929e+02 2.471524003923804003e+02
7.157894736842105310e-01 4.221307444982454471e-01 6.648413682228480059e-01 1.105299760004552656e+00 1.596185640113608750e+00 1.679830424904553032e+00 2.091710292246859240e+02 2.613138565420517239e+02
7.631578947368421462e-01 4.459452614778973145e-01 7.080400441490121155e-01 1.111714915579573359e+00 1.597928804090903654e+00 1.678845868498237470e+00 2.208831342195144884e+02 2.769716291385658451e+02
8.105263157894736503e-01 4.692339858346507575e-01 7.511906383285400501e-01 1.118352262101154126e+00 1.599663594264314703e+00 1.677840409069398131e+00 2.337483450941244314e+02 2.941478293085497739e+02
8.578947368421052655e-01 4.920399522642588397e-01 7.943130537498804822e-01 1.125164852503957036e+00 1.601371893025809845e+00 1.676822056764155633e+00 2.477896814960363088e+02 3.128652302849208695e+02
9.052631578947368807e-01 5.144074451124055480e-01 8.374264406420119933e-01 1.132110371043354657e+00 1.603039328856024293e+00 1.675797579698018902e+00 2.630320226218285029e+02 3.331476502373426456e+02
9.526315789473683848e-01 5.363776168463086913e-01 8.805487402178966416e-01 1.139146148588499496e+00 1.604653955225444406e+00 1.674772545829402048e+00 2.795020394472141447e+02 3.550198896683740486e+02
1.000000000000000000e+00 5.579938855330263126e-01 9.236964436584764737e-01 1.146241080850698868e+00 1.606208368844713297e+00 1.673751382481549088e+00 2.972280084357641385e+02 3.785074677013989799e+02
