1.000000000000000056e-01 6.293148765910301645e-02 9.383380071741831419e-02 1.069233369039507942e+00 1.585081397268791603e+00 1.687724561885326713e+00 1.495089801793374136e+02 1.809625614290658291e+02
1.473684210526315930e-01 9.273054760882827596e-02 1.382779741352572200e-01 1.068366047241557926e+00 1.584186347013532670e+00 1.686803719371929855e+00 1.494496160796308288e+02 1.809031951629183368e+02
1.947368421052631526e-01 1.225047589208664994e-01 1.827135438025866698e-01 1.068019884676651099e+00 1.583772248752487455e+00 1.686327103908625391e+00 1.495371464629847367e+02 1.810393345003103605e+02
2.421052631578947401e-01 1.522230104387061189e-01 2.271303485275986689e-01 1.067961819825868242e+00 1.583586378332298317e+00 1.686015595602762041e+00 1.497991830672367257e+02 1.814168853145499156e+02
2.894736842105263275e-01 1.818383979018243224e-01 2.715130359711276919e-01 1.068152836718280874e+00 1.583558298821777344e+00 1.685767782180479735e+00 1.502991741966500285e+02 1.821272604155419117e+02
3.368421052631579427e-01 2.112890798591495201e-01 3.158408431028397745e-01 1.068623795610786020e+00 1.583671958044187811e+00 1.685534156322786581e+00 1.511172609669222311e+02 1.832838305331761433e+02
3.842105263157894468e-01 2.404947195074306765e-01 3.600880040541669658e-01 1.069412564674789401e+00 1.583931033521421394e+00 1.685283829066873018e+00 1.523425958750755456e+02 1.850121587855943801e+02
4.315789473684210620e-01 2.693622216670864544e-01 4.042249175047298859e-01 1.070567779188802637e+00 1.584346253694463247e+00 1.684996006485792508e+00 1.540680514975672679e+02 1.874430366528511911e+02
4.789473684210526772e-01 2.977891575369710497e-01 4.482199304412605168e-01 1.072131797757539307e+00 1.584928227885219698e+00 1.684655964905791947e+00 1.563851997201917641e+02 1.907059788879991800e+02
5.263157894736841813e-01 3.256731166111612175e-01 4.920416817129818488e-01 1.074143598392645282e+00 1.585683272387297560e+00 1.684253118387982306e+00 1.593802182719909695e+02 1.949237944997578325e+02
5.736842105263157965e-01 3.529159148797128553e-01 5.356615468368829402e-01 1.076622843840373767e+00 1.586612570040589976e+00 1.683781855410337203e+00 1.631304731865806446e+02 2.002081519544665582e+02
6.210526315789474117e-01 3.794310359384871489e-01 5.790558551004083565e-01 1.079571297256737950e+00 1.587709439030540182e+00 1.683240311260560729e+00 1.677024383639466691e+02 2.066568468213723975e+02
6.684210526315789158e-01 4.051519205414508273e-01 6.222075155740945940e-01 1.082981323888874581e+00 1.588960345051199985e+00 1.682630340702248040e+00 1.731510947035550885e+02 2.143529701441204054e+02
7.157894736842105310e-01 4.300296368192012553e-01 6.651068515338369735e-01 1.086823189074204166e+00 1.590345930499450944e+00 1.681957137291560711e+00 1.795206834047509972e+02 2.233658114684430984e+02
7.631578947368421462e-01 4.540371980349862113e-01 7.077515514442552780e-01 1.091058630412842012e+00 1.591843362678616369e+00 1.681227739079589112e+00 1.868461537016897864e+02 2.337527392485376083e+02
8.105263157894736503e-01 4.771673477614258863e-01 7.501460413281827444e-01 1.095642618754113951e+00 1.593427878669536168e+00 1.680450506551868450e+00 1.951555052788014848e+02 2.455621307901857051e+02
8.578947368421052655e-01 4.994273525159680371e-01 7.923003854458766648e-01 1.100521698635473999e+00 1.595074849600522482e+00 1.679634591137330490e+00 2.044720146500739304e+02 2.588362187931840026e+02
9.052631578947368807e-01 5.208406564920338155e-01 8.342290362343022236e-01 1.105648107452237294e+00 1.596761048494527824e+00 1.678789100619211938e+00 2.148165314424307439e+02 2.736139974073999497e+02
9.526315789473683848e-01 5.414390471812933203e-01 8.759495656933035113e-01 1.110972953916170569e+00 1.598465263335654862e+00 1.677922633889446402e+00 2.262092030021663334e+02 2.899334362198611643e+02
1.000000000000000000e+00 5.612603637202066009e-01 9.174815481703328945e-01 1.116450087790278101e+00 1.600169078860359972e+00 1.677042911403090475e+00 2.386709100803108470e+02 3.078333085656025219e+02
