1.000000000000000056e-01 6.298213762146689931e-02 9.384458151051679187e-02 1.064447786253210904e+00 1.584221719719444366e+00 1.687804712940825125e+00 1.473942687924637482e+02 1.783423325977593663e+02
1.473684210526315930e-01 9.277579146500716800e-02 1.382872542686888750e-01 1.064127564031917439e+00 1.583817851097353735e+00 1.687277135626823465e+00 1.476263823173773346e+02 1.786630341954105745e+02
1.947368421052631526e-01 1.225053783554698322e-01 1.827136738068506627e-01 1.064334246529240913e+00 1.583742496298508717e+00 1.686959912433869224e+00 1.481683191740226846e+02 1.793883948927303891e+02
2.421052631578947401e-01 1.521305009391605012e-01 2.271136384221970894e-01 1.064923279053324734e+00 1.583856235293557457e+00 1.686696132541503301e+00 1.490478805448532569e+02 1.805601555635242050e+02
2.894736842105263275e-01 1.816047147314160670e-01 2.714749280136108389e-01 1.065879988707089332e+00 1.584120876254484056e+00 1.686429925542273001e+00 1.503114204561032636e+02 1.822425174155933689e+02
3.368421052631579427e-01 2.108741534913927129e-01 3.157836904638945397e-01 1.067207687938352523e+00 1.584524716334406502e+00 1.686134455937875476e+00 1.520091198876312149e+02 1.845044630442102971e+02
3.842105263157894468e-01 2.398824033714843651e-01 3.600249561867937542e-01 1.068926150031675348e+00 1.585064970199392409e+00 1.685795491740493368e+00 1.541908372592643843e+02 1.874147822313725555e+02
4.315789473684210620e-01 2.685686586219759309e-01 4.041832371278806235e-01 1.071040452380140673e+00 1.585739020974076485e+00 1.685404365016866857e+00 1.569044274284411244e+02 1.910400816263205286e+02
4.789473684210526772e-01 2.968737776118902105e-01 4.482431947358129221e-01 1.073557529337795691e+00 1.586543852461309800e+00 1.684956717673032678e+00 1.601948147735986083e+02 1.954436632602244686e+02
5.263157894736841813e-01 3.247411994394300283e-01 4.921903069242734019e-01 1.076475729931900327e+00 1.587473267392668363e+00 1.684450841348481775e+00 1.641036179246397921e+02 2.006850624993766701e+02
5.736842105263157965e-01 3.521171060771394745e-01 5.360114305466189277e-01 1.079779572030630463e+00 1.588518570674426478e+00 1.683887486349117113e+00 1.686687218160832629e+02 2.068195584984973721e+02
6.210526315789474117e-01 3.789558603585537755e-01 5.796953078668084514e-01 1.083452150673175129e+00 1.589668510250579647e+00 1.683269180428333733e+00 1.739245242675799261e+02 2.138984179915718755e+02
6.684210526315789158e-01 4.052189353401312033e-01 6.232328385881426014e-01 1.087468307282861701e+00 1.590909505751468389e+00 1.682600002282087948e+00 1.799019362387922456e+02 2.219689285325521837e+02
7.157894736842105310e-01 4.308751489794713785e-01 6.666172121523323835e-01 1.091795715080739804e+00 1.592226624965225046e+00 1.681884743534041382e+00 1.866287556101887901e+02 2.310748434551147454e+02
7.631578947368421462e-01 4.559019221954950241e-01 7.098438752006316355e-01 1.096399320241715936e+00 1.593604062708755542e+00 1.681129427931955078e+00 1.941300643051194186e+02 2.412568605225332021e+02
8.105263157894736503e-01 4.802872984957414770e-01 7.529103719569459896e-01 1.101247880871527807e+00 1.595026427003062075e+00 1.680340376514058320e+00 2.024287638414969877e+02 2.525532674878816124e+02
8.578947368421052655e-01 5.040227839512160246e-01 7.958160849324031894e-01 1.106300671753069453e+00 1.596478561688895459e+00 1.679523844280331524e+00 2.115459567387857192e+02 2.650004040358639372e+02
9.052631578947368807e-01 5.271070427410424752e-01 8.385619183679018374e-01 1.111519731153924440e+00 1.597946243559438928e+00 1.678685911825963606e+00 2.215013934996828766e+02 2.786332090264794488e+02
9.526315789473683848e-01 5.495449413293451713e-01 8.811499751811652237e-01 1.116870250764186556e+00 1.599416731290076221e+00 1.677832404156730517e+00 2.323138167486223153e+02 2.934856293343037805e+02
1.000000000000000000e+00 5.713457721856075588e-01 9.235832297985735462e-01 1.122319568917939492e+00 1.600878908089347963e+00 1.676968899026340720e+00 2.440012369153155305e+02 3.095909576521816575e+02
