1.000000000000000056e-01 6.288339996569788926e-02 9.383051092332171661e-02 1.067895419241891686e+00 1.584731087629558388e+00 1.687221440909527415e+00 1.499085962861726387e+02 1.814840092439174555e+02
1.473684210526315930e-01 9.256493005204392832e-02 1.382613901352264252e-01 1.068617950705228914e+00 1.584487132947234089e+00 1.686397399457851387e+00 1.512428511568213878e+02 1.831742987675018526e+02
1.947368421052631526e-01 1.221431134512275946e-01 1.826761386795896780e-01 1.069944165446352624e+00 1.584618510831908189e+00 1.685815737609767107e+00 1.529667610582257566e+02 1.853601533829695711e+02
2.421052631578947401e-01 1.515909269994452913e-01 2.270694846153297475e-01 1.071670078980812679e+00 1.584943773029816816e+00 1.685303988070007808e+00 1.550537870712470294e+02 1.880119590106487806e+02
2.894736842105263275e-01 1.808806167708738311e-01 2.714357318505168926e-01 1.073720586655814380e+00 1.585399641852066388e+00 1.684805006007603190e+00 1.575019475221574794e+02 1.911301759575759718e+02
3.368421052631579427e-01 2.099856074141563111e-01 3.157687993121846559e-01 1.076067927976108729e+00 1.585957552874436738e+00 1.684295608063278493e+00 1.603183905650385839e+02 1.947266813270685759e+02
3.842105263157894468e-01 2.388775143175299598e-01 3.600622682569264987e-01 1.078687627514729908e+00 1.586601076509035702e+00 1.683764810869486928e+00 1.635147154329090426e+02 1.988191226177196711e+02
4.315789473684210620e-01 2.675276756866279970e-01 4.043094930477709736e-01 1.081561105443759496e+00 1.587319420147325744e+00 1.683207594864073453e+00 1.671052566469118403e+02 2.034287768086374797e+02
4.789473684210526772e-01 2.959071495541710783e-01 4.485036619058307972e-01 1.084670869487132761e+00 1.588104201039116870e+00 1.682621970114334342e+00 1.711059469855753719e+02 2.085792268869753912e+02
5.263157894736841813e-01 3.239894328340106600e-01 4.926378948126680646e-01 1.088006659750402338e+00 1.588947925295399077e+00 1.682007449720131831e+00 1.755337402105749049e+02 2.142956521313850260e+02
5.736842105263157965e-01 3.517469199676490077e-01 5.367053412653937094e-01 1.091550873822873857e+00 1.589843716734120838e+00 1.681364751934152135e+00 1.804063749367466585e+02 2.206045391639812294e+02
6.210526315789474117e-01 3.791532280436566427e-01 5.806992424918258067e-01 1.095286242516675612e+00 1.590784871384840038e+00 1.680695328985443382e+00 1.857419539564812112e+02 2.275332058467524519e+02
6.684210526315789158e-01 4.061870580745265968e-01 6.246129998818564788e-01 1.099204219793967985e+00 1.591764866916524301e+00 1.680001263647791010e+00 1.915586971304939823e+02 2.351095093851507443e+02
7.157894736842105310e-01 4.328236317797204968e-01 6.684402774968530858e-01 1.103281534915321105e+00 1.592777067270032099e+00 1.679284725630534103e+00 1.978751259218238090e+02 2.433620315104258793e+02
7.631578947368421462e-01 4.590429716881449518e-01 7.121749910381318660e-01 1.107502312852532977e+00 1.593815062688684003e+00 1.678548312795997477e+00 2.047095437608031716e+02 2.523195153582915111e+02
8.105263157894736503e-01 4.848270525350828475e-01 7.558113510957691350e-01 1.111849799122628379e+00 1.594872569468081869e+00 1.677794748017993109e+00 2.120800604283400617e+02 2.620108814600645815e+02
8.578947368421052655e-01 5.101614897590540654e-01 7.993438653230405810e-01 1.116309739527621137e+00 1.595943475788362820e+00 1.677026794289088407e+00 2.200044317373130127e+02 2.724650455047605533e+02
9.052631578947368807e-01 5.350300353760050198e-01 8.427673768806805965e-01 1.120860153796714664e+00 1.597022166666077547e+00 1.676247400577379532e+00 2.285002981081935047e+02 2.837111748127621240e+02
9.526315789473683848e-01 5.594220506649876246e-01 8.860769849509670948e-01 1.125486024517159400e+00 1.598103178461946605e+00 1.675459320807031194e+00 2.375845945374197186e+02 2.957780277832587785e+02
1.000000000000000000e+00 5.833272383137709793e-01 9.292680715286228965e-01 1.130169550141577606e+00 1.599181470712098152e+00 1.674665224854726908e+00 2.472738464739130677e+02 3.086942631566230943e+02
