1.000000000000000056e-01 6.294859195766595861e-02 9.383817962065897633e-02 1.065686194928660901e+00 1.584114071738722096e+00 1.687293885867091614e+00 1.482561653255914109e+02 1.794244848629964224e+02
1.473684210526315930e-01 9.271357882472551493e-02 1.382767663986204099e-01 1.065687523415674631e+00 1.583795309481564439e+00 1.686749760210562998e+00 1.487326721120298600e+02 1.800481872448671083e+02
1.947368421052631526e-01 1.224078949049330900e-01 1.826998538646021353e-01 1.066171291796542464e+00 1.583784502569004271e+00 1.686397852406909870e+00 1.495191738466668312e+02 1.810737724622862288e+02
2.421052631578947401e-01 1.519965884481787599e-01 2.270990466467560365e-01 1.067011343523833533e+00 1.583949668162333957e+00 1.686094992120403813e+00 1.506323888509852225e+02 1.825276667145428746e+02
2.894736842105263275e-01 1.814406555656613018e-01 2.714641202046331747e-01 1.068190106854162824e+00 1.584251359057382791e+00 1.685790657208011911e+00 1.521045948782852975e+02 1.844557708749109679e+02
3.368421052631579427e-01 2.106943300017603826e-01 3.157830025032759558e-01 1.069704502371409571e+00 1.584675970942914347e+00 1.685461354928370348e+00 1.539736152566061946e+02 1.869115310291455216e+02
3.842105263157894468e-01 2.397057445798294883e-01 3.600418618667524662e-01 1.071555163814847500e+00 1.585218528521630921e+00 1.685094621246884916e+00 1.562800769865091581e+02 1.899526959435449953e+02
4.315789473684210620e-01 2.684208381050076642e-01 4.042252884426990045e-01 1.073752666805542377e+00 1.585876368449659513e+00 1.684682813762263587e+00 1.590659926860500377e+02 1.936396730888019704e+02
4.789473684210526772e-01 2.967809645116649686e-01 4.483165809208423669e-01 1.076296927991629238e+00 1.586647076562492709e+00 1.684221663725399720e+00 1.623740014482648633e+02 1.980346582323683151e+02
5.263157894736841813e-01 3.247267784547968050e-01 4.922981029193236879e-01 1.079186788592854329e+00 1.587527012406514171e+00 1.683709271351773618e+00 1.662464024315539461e+02 2.032005191262555854e+02
5.736842105263157965e-01 3.521991380984274000e-01 5.361517379080041890e-01 1.082415122269826391e+00 1.588510633766827995e+00 1.683145406247836817e+00 1.707246438291346067e+02 2.092001638958382443e+02
6.210526315789474117e-01 3.791401538901841284e-01 5.798593210462333891e-01 1.085966793069221170e+00 1.589590331386451671e+00 1.682531421347109424e+00 1.758485064119770698e+02 2.160955794948359596e+02
6.684210526315789158e-01 4.054960302010012785e-01 6.234030595073636327e-01 1.089822436145761353e+00 1.590756497922958701e+00 1.681870022761871697e+00 1.816554660508651295e+02 2.239470487204255846e+02
7.157894736842105310e-01 4.312203336794546704e-01 6.667659006799865340e-01 1.093962677067834122e+00 1.591997873477010383e+00 1.681165042747167604e+00 1.881802026538340158e+02 2.328125131120615663e+02
7.631578947368421462e-01 4.562680895870834807e-01 7.099318207375376888e-01 1.098352096795030208e+00 1.593302147749345421e+00 1.680421299712572925e+00 1.954542481535939089e+02 2.427470704222090490e+02
8.105263157894736503e-01 4.806039489510901541e-01 7.528859414523365601e-01 1.102958753708417117e+00 1.594655705883336605e+00 1.679644130628215493e+00 2.035054539643618057e+02 2.538022823127174661e+02
8.578947368421052655e-01 5.042010351470942453e-01 7.956145992601683092e-01 1.107750660672140786e+00 1.596044807367217988e+00 1.678839342891172315e+00 2.123578120697250711e+02 2.660258138521199385e+02
9.052631578947368807e-01 5.270364300368292065e-01 8.381052904738716114e-01 1.112688058026786386e+00 1.597455962682108765e+00 1.678012932634368903e+00 2.220312912444507276e+02 2.794610765286947185e+02
9.526315789473683848e-01 5.490972362332064982e-01 8.803465088145931983e-01 1.117737310398963180e+00 1.598876373206994383e+00 1.677170862392598716e+00 2.325415345360149502e+02 2.941466723125749354e+02
1.000000000000000000e+00 5.703761848781923050e-01 9.223275495432147197e-01 1.122863945884723602e+00 1.600294203467035548e+00 1.676318832415134574e+00 2.438997705633901774e+02 3.101160213186215060e+02
