1.000000000000000056e-01 6.296345381971758803e-02 9.384174493415124718e-02 1.065112867908960315e+00 1.584401798936893258e+00 1.687795708087825641e+00 1.478377586851515844e+02 1.788983462559486384e+02
1.473684210526315930e-01 9.273837270006569933e-02 1.382833304826444620e-01 1.064988238358351325e+00 1.584002727054532267e+00 1.687183850137992991e+00 1.482756041719797793e+02 1.794704232893209621e+02
1.947368421052631526e-01 1.224522664649318332e-01 1.827123094907505407e-01 1.065385845047914115e+00 1.583941271770830328e+00 1.686805462310921877e+00 1.489976004370888916e+02 1.804069060824595567e+02
2.421052631578947401e-01 1.520782397778108752e-01 2.271225973733964620e-01 1.066124584703736389e+00 1.584056200393246794e+00 1.686496802163461428e+00 1.499959237042016014e+02 1.817023436557892637e+02
2.894736842105263275e-01 1.815862502545082524e-01 2.715070078715785540e-01 1.067154182256218053e+00 1.584296179694300255e+00 1.686201523088770138e+00 1.512844742418214707e+02 1.833778154305861960e+02
3.368421052631579427e-01 2.109439022598539604e-01 3.158572485973420441e-01 1.068464709418236236e+00 1.584641832215635260e+00 1.685895078288575988e+00 1.528841324572394456e+02 1.854632652089362921e+02
3.842105263157894468e-01 2.401149563003055765e-01 3.601639557218790366e-01 1.070052017236406305e+00 1.585084095099018153e+00 1.685564425867926319e+00 1.548189103415137708e+02 1.879929166041505653e+02
4.315789473684210620e-01 2.690599153811931710e-01 4.044167944214713817e-01 1.071913448812636727e+00 1.585618630392116479e+00 1.685202365912699118e+00 1.571145993329156170e+02 1.910036524773286999e+02
4.789473684210526772e-01 2.977378602322290346e-01 4.486045694414452778e-01 1.074049724798696204e+00 1.586242142595570837e+00 1.684804384104604091e+00 1.597978108085045506e+02 1.945339179458263459e+02
5.263157894736841813e-01 3.261068306057328114e-01 4.927154127827742536e-01 1.076460941360063650e+00 1.586951616822091404e+00 1.684368067587113327e+00 1.628956317323996643e+02 1.986233038307775303e+02
5.736842105263157965e-01 3.541233731244604055e-01 5.367369890543460809e-01 1.079141369792825156e+00 1.587743429314069310e+00 1.683892357829824826e+00 1.664352031933389640e+02 2.033120585560557174e+02
6.210526315789474117e-01 3.817441633705845327e-01 5.806567039105863248e-01 1.082082333063495660e+00 1.588613193742495211e+00 1.683377465482312818e+00 1.704432421622021820e+02 2.086405412655435043e+02
6.684210526315789158e-01 4.089282709405266392e-01 6.244619657530566803e-01 1.085275168708189852e+00 1.589555336976207212e+00 1.682824290217534768e+00 1.749458910114468040e+02 2.146490128982788406e+02
7.157894736842105310e-01 4.356362970871510143e-01 6.681403811193383779e-01 1.088706364403990268e+00 1.590563358619295986e+00 1.682234626848855275e+00 1.799683042487428963e+02 2.213771636329728096e+02
7.631578947368421462e-01 4.618310882080278734e-01 7.116799505877465792e-01 1.092358142534999299e+00 1.591629864888039370e+00 1.681610918336975624e+00 1.855344304421957418e+02 2.288638381832128346e+02
8.105263157894736503e-01 4.874794744691229864e-01 7.550692192556726079e-01 1.096211483945082499e+00 1.592746797157307270e+00 1.680956124559832343e+00 1.916667591980868508e+02 2.371467172416051881e+02
8.578947368421052655e-01 5.125546097153635960e-01 7.982973854136625746e-01 1.100249927155275032e+00 1.593905599150104990e+00 1.680273751835395180e+00 1.983861932188184767e+02 2.462621385659645341e+02
9.052631578947368807e-01 5.370307262962844552e-01 8.413543661286934094e-01 1.104448571653767086e+00 1.595097329054337987e+00 1.679567481173546373e+00 2.057118831660299634e+02 2.562448558441347473e+02
9.526315789473683848e-01 5.608866071372992090e-01 8.842307898917552977e-01 1.108782258610778060e+00 1.596313035314344653e+00 1.678841162869765924e+00 2.136610833183853515e+02 2.671278328025350106e+02
1.000000000000000000e+00 5.841065358496443372e-01 9.269179654934677215e-01 1.113227595527460201e+00 1.597544026067617473e+00 1.678098774360224033e+00 2.222490374261091972e+02 2.789420411156604018e+02
