1.000000000000000056e-01 6.295419122334966477e-02 9.383864208067148327e-02 1.066454638932308407e+00 1.584105492123372150e+00 1.687182467730521829e+00 1.484513404881837459e+02 1.796547670286061020e+02
1.473684210526315930e-01 9.275592853169260799e-02 1.382832520378134422e-01 1.066033278214005398e+00 1.583621598102363803e+00 1.686641325648559953e+00 1.485187534670095886e+02 1.797566449492076401e+02
1.947368421052631526e-01 1.225222878900584511e-01 1.827177586393484154e-01 1.065990048481646912e+00 1.583439465994572526e+00 1.686343123524127074e+00 1.487596260989883774e+02 1.800880268111213240e+02
2.421052631578947401e-01 1.522236439585882006e-01 2.271339132941310179e-01 1.066198690118008718e+00 1.583417047268149247e+00 1.686124933841665285e+00 1.492045422393519232e+02 1.806939965831045356e+02
2.894736842105263275e-01 1.818236400998860247e-01 2.715207824449636376e-01 1.066658042146988228e+00 1.583516299922433257e+00 1.685927332377746390e+00 1.499007006746575996e+02 1.816402236875246103e+02
3.368421052631579427e-01 2.112750877075987577e-01 3.158647873533986794e-01 1.067380487570347203e+00 1.583728591114422546e+00 1.685721088635039333e+00 1.509008652096941887e+02 1.829996845302511872e+02
3.842105263157894468e-01 2.405234634357574230e-01 3.601499456692235368e-01 1.068393009009305894e+00 1.584055013394339628e+00 1.685488127770414790e+00 1.522599694143689817e+02 1.848485165413987943e+02
4.315789473684210620e-01 2.695059758894672308e-01 4.043582830141754236e-01 1.069717017602867859e+00 1.584500602087785426e+00 1.685217185232991799e+00 1.540331008470097629e+02 1.872635743633788366e+02
4.789473684210526772e-01 2.981572115513362320e-01 4.484704866257378519e-01 1.071379872636675890e+00 1.585069640485475384e+00 1.684899838753081802e+00 1.562743300461428930e+02 1.903209201512142101e+02
5.263157894736841813e-01 3.264077169317546323e-01 4.924666468981667156e-01 1.073395236624566706e+00 1.585764389204851188e+00 1.684530668617062910e+00 1.590352628524798888e+02 1.940940733492148809e+02
5.736842105263157965e-01 3.541918913126473889e-01 5.363271335383528182e-01 1.075779090429437312e+00 1.586584194490605171e+00 1.684106717296352640e+00 1.623641310124052382e+02 1.986528359650907873e+02
6.210526315789474117e-01 3.814433554383467873e-01 5.800334809951296355e-01 1.078524962801575171e+00 1.587525405225485686e+00 1.683627019015405013e+00 1.663051613174582144e+02 2.040624550681724543e+02
6.684210526315789158e-01 4.081062149815099516e-01 6.235690984747706000e-01 1.081630664531016084e+00 1.588580147462383074e+00 1.683092408220853820e+00 1.708978305807477227e+02 2.103827329394264325e+02
7.157894736842105310e-01 4.341303596089767791e-01 6.669199064007823585e-01 1.085078656504289363e+00 1.589738088173598962e+00 1.682505656437857100e+00 1.761769109516202434e+02 2.176679923270863242e+02
7.631578947368421462e-01 4.594738241083760055e-01 7.100746825572720189e-01 1.088841263926083380e+00 1.590986253798221561e+00 1.681870739635487721e+00 1.821724808819750194e+02 2.259670774054347078e+02
8.105263157894736503e-01 4.841087432398646917e-01 7.530252017273523224e-01 1.092894263192588422e+00 1.592309872450983876e+00 1.681192644889922816e+00 1.889103318374592959e+02 2.353238109028397673e+02
8.578947368421052655e-01 5.080127951948243403e-01 7.957661152149898554e-01 1.097199603783163724e+00 1.593693477439517725e+00 1.680477292903977737e+00 1.964123345909853526e+02 2.457774433574254829e+02
9.052631578947368807e-01 5.311761819951572594e-01 8.382947207939630552e-01 1.101723607931246685e+00 1.595121406941147235e+00 1.679730886091282072e+00 2.046971097672632709e+02 2.573634224832176756e+02
9.526315789473683848e-01 5.535972242843812952e-01 8.806106001518589910e-01 1.106430809892897438e+00 1.596578410210218291e+00 1.678959582962542552e+00 2.137806342630838969e+02 2.701141044062519541e+02
1.000000000000000000e+00 5.752810092761957428e-01 9.227151543326542749e-01 1.111285416293858574e+00 1.598050322079436647e+00 1.678169465540669147e+00 2.236766610600686818e+02 2.840592701293494429e+02
