1.000000000000000056e-01 6.293171180682471944e-02 9.383338684968109411e-02 1.069017636871946397e+00 1.585325217988769353e+00 1.688057502939604770e+00 1.493536157960591026e+02 1.807768710731740214e+02
1.473684210526315930e-01 9.270630467085404225e-02 1.382708647946272740e-01 1.068244508719140340e+00 1.584427126460613566e+00 1.687051669488008887e+00 1.494829613654823106e+02 1.809717070834325909e+02
1.947368421052631526e-01 1.224149764334065277e-01 1.826893868357882256e-01 1.068169545021602662e+00 1.584088766130876236e+00 1.686497552263634514e+00 1.499354690965830912e+02 1.815949147640757531e+02
2.421052631578947401e-01 1.520046719660031465e-01 2.270742756972695398e-01 1.068568227989212138e+00 1.584046764932602880e+00 1.686093193268559443e+00 1.507711772264072749e+02 1.827333372522532500e+02
2.894736842105263275e-01 1.814100947469739766e-01 2.714074015209315682e-01 1.069415693503977138e+00 1.584226967208389736e+00 1.685728979657607596e+00 1.520740250304574204e+02 1.845024261669304622e+02
3.368421052631579427e-01 2.105557869348622657e-01 3.156682652999642791e-01 1.070731605749447368e+00 1.584606905934043963e+00 1.685353128857080440e+00 1.539310546747915112e+02 1.870210317640545838e+02
3.842105263157894468e-01 2.393603709639459676e-01 3.598354501275780604e-01 1.072541667807769050e+00 1.585178837278745423e+00 1.684936916053377587e+00 1.564256734747760902e+02 1.904030943041429396e+02
4.315789473684210620e-01 2.677434229329951898e-01 4.038882331185315033e-01 1.074870662428970558e+00 1.585937284906322464e+00 1.684463812780353287e+00 1.596341250200657100e+02 1.947532997577505398e+02
4.789473684210526772e-01 2.956276912788405875e-01 4.478081845927369131e-01 1.077722824997543460e+00 1.586874398878237225e+00 1.683925547619899765e+00 1.636238872102229607e+02 2.001650745474322548e+02
5.263157894736841813e-01 3.229460759140843629e-01 4.915804788932392477e-01 1.081091190478797426e+00 1.587977133984211697e+00 1.683319156262200522e+00 1.684529969059522898e+02 2.067197882037963552e+02
5.736842105263157965e-01 3.496445662978278079e-01 5.351948151790087982e-01 1.084954678454615129e+00 1.589227978494772930e+00 1.682646090462372346e+00 1.741705539535757339e+02 2.144873624108685704e+02
6.210526315789474117e-01 3.756832985699602445e-01 5.786458076785758742e-01 1.089278250296853656e+00 1.590605497322758577e+00 1.681910891695573396e+00 1.808178440307882795e+02 2.235276866245063161e+02
6.684210526315789158e-01 4.010356705330996863e-01 6.219328883153125709e-01 1.094013402907423327e+00 1.592085842996112888e+00 1.681120179812192861e+00 1.884298365668591373e+02 2.338924984196434025e+02
7.157894736842105310e-01 4.256935942345455581e-01 6.650598346251305193e-01 1.099117675215634193e+00 1.593644689291830563e+00 1.680282158960797023e+00 1.970369105444248987e+02 2.456275306554637439e+02
7.631578947368421462e-01 4.496569329372691604e-01 7.080340639875029041e-01 1.104534516806477518e+00 1.595257702397929300e+00 1.679405305338785848e+00 2.066665963419985985e+02 2.587746638174153304e+02
8.105263157894736503e-01 4.729374317653725068e-01 7.508657960423643640e-01 1.110212133635858134e+00 1.596902407975704152e+00 1.678498166562914395e+00 2.173449655358584494e+02 2.733736648827573958e+02
8.578947368421052655e-01 4.955546809552879850e-01 7.935672271466661654e-01 1.116100828701603653e+00 1.598558767486226939e+00 1.677568882176742049e+00 2.290978294516947642e+02 2.894636747203110758e+02
9.052631578947368807e-01 5.175340146574338718e-01 8.361517896249092141e-01 1.122154545035121354e+00 1.600209683237306724e+00 1.676624948615141886e+00 2.419516595120776685e+02 3.070843405563434771e+02
9.526315789473683848e-01 5.389061932056445903e-01 8.786335315122872913e-01 1.128334310341391200e+00 1.601840425363996623e+00 1.675673003629977398e+00 2.559342541642666333e+02 3.262766286993326048e+02
1.000000000000000000e+00 5.597011871107756553e-01 9.210266147814222260e-01 1.134600221760170058e+00 1.603439105751728544e+00 1.674718839618000832e+00 2.710751857806080807e+02 3.470833744438143640e+02
