1.000000000000000056e-01 6.298503144610263782e-02 9.384504492482363680e-02 1.065918387422988500e+00 1.585286017227934607e+00 1.688805429406158076e+00 1.476576970717952406e+02 1.786574649062137610e+02
1.473684210526315930e-01 9.279433650062203498e-02 1.382904669602429970e-01 1.065035258443582933e+00 1.584442856756668627e+00 1.687913371766867510e+00 1.476632993298011343e+02 1.786923112808607357e+02
1.947368421052631526e-01 1.225532311856514650e-01 1.827205006015421851e-01 1.064820668581864194e+00 1.584108802437565355e+00 1.687438159333768173e+00 1.479403197537288577e+02 1.790856727784267548e+02
2.421052631578947401e-01 1.522147741264795462e-01 2.271212772497201993e-01 1.065025202908966406e+00 1.584036363300084904e+00 1.687101697567926939e+00 1.485289916365981640e+02 1.799010070393979106e+02
2.894736842105263275e-01 1.817175388452179630e-01 2.714742739858036491e-01 1.065623202497856026e+00 1.584160002885276919e+00 1.686803579402680775e+00 1.495079933007997113e+02 1.812489777349145754e+02
3.368421052631579427e-01 2.109837981931386164e-01 3.157569433092748956e-01 1.066632329076851127e+00 1.584465362358750795e+00 1.686495262743312740e+00 1.509673211959030255e+02 1.832544867885106328e+02
3.842105263157894468e-01 2.399265162314558053e-01 3.599439281445960814e-01 1.068092822931040020e+00 1.584952076548925337e+00 1.686147427527030729e+00 1.529990597047715823e+02 1.860451978280601111e+02
4.315789473684210620e-01 2.684516364324652793e-01 4.040086905810053586e-01 1.070038951269650873e+00 1.585624456475194011e+00 1.685742999413574861e+00 1.556918420974986077e+02 1.897446485310198625e+02
4.789473684210526772e-01 2.964679852855677811e-01 4.479254803456673151e-01 1.072502941699020829e+00 1.586481680944450856e+00 1.685270879081926632e+00 1.591276033733149120e+02 1.944680712400787570e+02
5.263157894736841813e-01 3.238867038278508415e-01 4.916712371304082785e-01 1.075485939850800765e+00 1.587518792193808315e+00 1.684726127707607324e+00 1.633791342083607958e+02 2.003193376244993260e+02
5.736842105263157965e-01 3.506343657807519110e-01 5.352272495637039329e-01 1.078985409686707309e+00 1.588723482272333065e+00 1.684108270249597972e+00 1.685091889231858886e+02 2.073897621942748515e+02
6.210526315789474117e-01 3.766494538336260245e-01 5.785802535808313163e-01 1.082970932482987481e+00 1.590077464650939909e+00 1.683420242976152004e+00 1.745705812773439618e+02 2.157581981446374186e+02
6.684210526315789158e-01 4.018910197786770278e-01 6.217228769801502741e-01 1.087407871474471488e+00 1.591557792285393624e+00 1.682668699639596088e+00 1.816071662737248005e+02 2.254922616737284500e+02
7.157894736842105310e-01 4.263338899421953432e-01 6.646534929878471498e-01 1.092246382494326262e+00 1.593139148931890681e+00 1.681861664770481157e+00 1.896554775352788056e+02 2.366503603239922597e+02
7.631578947368421462e-01 4.499700509360438638e-01 7.073756088007491227e-01 1.097433430800328846e+00 1.594795359385052569e+00 1.681008222838604294e+00 1.987466767095620526e+02 2.492841130888431564e+02
8.105263157894736503e-01 4.728059385914505919e-01 7.498969622332412044e-01 1.102914561787379011e+00 1.596501016188106581e+00 1.680117866152661232e+00 2.089084195482404880e+02 2.634406790984085092e+02
8.578947368421052655e-01 4.948575762329719407e-01 7.922285041604821831e-01 1.108632551934279453e+00 1.598233027280927532e+00 1.679200139340239595e+00 2.201664844466735360e+02 2.791647976558929827e+02
9.052631578947368807e-01 5.161497938191230705e-01 8.343834114467890695e-01 1.114534559273419934e+00 1.599970600435697943e+00 1.678263897119582237e+00 2.325461219463580562e+02 2.965004792199355848e+02
9.526315789473683848e-01 5.367142691619266603e-01 8.763762371737476853e-01 1.120574038835444597e+00 1.601696060902731755e+00 1.677316896696481319e+00 2.460731984731014563e+02 3.154924208854944823e+02
1.000000000000000000e+00 5.565860337318543349e-01 9.182221858569483697e-01 1.126708959447749736e+00 1.603393543991822323e+00 1.676366199674319990e+00 2.607748488972623591e+02 3.361868368561522971e+02
