1.000000000000000056e-01 6.296631953771919532e-02 9.384125925718020400e-02 1.065198181524063425e+00 1.583632996499267476e+00 1.686908528713837452e+00 1.479654665796294069e+02 1.790516600555087052e+02
1.473684210526315930e-01 9.277614894087481134e-02 1.382875000131397192e-01 1.064934403507604044e+00 1.583324035804815288e+00 1.686553020564229177e+00 1.480309192938365754e+02 1.791493011376950619e+02
1.947368421052631526e-01 1.225515912015559122e-01 1.827237867184963727e-01 1.064943935179716084e+00 1.583224146847632241e+00 1.686350701414568443e+00 1.482498709869243214e+02 1.794523445521589053e+02
2.421052631578947401e-01 1.522650752729480805e-01 2.271417897823362897e-01 1.065176495989721417e+00 1.583246523459681754e+00 1.686192599198606867e+00 1.486626982292463026e+02 1.800178017144792477e+02
2.894736842105263275e-01 1.818782898223350042e-01 2.715308169698941732e-01 1.065633209459359687e+00 1.583371972437270792e+00 1.686037456519343891e+00 1.493210015861606621e+02 1.809162028089359637e+02
3.368421052631579427e-01 2.113462470334818155e-01 3.158782648758642897e-01 1.066342302230447014e+00 1.583599925309019607e+00 1.685863151344492161e+00 1.502786973886071564e+02 1.822206506114218882e+02
3.842105263157894468e-01 2.406162245168961267e-01 3.601702553158379616e-01 1.067326515292998268e+00 1.583935443973919499e+00 1.685656602630477785e+00 1.515887643268059151e+02 1.840027494555980923e+02
4.315789473684210620e-01 2.696363829864076855e-01 4.043924311579654152e-01 1.068627209604448902e+00 1.584383783553312552e+00 1.685408882134370234e+00 1.533014240217126769e+02 1.863302828506812432e+02
4.789473684210526772e-01 2.983489755437392921e-01 4.485307885963010777e-01 1.070256475161236454e+00 1.584948551807740635e+00 1.685113660808617686e+00 1.554628466033113909e+02 1.892656231418377502e+02
5.263157894736841813e-01 3.267022818421395636e-01 4.925725544179412885e-01 1.072235898965693046e+00 1.585630826414520245e+00 1.684767372707474786e+00 1.581144874956150659e+02 1.928648573915849909e+02
5.736842105263157965e-01 3.546463895755695428e-01 5.365069362951988552e-01 1.074569069196606330e+00 1.586427972088154004e+00 1.684368242007888261e+00 1.612927159401242818e+02 1.971773460102246247e+02
6.210526315789474117e-01 3.821374669601778629e-01 5.803256878746535508e-01 1.077251659447048482e+00 1.587334974672086840e+00 1.683916671496773931e+00 1.650287704447746364e+02 2.022457093397756864e+02
6.684210526315789158e-01 4.091423100192138063e-01 6.240235243459182346e-01 1.080278730024639477e+00 1.588343045300435685e+00 1.683414315828809737e+00 1.693492033418486642e+02 2.081063492794548324e+02
7.157894736842105310e-01 4.356346264080306896e-01 6.675982384615813947e-01 1.083633230385155688e+00 1.589441420027779772e+00 1.682864083760045038e+00 1.742764212547344869e+02 2.147901726667300863e+02
7.631578947368421462e-01 4.615968912716703065e-01 7.110506432612370142e-01 1.087292794821240527e+00 1.590617539237945799e+00 1.682270026559685494e+00 1.798294282508063020e+02 2.223235177336278809e+02
8.105263157894736503e-01 4.870185403919524147e-01 7.543843191306247586e-01 1.091228158560829442e+00 1.591857994219538330e+00 1.681636733449618282e+00 1.860245589796435297e+02 2.307290875923287103e+02
8.578947368421052655e-01 5.119039016402501252e-01 7.976052724285320750e-01 1.095422685449406464e+00 1.593149470620490060e+00 1.680969408132468645e+00 1.928763895523786971e+02 2.400270682297258418e+02
9.052631578947368807e-01 5.362558403094350723e-01 8.407214862798362276e-01 1.099840910472125843e+00 1.594478360854905130e+00 1.680272860914627131e+00 2.003982870661656932e+02 2.502358323707883869e+02
9.526315789473683848e-01 5.600859935070504614e-01 8.837424799378023055e-01 1.104454405712944620e+00 1.595832075438007092e+00 1.679552154139369202e+00 2.086031324598656056e+02 2.613728260412034388e+02
1.000000000000000000e+00 5.834107809813344758e-01 9.266788671000734112e-01 1.109236086435279267e+00 1.597199030766954575e+00 1.678812125833257785e+00 2.175037639210675025e+02 2.734551200237449393e+02
