1.000000000000000056e-01 6.298185823503352210e-02 9.384477070786152730e-02 1.065283853831821448e+00 1.584452347483179979e+00 1.687924797822375034e+00 1.476500757743314693e+02 1.786499622646666978e+02
1.473684210526315930e-01 9.280662046995172276e-02 1.382947007214788970e-01 1.064656444991825435e+00 1.583856904842409374e+00 1.687318987294905259e+00 1.475982160765222488e+02 1.785975251081324586e+02
1.947368421052631526e-01 1.226108745744441675e-01 1.827375501039777139e-01 1.064419179912404090e+00 1.583590612152849353e+00 1.687006317183480375e+00 1.476681472324223989e+02 1.787067431145585488e+02
2.421052631578947401e-01 1.523689173377070494e-01 2.271649305834207710e-01 1.064401976782522796e+00 1.583484055088208775e+00 1.686798705596373571e+00 1.478806365678795487e+02 1.790129890911005361e+02
2.894736842105263275e-01 1.820419548648982422e-01 2.715642009909378096e-01 1.064581773079830151e+00 1.583493476002409528e+00 1.686627875334116844e+00 1.482872872927075605e+02 1.795905365588841391e+02
3.368421052631579427e-01 2.115790978940088607e-01 3.159183024936829121e-01 1.064990483814961753e+00 1.583611900395137440e+00 1.686457944844815815e+00 1.489536546633729301e+02 1.805318198505794101e+02
3.842105263157894468e-01 2.409128147187882818e-01 3.602060798307027412e-01 1.065658642509325960e+00 1.583846684753362322e+00 1.686268020666612077e+00 1.499529117567458343e+02 1.819393627928351407e+02
4.315789473684210620e-01 2.699666951948382354e-01 4.044031742270962626e-01 1.066636937129199492e+00 1.584209511719945729e+00 1.686041805684917350e+00 1.513616335931888557e+02 1.839202088534597976e+02
4.789473684210526772e-01 2.986539300670158492e-01 4.484833808926884102e-01 1.067962703033281668e+00 1.584712008383578397e+00 1.685767898764091166e+00 1.532560200586636086e+02 1.865809917587401401e+02
5.263157894736841813e-01 3.268867693333849522e-01 4.924204255957042031e-01 1.069673460210733174e+00 1.585363178066459433e+00 1.685437227815685279e+00 1.557086212646748606e+02 1.900236137786478139e+02
5.736842105263157965e-01 3.545798040122219996e-01 5.361898853357549566e-01 1.071795263181753555e+00 1.586166733443243881e+00 1.685044347403118481e+00 1.587857700194022925e+02 1.943418899488403895e+02
6.210526315789474117e-01 3.816542031241795807e-01 5.797710038967337498e-01 1.074337034288611159e+00 1.587120608710794745e+00 1.684587133261678416e+00 1.625457908359061321e+02 1.996192119037965824e+02
6.684210526315789158e-01 4.080463623753412539e-01 6.231481214338476793e-01 1.077300808866898940e+00 1.588217428753363025e+00 1.684065803113907078e+00 1.670381478216636140e+02 2.059274481799848786e+02
7.157894736842105310e-01 4.337060393202521458e-01 6.663115810254000015e-01 1.080670005697660141e+00 1.589444347112511702e+00 1.683483446478239554e+00 1.723038237565660324e+02 2.133273850101658979e+02
7.631578947368421462e-01 4.586010633072516995e-01 7.092579833120765676e-01 1.084420065355021556e+00 1.590784598241190118e+00 1.682844970772756632e+00 1.783761833765484539e+02 2.218698458395921591e+02
8.105263157894736503e-01 4.827155824456310085e-01 7.519899025571110673e-01 1.088517836451528442e+00 1.592219088181777265e+00 1.682156937484345249e+00 1.852824857790929798e+02 2.315976154860955489e+02
8.578947368421052655e-01 5.060487350624631731e-01 7.945151880001829481e-01 1.092924466422156238e+00 1.593727194679179338e+00 1.681426323233188080e+00 1.930456199190848565e+02 2.425476497013487176e+02
9.052631578947368807e-01 5.286147861054661945e-01 8.368460551670212633e-01 1.097603723278644861e+00 1.595289071423025673e+00 1.680660981203899951e+00 2.016859360074896870e+02 2.547533752986619504e+02
9.526315789473683848e-01 5.504343334272663313e-01 8.789980434883093441e-01 1.102511192558113917e+00 1.596885247149400833e+00 1.679868277224191520e+00 2.112226345551302416e+02 2.682464742000522051e+02
1.000000000000000000e+00 5.715379505191190423e-01 9.209890379313887543e-01 1.107609179434087432e+00 1.598498481053040488e+00 1.679055321172757242e+00 2.216751065999795287e+02 2.830585699732561693e+02
