1.000000000000000056e-01 6.269863769403349885e-02 9.380582201136104803e-02 1.073798452757777744e+00 1.585852812581827642e+00 1.686405834983699670e+00 1.546028563418454667e+02 1.873531108448248119e+02
1.473684210526315930e-01 9.212564868671978269e-02 1.382045317571116982e-01 1.076638424177788211e+00 1.585980918533654194e+00 1.684985930480413341e+00 1.585032147568784353e+02 1.922708106677305011e+02
1.947368421052631526e-01 1.213031538246991253e-01 1.825679276555909059e-01 1.080477870746125113e+00 1.586639501635948468e+00 1.683841806267061481e+00 1.633233208478292227e+02 1.983606119520248683e+02
2.421052631578947401e-01 1.501825112369153670e-01 2.268872204835088169e-01 1.084998498214591045e+00 1.587572910893028544e+00 1.682760623685243928e+00 1.690232466461336003e+02 2.055797572319024198e+02
2.894736842105263275e-01 1.787213422677826624e-01 2.711539790610870138e-01 1.090064039630719517e+00 1.588680684564016454e+00 1.681678450042309869e+00 1.756027794083819913e+02 2.139347123570581459e+02
3.368421052631579427e-01 2.068797097897130677e-01 3.153602952191364439e-01 1.095574355725847715e+00 1.589908078102864275e+00 1.680573565027243976e+00 1.830784672768240000e+02 2.234531375153525232e+02
3.842105263157894468e-01 2.346226872886218728e-01 3.594988927884729124e-01 1.101454696621742002e+00 1.591218762244802853e+00 1.679440359804683425e+00 1.914756023613885816e+02 2.341741297642586517e+02
4.315789473684210620e-01 2.619200943441494789e-01 4.035631924043091567e-01 1.107641187430414176e+00 1.592585234265410321e+00 1.678279924764422670e+00 2.008245967620919714e+02 2.461438161220718257e+02
4.789473684210526772e-01 2.887467997629267202e-01 4.475473287893821372e-01 1.114077629597036490e+00 1.593985113707242940e+00 1.677096336895218975e+00 2.111592109447103951e+02 2.594132127242003776e+02
5.263157894736841813e-01 3.150804495650680326e-01 4.914461539942197033e-01 1.120707011180262835e+00 1.595399888126302290e+00 1.675895093564627958e+00 2.225157699440678698e+02 2.740372495219069151e+02
5.736842105263157965e-01 3.409055430650869689e-01 5.352551392534352637e-01 1.127485408560907620e+00 1.596814071109184496e+00 1.674682264991900649e+00 2.349318577218164421e+02 2.900732764082048902e+02
6.210526315789474117e-01 3.662091887899761034e-01 5.789703254449637404e-01 1.134368276060337744e+00 1.598214677544827156e+00 1.673463791809674195e+00 2.484464875235834143e+02 3.075812492936577769e+02
6.684210526315789158e-01 3.909815420217287452e-01 6.225882284919075360e-01 1.141314168846448762e+00 1.599590844409184642e+00 1.672245400371340729e+00 2.630995619353944903e+02 3.266231049632309578e+02
7.157894736842105310e-01 4.152168119042994321e-01 6.661057191252708343e-01 1.148288138381284185e+00 1.600933876028464597e+00 1.671032359728755079e+00 2.789313803226805248e+02 3.472622194324898146e+02
7.631578947368421462e-01 4.389132812153412333e-01 7.095199110480457927e-01 1.155261682896039366e+00 1.602237135852086380e+00 1.669829378649122509e+00 2.959822646597964422e+02 3.695629937413635844e+02
8.105263157894736503e-01 4.620679427902629199e-01 7.528281530644888031e-01 1.162202420907019196e+00 1.603495648539748686e+00 1.668640614042360859e+00 3.142932641882532039e+02 3.935916247300252166e+02
8.578947368421052655e-01 4.846821314455631025e-01 7.960278446820714393e-01 1.169086911949836383e+00 1.604705654064341624e+00 1.667469727731735185e+00 3.339047633739813818e+02 4.194145605569182180e+02
9.052631578947368807e-01 5.067587335617509403e-01 8.391163914938309931e-01 1.175894688427063128e+00 1.605864612007816383e+00 1.666319730859979087e+00 3.548566773826307781e+02 4.470987124383384526e+02
9.526315789473683848e-01 5.283013999743350064e-01 8.820911708310039678e-01 1.182607421367069200e+00 1.606970829623723729e+00 1.665193221699462045e+00 3.771883517937177430e+02 4.767112954584622457e+02
1.000000000000000000e+00 5.493149742274622271e-01 9.249494511355209614e-01 1.189209906865565936e+00 1.608023805045525334e+00 1.664092250115215554e+00 4.009381352205898565e+02 5.083193402001911068e+02
