1.000000000000000056e-01 6.288475449140955298e-02 9.382284949465344304e-02 1.072306491436960663e+00 1.585694481684627677e+00 1.687691233057903695e+00 1.510053094522593256e+02 1.828372581185985268e+02
1.473684210526315930e-01 9.262091980428271976e-02 1.382501038983021957e-01 1.071452541416478610e+00 1.584627096125190482e+00 1.686464014440915760e+00 1.512349587219433147e+02 1.831739097610920624e+02
1.947368421052631526e-01 1.222538274368941968e-01 1.826471646723386300e-01 1.071475415980689849e+00 1.584256725523570442e+00 1.685771955874753036e+00 1.519404406945229482e+02 1.841478876685725652e+02
2.421052631578947401e-01 1.517000132759218634e-01 2.269905257268408916e-01 1.072159016560201739e+00 1.584279047376293770e+00 1.685246651099767679e+00 1.532444844084150191e+02 1.859313585071906232e+02
2.894736842105263275e-01 1.808580130932360697e-01 2.712524494324256574e-01 1.073499259345926493e+00 1.584611816849151866e+00 1.684752485340387684e+00 1.552912085373699256e+02 1.887209483992101298e+02
3.368421052631579427e-01 2.096167200356056914e-01 3.154040456137277570e-01 1.075530351895857883e+00 1.585228142834934850e+00 1.684225105859048055e+00 1.582192885504751700e+02 1.927047347712977228e+02
3.842105263157894468e-01 2.378680736798864659e-01 3.594187425304141148e-01 1.078287150575814701e+00 1.586112285507035757e+00 1.683631210899709352e+00 1.621517523482155525e+02 1.980495745736000686e+02
4.315789473684210620e-01 2.655133283535572875e-01 4.032754350671455823e-01 1.081768121164443874e+00 1.587245099396384918e+00 1.682955362328971916e+00 1.671918408381246195e+02 2.048960568793337984e+02
4.789473684210526772e-01 2.924754285146337618e-01 4.469607740612013824e-01 1.085952307147780793e+00 1.588599373062642650e+00 1.682193497026254425e+00 1.734229184465737035e+02 2.133584428615834554e+02
5.263157894736841813e-01 3.187011552389396041e-01 4.904701740767095641e-01 1.090790432980559110e+00 1.590140580406245396e+00 1.681349470518798572e+00 1.809109899296019819e+02 2.235279169392370022e+02
5.736842105263157965e-01 3.441627768229204021e-01 5.338075837531179868e-01 1.096215000849251942e+00 1.591829609172079163e+00 1.680432245064729102e+00 1.897087146122088939e+02 2.354776737263246389e+02
6.210526315789474117e-01 3.688573741459803546e-01 5.769843233382024872e-01 1.102151845800127816e+00 1.593626045912829525e+00 1.679453568418862730e+00 1.998599813241654033e+02 2.492686554427569945e+02
6.684210526315789158e-01 3.927997392422926115e-01 6.200173997631039935e-01 1.108518002199473163e+00 1.595491203646856704e+00 1.678426317179475991e+00 2.114041049312766631e+02 2.649547861146380114e+02
7.157894736842105310e-01 4.160191134987124006e-01 6.629276785466217126e-01 1.115232019141211062e+00 1.597390078916437917e+00 1.677363199077896549e+00 2.243791369936666058e+02 2.825870847927395175e+02
7.631578947368421462e-01 4.385555774495071280e-01 7.057382192030232648e-01 1.122219721218059796e+00 1.599292223530913937e+00 1.676276020057734684e+00 2.388244455381906164e+02 3.022168182705143522e+02
8.105263157894736503e-01 4.604552827370371193e-01 7.484728921143187774e-01 1.129414078312272363e+00 1.601171955143878778e+00 1.675175269838294012e+00 2.547823240902891371e+02 3.238974373639062492e+02
8.578947368421052655e-01 4.817678251478360596e-01 7.911553287024494230e-01 1.136757096590448102e+00 1.603010325780209744e+00 1.674069649750637101e+00 2.722989469295989124e+02 3.476856859696437141e+02
9.052631578947368807e-01 5.025438132367282540e-01 8.338081823603212817e-01 1.144199375127109342e+00 1.604792770196020513e+00 1.672966443532544423e+00 2.914247866080721110e+02 3.736420349962372143e+02
9.526315789473683848e-01 5.228333062363155204e-01 8.764526434225209384e-01 1.151699616321010256e+00 1.606507851208646809e+00 1.671871522871127391e+00 3.122146681897617668e+02 4.018306718303572893e+02
1.000000000000000000e+00 5.426847693095341318e-01 9.191081591780034810e-01 1.159223797092415298e+00 1.608147878571054123e+00 1.670789504449999185e+00 3.347275781811948150e+02 4.323191847514016217e+02
