1.000000000000000056e-01 6.292529674025491848e-02 9.383235832612801808e-02 1.069061114257582989e+00 1.584606941522734624e+00 1.687170422599270525e+00 1.496195178387804106e+02 1.811045874453295994e+02
1.473684210526315930e-01 9.271615061161825322e-02 1.382741210684123589e-01 1.068383122576824551e+00 1.583877595451733233e+00 1.686398420653325125e+00 1.496204142949534344e+02 1.811247184279549458e+02
1.947368421052631526e-01 1.224695785710330637e-01 1.827037238918487738e-01 1.068180633792027212e+00 1.583565843622753544e+00 1.685987461711877744e+00 1.498061285080829066e+02 1.813935893592262971e+02
2.421052631578947401e-01 1.521452555140625218e-01 2.271088218514881463e-01 1.068284361968272700e+00 1.583469939967141915e+00 1.685701856450689817e+00 1.502294052966516062e+02 1.819890469449157138e+02
2.894736842105263275e-01 1.816894104208888472e-01 2.714725937426898383e-01 1.068695979688683240e+00 1.583538682235680284e+00 1.685454483455986363e+00 1.509703187214007585e+02 1.830226412970436911e+02
3.368421052631579427e-01 2.110330099849870578e-01 3.157746138922553070e-01 1.069447479097499931e+00 1.583762882540675321e+00 1.685201410301839786e+00 1.521178028175461350e+02 1.846165645436294085e+02
3.842105263157894468e-01 2.400972284327536899e-01 3.599923749427473285e-01 1.070584668776433990e+00 1.584146716326820137e+00 1.684916070296706536e+00 1.537616124341919317e+02 1.868932569106364383e+02
4.315789473684210620e-01 2.687974630109374874e-01 4.041032197461140729e-01 1.072146536702808906e+00 1.584697254301968838e+00 1.684581370607011630e+00 1.559867827860076375e+02 1.899682758983520898e+02
4.789473684210526772e-01 2.970522586296881484e-01 4.480864919789593892e-01 1.074169030300833771e+00 1.585417728411869343e+00 1.684186573651831775e+00 1.588702236731256221e+02 1.939458415881499320e+02
5.263157894736841813e-01 3.247867427938648244e-01 4.919254821065010552e-01 1.076669180893497169e+00 1.586305922853735728e+00 1.683725713169514471e+00 1.624783970190538298e+02 1.989159258136247104e+02
5.736842105263157965e-01 3.519414019370479818e-01 5.356089559202066308e-01 1.079656272218270097e+00 1.587353216031949676e+00 1.683197364690862674e+00 1.668667928229382653e+02 2.049535872388561302e+02
6.210526315789474117e-01 3.784693031506562999e-01 5.791320155443595574e-01 1.083113110332007967e+00 1.588545526438569944e+00 1.682603313840009163e+00 1.720805495988515759e+02 2.121198033567501682e+02
6.684210526315789158e-01 4.043423487492854851e-01 6.224962327158893860e-01 1.087014768556702871e+00 1.589863900833473842e+00 1.681948074165073637e+00 1.781559109661173181e+02 2.204633864868118280e+02
7.157894736842105310e-01 4.295497727362609375e-01 6.657092200937186899e-01 1.091327492829691881e+00 1.591286747896816012e+00 1.681238076487183264e+00 1.851223901023354586e+02 2.300237149618424723e+02
7.631578947368421462e-01 4.540955654378864281e-01 7.087837375089167669e-01 1.096009933621814536e+00 1.592791360608099671e+00 1.680480801821640169e+00 1.930049725933052400e+02 2.408335305553725334e+02
8.105263157894736503e-01 4.779963533706168000e-01 7.517365813435130661e-01 1.101017545236297135e+00 1.594355104976626691e+00 1.679684096307901386e+00 2.018261688371480886e+02 2.529215054894328318e+02
8.578947368421052655e-01 5.012787228840214215e-01 7.945874173537654794e-01 1.106305650605360347e+00 1.595956772347013608e+00 1.678855803527609103e+00 2.116077443886515539e+02 2.663143842845535687e+02
9.052631578947368807e-01 5.239766712033362417e-01 8.373576903846743358e-01 1.111831594872259688e+00 1.597577150727636619e+00 1.678003342219822169e+00 2.223720601483706218e+02 2.810386126014442993e+02
9.526315789473683848e-01 5.461294270685318475e-01 8.800696832511468726e-01 1.117556251627741748e+00 1.599199346448169301e+00 1.677133449890259920e+00 2.341430267759831736e+02 2.971214652345598211e+02
1.000000000000000000e+00 5.677795800702067908e-01 9.227457507132904579e-01 1.123444821789450154e+00 1.600808907412420767e+00 1.676252093818433320e+00 2.469467214960139643e+02 3.145917425940256749e+02
