1.000000000000000056e-01 6.295302881049576194e-02 9.383841455034325207e-02 1.066888042224085398e+00 1.584697358879475937e+00 1.687795018382722834e+00 1.484888324689648584e+02 1.797020142141936958e+02
1.473684210526315930e-01 9.274402316496790921e-02 1.382809754683497483e-01 1.066363836179710312e+00 1.584053145244613159e+00 1.687050299010777632e+00 1.486354029321130383e+02 1.799082373756013169e+02
1.947368421052631526e-01 1.224886592960691689e-01 1.827116268131151744e-01 1.066360647834447395e+00 1.583818221780641133e+00 1.686636320376440956e+00 1.490154480528827605e+02 1.804189479335006467e+02
2.421052631578947401e-01 1.521566605030462982e-01 2.271221492582616297e-01 1.066696536587941280e+00 1.583791309524422486e+00 1.686333922879198477e+00 1.496467437186575751e+02 1.812629065881592396e+02
2.894736842105263275e-01 1.817090358668754513e-01 2.715019725438658216e-01 1.067328115783871878e+00 1.583912749012857057e+00 1.686065665634724153e+00 1.505678366084068216e+02 1.824945334471324827e+02
3.368421052631579427e-01 2.110997853590741158e-01 3.158381346236661669e-01 1.068257902320571606e+00 1.584162557814769334e+00 1.685795048485748904e+00 1.518240730331315262e+02 1.841772082577592471e+02
3.842105263157894468e-01 2.402756835562168958e-01 3.601153712209659297e-01 1.069500657428007484e+00 1.584535720018854121e+00 1.685501545567799742e+00 1.534638287531448384e+02 1.863787870497044992e+02
4.315789473684210620e-01 2.691785808470169017e-01 4.043163059495782363e-01 1.071078411102461381e+00 1.585031721530250515e+00 1.685172435200163799e+00 1.555365578492668135e+02 1.891693531077457635e+02
4.789473684210526772e-01 2.977426980610863305e-01 4.484218649283347458e-01 1.072999249503348906e+00 1.585651163155127108e+00 1.684799170240198318e+00 1.580918650440678732e+02 1.926200652981399344e+02
5.263157894736841813e-01 3.259011802636513355e-01 4.924117740807992805e-01 1.075274026309530173e+00 1.586393641527298115e+00 1.684376665918614124e+00 1.611783290834535194e+02 1.968017849330064735e+02
5.736842105263157965e-01 3.535862194080569565e-01 5.362652080536413068e-01 1.077905282655909236e+00 1.587256629187959955e+00 1.683901973128128171e+00 1.648425798122466404e+02 2.017839235166711092e+02
6.210526315789474117e-01 3.807325483699970925e-01 5.799614723064776545e-01 1.080890104916957473e+00 1.588234838358075329e+00 1.683374194583784345e+00 1.691284733686107131e+02 2.076334176580025428e+02
6.684210526315789158e-01 4.072779200760626162e-01 6.234806528956171601e-01 1.084214606064945574e+00 1.589320068114196793e+00 1.682794513086857346e+00 1.740763348249654712e+02 2.144137783728796478e+02
7.157894736842105310e-01 4.331654935795645200e-01 6.668041907143201774e-01 1.087855770929760268e+00 1.590501568621292883e+00 1.682165551504895884e+00 1.797223903281339688e+02 2.221843355707667911e+02
7.631578947368421462e-01 4.583515091017595910e-01 7.099153181948036906e-01 1.091796500752136856e+00 1.591766601442368145e+00 1.681491463867053282e+00 1.860985247498632589e+02 2.309998579669870935e+02
8.105263157894736503e-01 4.827953619078824143e-01 7.527992896210954354e-01 1.096000404343563162e+00 1.593100669843057426e+00 1.680777209825591756e+00 1.932319942781550708e+02 2.409101264103668711e+02
8.578947368421052655e-01 5.064672155588075819e-01 7.954434609547212931e-01 1.100431404167481864e+00 1.594488559484175783e+00 1.680028597379266353e+00 2.011454748796858496e+02 2.519598677571404721e+02
9.052631578947368807e-01 5.293472622151269569e-01 8.378371872902075079e-01 1.105052984269732086e+00 1.595914857612355631e+00 1.679251825005996235e+00 2.098571278995438263e+02 2.641887050068160079e+02
9.526315789473683848e-01 5.514245499828426267e-01 8.799715952720708056e-01 1.109828110030879778e+00 1.597364573209266725e+00 1.678453184146677879e+00 2.193807372415100758e+02 2.776311645161882780e+02
1.000000000000000000e+00 5.726963125084694184e-01 9.218392847039067473e-01 1.114720794807874560e+00 1.598823689238038304e+00 1.677638822346069425e+00 2.297258873781009356e+02 2.923166879680342163e+02
