1.000000000000000056e-01 6.295655374410194516e-02 9.383862253638412809e-02 1.066412114302564884e+00 1.584508291026803573e+00 1.687681502125232713e+00 1.483004726137642990e+02 1.794718533545627679e+02
1.473684210526315930e-01 9.273669771400244732e-02 1.382763104284026323e-01 1.065978083581169411e+00 1.583950403658333839e+00 1.687002892861476422e+00 1.485024401012022679e+02 1.797625774695338521e+02
1.947368421052631526e-01 1.224339097379337632e-01 1.826898228121189571e-01 1.066133992594170188e+00 1.583808766104185306e+00 1.686603340661599004e+00 1.490720118207945006e+02 1.805461222024529491e+02
2.421052631578947401e-01 1.519810765294815069e-01 2.270604882289810333e-01 1.066775052778979438e+00 1.583924189078374178e+00 1.686274580431606163e+00 1.501098680430597483e+02 1.819622345206213083e+02
2.894736842105263275e-01 1.812960550599505838e-01 2.713662494296050220e-01 1.067922383315717871e+00 1.584261664148597593e+00 1.685937197804732168e+00 1.517303634492870685e+02 1.841657745438798486e+02
3.368421052631579427e-01 2.102899577220773419e-01 3.155839105336362138e-01 1.069628681560328642e+00 1.584814771897215868e+00 1.685552297065470828e+00 1.540428866604626421e+02 1.873037863854577836e+02
3.842105263157894468e-01 2.388720908890889227e-01 3.596916557383571522e-01 1.071929412059768660e+00 1.585581176537881998e+00 1.685098569988677131e+00 1.571448868648026007e+02 1.915068567329442146e+02
4.315789473684210620e-01 2.669594171289751960e-01 4.036714281211739586e-01 1.074843285773506407e+00 1.586553531784351545e+00 1.684565436730222743e+00 1.611188686059223585e+02 1.968854342697012783e+02
4.789473684210526772e-01 2.944813170589503648e-01 4.475107634663590406e-01 1.078362934660206607e+00 1.587717420638369514e+00 1.683949971978160765e+00 1.660319937576415157e+02 2.035294335863086417e+02
5.263157894736841813e-01 3.213860705350616853e-01 4.912038249584140814e-01 1.082464383737391955e+00 1.589051177742284882e+00 1.683254722970951356e+00 1.719374354713059176e+02 2.115100243236937274e+02
5.736842105263157965e-01 3.476419314246607106e-01 5.347515768114160517e-01 1.087107253127416406e+00 1.590527367365665690e+00 1.682486011593368413e+00 1.788769685756235219e+02 2.208829427764120226e+02
6.210526315789474117e-01 3.732349030925743438e-01 5.781612111782232777e-01 1.092235204569070639e+00 1.592115826576291804e+00 1.681652957156739125e+00 1.868839849643408115e+02 2.316923218973284975e+02
6.684210526315789158e-01 3.981679872733458470e-01 6.214450738652665951e-01 1.097786237924907038e+00 1.593786012964601095e+00 1.680765841995860654e+00 1.959864367180415456e+02 2.439744050026418734e+02
7.157894736842105310e-01 4.224608942114483900e-01 6.646193932917174862e-01 1.103703486739509021e+00 1.595508748495618301e+00 1.679835269932688613e+00 2.062095805240425079e+02 2.577609401645336220e+02
7.631578947368421462e-01 4.461395303325544348e-01 7.077029658484882413e-01 1.109920428439214568e+00 1.597257359961430367e+00 1.678871375569830127e+00 2.175779704757517834e+02 2.730816547563489962e+02
8.105263157894736503e-01 4.692396774278624338e-01 7.507159666217275706e-01 1.116380944947732434e+00 1.599008701209541083e+00 1.677883635564045184e+00 2.301169153505189513e+02 2.899660515339634230e+02
8.578947368421052655e-01 4.918012764796580449e-01 7.936789797362443499e-01 1.123032925059090026e+00 1.600743191361463369e+00 1.676880387208817824e+00 2.438534258472720069e+02 3.084445430069067697e+02
9.052631578947368807e-01 5.138680692557392460e-01 8.366122468911360022e-01 1.129832482116275738e+00 1.602444930061339257e+00 1.675868730206206969e+00 2.588167231684718672e+02 3.285490430329631977e+02
9.526315789473683848e-01 5.354833261311287007e-01 8.795351366780616020e-01 1.136738937551882822e+00 1.604100936224183149e+00 1.674854965377072791e+00 2.750385363000995085e+02 3.503132858370950089e+02
1.000000000000000000e+00 5.566901461925330974e-01 9.224657661278378162e-01 1.143717616156395334e+00 1.605701892273678988e+00 1.673843995675868834e+00 2.925529007541178999e+02 3.737725546697632240e+02
