1.000000000000000056e-01 6.296811255226764104e-02 9.384130507202044502e-02 1.065618028230157943e+00 1.584387319269288330e+00 1.687732442907461383e+00 1.479176721159445833e+02 1.789934588903154236e+02
1.473684210526315930e-01 9.276060769866496802e-02 1.382825422056592479e-01 1.065196857079299120e+00 1.583874372269623798e+00 1.687119503430334344e+00 1.480786567854242435e+02 1.792260485880973420e+02
1.947368421052631526e-01 1.224864559491479349e-01 1.827045690004414913e-01 1.065298661851353357e+00 1.583731439865322166e+00 1.686763803300528775e+00 1.485433840064291076e+02 1.798637546141770258e+02
2.421052631578947401e-01 1.520918642125961284e-01 2.270923630527694470e-01 1.065807463771001995e+00 1.583808669274076708e+00 1.686478021809864503e+00 1.493841683407684684e+02 1.810085116354725869e+02
2.894736842105263275e-01 1.815092531445250956e-01 2.714273654979887929e-01 1.066730198344106428e+00 1.584071555527751585e+00 1.686191104843106636e+00 1.506904880819114396e+02 1.827826939362904568e+02
3.368421052631579427e-01 2.106632229381640298e-01 3.156886649718921301e-01 1.068114794867438100e+00 1.584514729656419707e+00 1.685868145062570544e+00 1.525527813740070826e+02 1.853093790479262566e+02
3.842105263157894468e-01 2.394707810530982139e-01 3.598545131178284562e-01 1.069993278630528843e+00 1.585139513112965748e+00 1.685488799132873083e+00 1.550564858721420762e+02 1.887050235161613330e+02
4.315789473684210620e-01 2.678487776341961224e-01 4.039040747230203121e-01 1.072387682820159061e+00 1.585945082400872064e+00 1.685041352408851667e+00 1.582791942451865737e+02 1.930758540211211312e+02
4.789473684210526772e-01 2.957204557378866894e-01 4.478190516507747909e-01 1.075310098262955538e+00 1.586926264121057972e+00 1.684520515915307159e+00 1.622889002194270347e+02 1.985157520429757199e+02
5.263157894736841813e-01 3.230196184061073228e-01 4.915850708095838018e-01 1.078755985973619103e+00 1.588071225903000538e+00 1.683925318322573306e+00 1.671436873948183290e+02 2.051058329789484844e+02
5.736842105263157965e-01 3.496927653932112579e-01 5.351925621993477433e-01 1.082702070913852843e+00 1.589362801390503233e+00 1.683258540291753258e+00 1.728923312726168149e+02 2.129152279075298679e+02
6.210526315789474117e-01 3.757005609259147505e-01 5.786370957632818168e-01 1.087109471365823588e+00 1.590779314414742185e+00 1.682526167968613207e+00 1.795754882566724007e+02 2.220025875789700649e+02
6.684210526315789158e-01 4.010217932019359832e-01 6.219192335312232478e-01 1.091937595986812948e+00 1.592296841402811580e+00 1.681735882898823808e+00 1.872274917907762415e+02 2.324183089441279151e+02
7.157894736842105310e-01 4.256471668731242608e-01 6.650439814999102861e-01 1.097133116693762123e+00 1.593890293535533242e+00 1.680896190800510670e+00 1.958782221157019308e+02 2.442068653331254211e+02
7.631578947368421462e-01 4.495808012056020653e-01 7.080199847238678457e-01 1.102643141395290627e+00 1.595535600174368795e+00 1.680016355002354800e+00 2.055547548310699142e+02 2.574088760750738061e+02
8.105263157894736503e-01 4.728363443330175775e-01 7.508586487071975402e-01 1.108413966466973655e+00 1.597210234471146073e+00 1.679105378563195305e+00 2.162829126738579362e+02 2.720630278833658622e+02
8.578947368421052655e-01 4.954369465566174080e-01 7.935732812899637389e-01 1.114398062524539101e+00 1.598894032098866491e+00 1.678171685993615547e+00 2.280885020949635020e+02 2.882076022937314406e+02
9.052631578947368807e-01 5.174100991161456609e-01 8.361783371768294337e-01 1.120549035957800532e+00 1.600569792505616817e+00 1.677222943019885948e+00 2.409982746996311676e+02 3.058816496517141559e+02
9.526315789473683848e-01 5.387864256823829967e-01 8.786887688651364714e-01 1.126824064454441388e+00 1.602222699633077063e+00 1.676266012261369065e+00 2.550404179113946839e+02 3.251255957817423337e+02
1.000000000000000000e+00 5.595984156727021874e-01 9.211195393678847099e-01 1.133185128952277410e+00 1.603840720120063956e+00 1.675306786029821193e+00 2.702450794685393021e+02 3.459818671167335538e+02
