1.000000000000000056e-01 6.291267075330692071e-02 9.382969416317572808e-02 1.068503165237767893e+00 1.584486152460323982e+00 1.687070410364913231e+00 1.495802600044590349e+02 1.810748333616477908e+02
1.473684210526315930e-01 9.265286808384326500e-02 1.382612690980457859e-01 1.068333300736102220e+00 1.583976365558923627e+00 1.686321326217186778e+00 1.500686737675991367e+02 1.817243938960759237e+02
1.947368421052631526e-01 1.223035606614908677e-01 1.826716179363238324e-01 1.068796404524423371e+00 1.583896623012477800e+00 1.685855531537160390e+00 1.509614189041677719e+02 1.829020549895647889e+02
2.421052631578947401e-01 1.518155948794020771e-01 2.270486202168784384e-01 1.069738753293667077e+00 1.584063166275272438e+00 1.685466547014744076e+00 1.522990360272200689e+02 1.846662590871582097e+02
2.894736842105263275e-01 1.811330297061708727e-01 2.713780042291537575e-01 1.071135463630598528e+00 1.584420704954353942e+00 1.685080915820325043e+00 1.541363423728965927e+02 1.870931101531030265e+02
3.368421052631579427e-01 2.101942477727360703e-01 3.156437669475945507e-01 1.072989900718991141e+00 1.584948575473404730e+00 1.684664919305505215e+00 1.565309904979339706e+02 1.902627211467144264e+02
3.842105263157894468e-01 2.389321040454994161e-01 3.598287143268163457e-01 1.075301174732566700e+00 1.585636597832441819e+00 1.684201175950543083e+00 1.595401003823268979e+02 1.942552648568567975e+02
4.315789473684210620e-01 2.672800041627568790e-01 4.039151532779433063e-01 1.078073841808471656e+00 1.586476393919318051e+00 1.683680286962541794e+00 1.632188681952534068e+02 1.991492943065703116e+02
4.789473684210526772e-01 2.951699842581854139e-01 4.478856064021072281e-01 1.081293750217188432e+00 1.587458633778821238e+00 1.683098265962819973e+00 1.676196902007458220e+02 2.050207228595162405e+02
5.263157894736841813e-01 3.225417569990767230e-01 4.917235156129021734e-01 1.084952431278508822e+00 1.588571602029138496e+00 1.682454846636276757e+00 1.727915174092897246e+02 2.119420404494110244e+02
5.736842105263157965e-01 3.493386301080799172e-01 5.354138553128809930e-01 1.089022573708448682e+00 1.589800861169840651e+00 1.681752366895690853e+00 1.787796809070788129e+02 2.199820817566584878e+02
6.210526315789474117e-01 3.755119657510936904e-01 5.789435591690934579e-01 1.093470224361595022e+00 1.591129766971283166e+00 1.680995271310496975e+00 1.856256536444270182e+02 2.292057418888697384e+02
6.684210526315789158e-01 4.010234358495217699e-01 6.223017741673377845e-01 1.098258977003797154e+00 1.592540158641254200e+00 1.680189508004090060e+00 1.933672026537492457e+02 2.396741347252776961e+02
7.157894736842105310e-01 4.258411240645711415e-01 6.654799139195849422e-01 1.103340647088161042e+00 1.594013202714930078e+00 1.679342005639987256e+00 2.020386272163661090e+02 2.514448605993079298e+02
7.631578947368421462e-01 4.499455561186221364e-01 7.084715401076709940e-01 1.108673053125261321e+00 1.595530200701629875e+00 1.678460214921899896e+00 2.116710257076682353e+02 2.645723053550449890e+02
8.105263157894736503e-01 4.733224707696622180e-01 7.512721216325218831e-01 1.114205915814973746e+00 1.597073384569722698e+00 1.677551799525150322e+00 2.222926245140112940e+02 2.791080029128415845e+02
8.578947368421052655e-01 4.959679504322929700e-01 7.938787034840767420e-01 1.119896070555998380e+00 1.598626278533459510e+00 1.676624104268457538e+00 2.339291387849838202e+02 2.951010427158478251e+02
9.052631578947368807e-01 5.178836362840401053e-01 8.362895585795756537e-01 1.125700457556258138e+00 1.600173652380946443e+00 1.675684340342073142e+00 2.466039767690652980e+02 3.125982533146068363e+02
9.526315789473683848e-01 5.390762888101108263e-01 8.785038283308904683e-01 1.131578718354332214e+00 1.601702796569433040e+00 1.674738893056245459e+00 2.603384217875180866e+02 3.316443610196573104e+02
1.000000000000000000e+00 5.595568519200518898e-01 9.205211959279605560e-01 1.137494086202613497e+00 1.603203512154167010e+00 1.673793481747180900e+00 2.751517172762411860e+02 3.522820068609436817e+02
