1.000000000000000056e-01 6.297367297881105441e-02 9.384281017327872343e-02 1.065455986148126533e+00 1.584271716155839282e+00 1.687647202594289908e+00 1.478344189910846751e+02 1.788840587831468270e+02
1.473684210526315930e-01 9.278584114044803599e-02 1.382891123354014484e-01 1.064951458608884183e+00 1.583750971128208285e+00 1.687086403248447608e+00 1.478581254868308861e+02 1.789331612106081195e+02
1.947368421052631526e-01 1.225580170288614879e-01 1.827224905447419057e-01 1.064855419718872875e+00 1.583551732647862531e+00 1.686781518228548382e+00 1.480701952333762961e+02 1.792363421587000971e+02
2.421052631578947401e-01 1.522476225714339826e-01 2.271297107692168415e-01 1.065047556481150348e+00 1.583531617766377408e+00 1.686557146522540407e+00 1.485290827539289751e+02 1.798792807801269191e+02
2.894736842105263275e-01 1.817949151536608632e-01 2.714922067969234298e-01 1.065538657271560830e+00 1.583661037957910356e+00 1.686345833257639981e+00 1.493204648828002234e+02 1.809820423079479497e+02
3.368421052631579427e-01 2.111245614440814267e-01 3.157865359646879755e-01 1.066381035944231170e+00 1.583942571834612512e+00 1.686112460636466581e+00 1.505408061535007107e+02 1.826786935684336868e+02
3.842105263157894468e-01 2.401467912417623030e-01 3.599855378321139554e-01 1.067629700185244168e+00 1.584386753137372095e+00 1.685833382685306248e+00 1.522897619637864466e+02 1.851076161417596779e+02
4.315789473684210620e-01 2.687618358668319440e-01 4.040601557234116403e-01 1.069329060796018416e+00 1.585006409664380111e+00 1.685493763648785892e+00 1.546648018936197957e+02 1.884045447755038936e+02
4.789473684210526772e-01 2.968701011624134134e-01 4.479817135216462853e-01 1.071521347978911631e+00 1.585807673349886482e+00 1.685082672601906140e+00 1.577567794048495102e+02 1.926968347016326106e+02
5.263157894736841813e-01 3.243767996055305636e-01 4.917243011222314220e-01 1.074229286655496551e+00 1.586791639015812994e+00 1.684595070124127458e+00 1.616468756756347034e+02 1.980995062648299836e+02
5.736842105263157965e-01 3.511976347139648680e-01 5.352668815424901361e-01 1.077451618199133820e+00 1.587949792027534501e+00 1.684029705973635771e+00 1.664048188710691818e+02 2.047129397879251940e+02
6.210526315789474117e-01 3.772677506673940417e-01 5.785947815649047365e-01 1.081176300792333844e+00 1.589267590803456809e+00 1.683389348667846841e+00 1.720885975034276782e+02 2.126224823971865590e+02
6.684210526315789158e-01 4.025402583114052191e-01 6.217004077639101123e-01 1.085369591909169928e+00 1.590723255168123629e+00 1.682680188259222831e+00 1.787455913188041734e+02 2.218998348297447762e+02
7.157894736842105310e-01 4.269888710865065717e-01 6.645831478453134711e-01 1.089987321397510867e+00 1.592291830317556833e+00 1.681910350631110607e+00 1.864143671605052646e+02 2.326053270698502615e+02
7.631578947368421462e-01 4.506059581909900302e-01 7.072486595540240506e-01 1.094977532649993979e+00 1.593946396284591449e+00 1.681089085540858008e+00 1.951270313585145004e+02 2.447908815189886695e+02
8.105263157894736503e-01 4.734020684245161537e-01 7.497077880215018419e-01 1.100289194640699852e+00 1.595660754729137265e+00 1.680226530907781068e+00 2.049116810050996946e+02 2.585030871347416905e+02
8.578947368421052655e-01 4.953963824895938339e-01 7.919753302776211257e-01 1.105862410925189776e+00 1.597410475425464549e+00 1.679332740768766596e+00 2.157945044297477750e+02 2.737858330071259161e+02
9.052631578947368807e-01 5.166202595512864315e-01 8.340687802539618056e-01 1.111645976477752651e+00 1.599173263920907750e+00 1.678416794822864988e+00 2.278015026812618657e+02 2.906825099476940295e+02
9.526315789473683848e-01 5.371113265126391534e-01 8.760073049481255092e-01 1.117592575572173619e+00 1.600930181517035589e+00 1.677486838371611499e+00 2.409599104118852040e+02 3.092377400171664590e+02
1.000000000000000000e+00 5.569100950452419152e-01 9.178108520920361668e-01 1.123658084408010183e+00 1.602664413605444427e+00 1.676550345091098349e+00 2.552991382276257184e+02 3.294985630128572893e+02
