1.000000000000000056e-01 6.295799832334587898e-02 9.383919807171690886e-02 1.065816405879792983e+00 1.583982411854876871e+00 1.687173446386619036e+00 1.481945570236352410e+02 1.793407935170659755e+02
1.473684210526315930e-01 9.274808010434255900e-02 1.382804608823095527e-01 1.065543041525194745e+00 1.583592178119000993e+00 1.686680591788928707e+00 1.483774961161566921e+02 1.795966617567867445e+02
1.947368421052631526e-01 1.224795703451513063e-01 1.827058689007319825e-01 1.065696118583099983e+00 1.583499921958782641e+00 1.686386808498290257e+00 1.488255579956755810e+02 1.802037627195532821e+02
2.421052631578947401e-01 1.521115160397978616e-01 2.271048724945582686e-01 1.066188252194156361e+00 1.583586068693133786e+00 1.686144988947651191e+00 1.495905824011526875e+02 1.812334104821988205e+02
2.894736842105263275e-01 1.815977766442302410e-01 2.714655576232077872e-01 1.067030977358426336e+00 1.583819912622886683e+00 1.685901079726345619e+00 1.507310675138401450e+02 1.827636700178279341e+02
3.368421052631579427e-01 2.108869313738154228e-01 3.157756145321227170e-01 1.068241246391590460e+00 1.584192701609675957e+00 1.685628731389757329e+00 1.523018142078979906e+02 1.848669138279624633e+02
3.842105263157894468e-01 2.399254657051566597e-01 3.600233145215224195e-01 1.069830739718224955e+00 1.584701277239227490e+00 1.685313739417025447e+00 1.543510029067247729e+02 1.876063563873476596e+02
4.315789473684210620e-01 2.686654554988392452e-01 4.041984382775210549e-01 1.071819483341747592e+00 1.585342130259377091e+00 1.684948227400305587e+00 1.569194824616373865e+02 1.910352310376140395e+02
4.789473684210526772e-01 2.970606725840033713e-01 4.482929899471321811e-01 1.074203958049921859e+00 1.586109177000169401e+00 1.684528446194453633e+00 1.600406877148083709e+02 1.951968217238236605e+02
5.263157894736841813e-01 3.250756487193253719e-01 4.923017051476240580e-01 1.076985012144388687e+00 1.586993791803417375e+00 1.684054036787572484e+00 1.637412158372602278e+02 2.001252487834076135e+02
5.736842105263157965e-01 3.526808228454981209e-01 5.362223071163302324e-01 1.080145145596257183e+00 1.587984260740322506e+00 1.683526441349727953e+00 1.680418102748752744e+02 2.058467444044694048e+02
6.210526315789474117e-01 3.798556448883463887e-01 5.800554926454949412e-01 1.083660917304984705e+00 1.589066951073500933e+00 1.682948866373890295e+00 1.729582924559411765e+02 2.123808832222398166e+02
6.684210526315789158e-01 4.065903162994723430e-01 6.238047273126895442e-01 1.087509098870685254e+00 1.590227034092032588e+00 1.682325715220473805e+00 1.785026663587450741e+02 2.197419890984353117e+02
7.157894736842105310e-01 4.328818120000559877e-01 6.674758900226284153e-01 1.091658586466258463e+00 1.591449003375150495e+00 1.681661903883990838e+00 1.846841767971581305e+02 2.279404761149176295e+02
7.631578947368421462e-01 4.587324982290517661e-01 7.110768324475560398e-01 1.096072869673766492e+00 1.592717845787279707e+00 1.680962979262029977e+00 1.915101458008118414e+02 2.369839039415948889e+02
8.105263157894736503e-01 4.841546586815540509e-01 7.546168674536689602e-01 1.100723823381169364e+00 1.594018861278025945e+00 1.680234188313696864e+00 1.989866890174135392e+02 2.468779151832916057e+02
8.578947368421052655e-01 5.091633397560605401e-01 7.981063339008402924e-01 1.105578981648851711e+00 1.595338585458492053e+00 1.679480794066690930e+00 2.071193347287245956e+02 2.576269810345525570e+02
9.052631578947368807e-01 5.337776919586654234e-01 8.415561654711732897e-01 1.110608100713862623e+00 1.596664899690531936e+00 1.678707724479512775e+00 2.159134311432029847e+02 2.692349218067134302e+02
9.526315789473683848e-01 5.580197078533162269e-01 8.849775201606870922e-01 1.115783073535272729e+00 1.597987151729803212e+00 1.677919455752396871e+00 2.253744147413419512e+02 2.817052511049397481e+02
1.000000000000000000e+00 5.819128676871335726e-01 9.283814802527676768e-01 1.121077475013493530e+00 1.599296117300916142e+00 1.677120054342340127e+00 2.355079853223424777e+02 2.950413993059162863e+02
