1.000000000000000056e-01 6.289613385231809795e-02 9.382888541712230968e-02 1.068339281261616813e+00 1.584478375708116449e+00 1.686973178150755981e+00 1.498111326463183843e+02 1.813657080814229232e+02
1.473684210526315930e-01 9.260845713232315757e-02 1.382597166924359744e-01 1.068604192054806834e+00 1.584119545277473007e+00 1.686221113502780478e+00 1.506850449219208201e+02 1.824892553494442780e+02
1.947368421052631526e-01 1.222268426855727119e-01 1.826725650946173507e-01 1.069470138066537457e+00 1.584149530604193057e+00 1.685718626831714584e+00 1.519505112426255096e+02 1.841164580440768077e+02
2.421052631578947401e-01 1.517160199380131747e-01 2.270593263522507066e-01 1.070768850279538942e+00 1.584391932256402846e+00 1.685285127072944311e+00 1.536087206634607298e+02 1.862541631151985086e+02
2.894736842105263275e-01 1.810360547382354468e-01 2.714105184136774707e-01 1.072444931467921414e+00 1.584788560660613355e+00 1.684858394789106928e+00 1.556812376966764191e+02 1.889345976279277011e+02
3.368421052631579427e-01 2.101437756279964930e-01 3.157153296339277326e-01 1.074480311919236986e+00 1.585315558698607630e+00 1.684411701219573398e+00 1.581973651405389489e+02 1.922001436066007614e+02
3.842105263157894468e-01 2.389930555845030669e-01 3.599617083552275054e-01 1.076867149681252744e+00 1.585960218291346813e+00 1.683931296185612103e+00 1.611901405690796594e+02 1.960985863759688641e+02
4.315789473684210620e-01 2.675344067048758823e-01 4.041365571185813188e-01 1.079595400263139604e+00 1.586714298912099252e+00 1.683410114888085785e+00 1.646949382860546223e+02 2.006814319967604376e+02
4.789473684210526772e-01 2.957181504356573010e-01 4.482259392155416577e-01 1.082659048851152939e+00 1.587570807070886936e+00 1.682844963470713218e+00 1.687481495508409921e+02 2.060023947856608686e+02
5.263157894736841813e-01 3.234929902206828967e-01 4.922153964237688806e-01 1.086043562979845500e+00 1.588522262759489045e+00 1.682234674571277955e+00 1.733867831442034344e+02 2.121168891073370162e+02
5.736842105263157965e-01 3.508093251408173074e-01 5.360902102354461185e-01 1.089733749959038711e+00 1.589560491486813776e+00 1.681580031987793600e+00 1.786475506627897403e+02 2.190810025976683164e+02
6.210526315789474117e-01 3.776212293894643524e-01 5.798356960995489917e-01 1.093714338996003788e+00 1.590676204173834041e+00 1.680883137662217530e+00 1.845663436927547991e+02 2.269508738838957242e+02
6.684210526315789158e-01 4.038838158436325321e-01 6.234374865020039236e-01 1.097959582175651816e+00 1.591859121038869729e+00 1.680147142696922558e+00 1.911779128889085371e+02 2.357822895666920999e+02
7.157894736842105310e-01 4.295562163513085840e-01 6.668817381431659808e-01 1.102440859664934658e+00 1.593098326900937112e+00 1.679376178861828439e+00 1.985152673297191654e+02 2.456299577557064424e+02
7.631578947368421462e-01 4.546042700441216278e-01 7.101552481166689690e-01 1.107131283740435457e+00 1.594382109503973632e+00 1.678574714621833497e+00 2.066092466349194581e+02 2.565470007888245050e+02
8.105263157894736503e-01 4.789979178297475992e-01 7.532455746771318239e-01 1.111999248837195697e+00 1.595698780942961026e+00 1.677747768205179568e+00 2.154883260473835378e+02 2.685846308876969033e+02
8.578947368421052655e-01 5.027128441403039272e-01 7.961410309232271887e-01 1.117012751487274524e+00 1.597036828694097021e+00 1.676900546541188586e+00 2.251782461228207808e+02 2.817916504548201146e+02
9.052631578947368807e-01 5.257299460081106268e-01 8.388306340951040552e-01 1.122139120165414949e+00 1.598385233839316966e+00 1.676038266214777916e+00 2.357017501955954515e+02 2.962140343033943850e+02
9.526315789473683848e-01 5.480347911650389481e-01 8.813040064756091363e-01 1.127345307006412112e+00 1.599733776615142933e+00 1.675166013300863677e+00 2.470783211541580329e+02 3.118944723702454098e+02
1.000000000000000000e+00 5.696182274526763178e-01 9.235512303718037552e-01 1.132600298048813237e+00 1.601071704657147654e+00 1.674289568089127878e+00 2.593238453089211930e+02 3.288717852871885157e+02
