1.000000000000000056e-01 6.293939100537124243e-02 9.383542805976702317e-02 1.069425461263490362e+00 1.585799037015664936e+00 1.688571825028901685e+00 1.493234547346625902e+02 1.807285305506988493e+02
1.473684210526315930e-01 9.273864461453620867e-02 1.382792907774658964e-01 1.068334442979905097e+00 1.584680565833847643e+00 1.687420375529142813e+00 1.492517159844548473e+02 1.806581871762722358e+02
1.947368421052631526e-01 1.225053210263895714e-01 1.827120985429295241e-01 1.067904542791781930e+00 1.584166753967350738e+00 1.686824482166979777e+00 1.493707052587058399e+02 1.808412994364284714e+02
2.421052631578947401e-01 1.522008925948035996e-01 2.271210953393492382e-01 1.067847085910454519e+00 1.583940112096566377e+00 1.686434097023710166e+00 1.497141938563684107e+02 1.813342967605376828e+02
2.894736842105263275e-01 1.817668811112521654e-01 2.714871962353708201e-01 1.068110450125422384e+00 1.583912282937074201e+00 1.686122822399754195e+00 1.503606465319991798e+02 1.822502673939884517e+02
3.368421052631579427e-01 2.111250460348943481e-01 3.157848553738740738e-01 1.068719555869802829e+00 1.584061894344936716e+00 1.685828500061960389e+00 1.514083529121711820e+02 1.837284239921829396e+02
3.842105263157894468e-01 2.401785566648438897e-01 3.599827736497607233e-01 1.069724450436012386e+00 1.584391891600753999e+00 1.685514311653520503e+00 1.529652368358465537e+02 1.859212313096804792e+02
4.315789473684210620e-01 2.688158145538670496e-01 4.040455854641257227e-01 1.071176997888719784e+00 1.584911328169548828e+00 1.685154873377832541e+00 1.551418957345660772e+02 1.889853492014387655e+02
4.789473684210526772e-01 2.969187909111531409e-01 4.479363634732495547e-01 1.073124257707540163e+00 1.585629209522346761e+00 1.684733531875830748e+00 1.580451997096747334e+02 1.930733298379575729e+02
5.263157894736841813e-01 3.243720190745155718e-01 4.916196615714056306e-01 1.075599676861469733e+00 1.586548208905500523e+00 1.684239884829961120e+00 1.617731667833777180e+02 1.983268926675575585e+02
5.736842105263157965e-01 3.510680723491649280e-01 5.350644836895024348e-01 1.078607951479971350e+00 1.587662200724683670e+00 1.683669293150975577e+00 1.664110604099059572e+02 2.048718757127805929e+02
6.210526315789474117e-01 3.769213192215183361e-01 5.782467650064452291e-01 1.082142249409665746e+00 1.588957242401971115e+00 1.683022295617767838e+00 1.720296735528656313e+02 2.128158790888207932e+02
6.684210526315789158e-01 4.018679958623103121e-01 6.211508111613111005e-01 1.086171536455594833e+00 1.590411290265844713e+00 1.682303615152164866e+00 1.786854039587786360e+02 2.222483098910009005e+02
7.157894736842105310e-01 4.258693277139908862e-01 6.637696695884395259e-01 1.090648703253767282e+00 1.591996413352549933e+00 1.681521141396922880e+00 1.864219430009084988e+02 2.332424576009524628e+02
7.631578947368421462e-01 4.489090257919507443e-01 7.061045246422109622e-01 1.095513417772505660e+00 1.593682141356154158e+00 1.680685030218692422e+00 1.952728600053829382e+02 2.458587470844212532e+02
8.105263157894736503e-01 4.709957901405850134e-01 7.481634673213239939e-01 1.100710024270961096e+00 1.595438496186663668e+00 1.679806362233525974e+00 2.052647539185322501e+02 2.601487007830372136e+02
8.578947368421052655e-01 4.921507584423951975e-01 7.899599318084032928e-01 1.106172584005387982e+00 1.597236818650428436e+00 1.678895943527253465e+00 2.164199759827286869e+02 2.761584085427415403e+02
9.052631578947368807e-01 5.124083741132456904e-01 8.315111285417576825e-01 1.111840660438406125e+00 1.599051617123133040e+00 1.677963962516262120e+00 2.287591107621427113e+02 2.939316874885909101e+02
9.526315789473683848e-01 5.318114242805669356e-01 8.728366488311436466e-01 1.117659689607817919e+00 1.600861333282409760e+00 1.677019843151548617e+00 2.423028568703218184e+02 3.135124898898004631e+02
1.000000000000000000e+00 5.504072403032314043e-01 9.139573293736198423e-01 1.123580881300493717e+00 1.602647048149858477e+00 1.676071898136806793e+00 2.570733909328776008e+02 3.349466596208720830e+02
