1.000000000000000056e-01 6.294948345679174384e-02 9.383708196281001501e-02 1.065848304375693445e+00 1.584736382275133471e+00 1.688017729065681483e+00 1.481200343115099258e+02 1.792647311285813601e+02
1.473684210526315930e-01 9.267887703521153486e-02 1.382648947206038814e-01 1.065814648746306936e+00 1.584297470555776854e+00 1.687252610551799759e+00 1.488114153175602894e+02 1.801882109136840597e+02
1.947368421052631526e-01 1.222749430433590218e-01 1.826608427923221700e-01 1.066604186521304731e+00 1.584342348274827339e+00 1.686742560639406419e+00 1.501008959794246209e+02 1.818936649779106745e+02
2.421052631578947401e-01 1.516688083941576670e-01 2.270087660542978170e-01 1.068066047298694032e+00 1.584687728650789884e+00 1.686278500639710076e+00 1.520513536940705706e+02 1.844682547657631915e+02
2.894736842105263275e-01 1.807867510732459326e-01 2.712920686596818065e-01 1.070164313038429516e+00 1.585275850870221159e+00 1.685787697747728187e+00 1.547325872743145112e+02 1.880060799365406865e+02
3.368421052631579427e-01 2.095563082965337387e-01 3.154950808443374166e-01 1.072886545475402409e+00 1.586078316675227917e+00 1.685239236928951945e+00 1.582076149129127032e+02 1.925920434163780612e+02
3.842105263157894468e-01 2.379120150852171156e-01 3.596042617714884648e-01 1.076221278475341769e+00 1.587072940646101493e+00 1.684620299454784309e+00 1.625304381775366664e+02 1.982993510407718247e+02
4.315789473684210620e-01 2.657955035678947198e-01 4.036090851570135474e-01 1.080134462715504284e+00 1.588236703871879207e+00 1.683927523891353584e+00 1.677462997933055533e+02 2.051899858680333750e+02
4.789473684210526772e-01 2.931610708812656951e-01 4.475025748917965118e-01 1.084586261023156251e+00 1.589544467449519383e+00 1.683163341079406461e+00 1.738929945783445703e+02 2.133163682322695536e+02
5.263157894736841813e-01 3.199744909820337324e-01 4.912814203317283912e-01 1.089523564769286690e+00 1.590969512386062990e+00 1.682333882898401134e+00 1.810023075780576107e+02 2.227231961763437198e+02
5.736842105263157965e-01 3.462139633955877427e-01 5.349457600650781020e-01 1.094887814647030888e+00 1.592484402868368454e+00 1.681447207237355190e+00 1.891016580665279037e+02 2.334495057960878057e+02
6.210526315789474117e-01 3.718702777654114278e-01 5.784987472475668913e-01 1.100621128446169772e+00 1.594062504975942707e+00 1.680512447355773098e+00 1.982156285350599774e+02 2.455305493706599691e+02
6.684210526315789158e-01 3.969427020421879004e-01 6.219459665080019350e-01 1.106661603307422581e+00 1.595679016887638912e+00 1.679539015733759522e+00 2.083672987567413770e+02 2.589994483951040820e+02
7.157894736842105310e-01 4.214379646619939579e-01 6.652947979132950440e-01 1.112948902185051825e+00 1.597311873470859123e+00 1.678536337433853554e+00 2.195791475101786716e+02 2.738883238528299557e+02
7.631578947368421462e-01 4.453713414536860649e-01 7.085538165369826835e-01 1.119431846975389666e+00 1.598941529239973347e+00 1.677512722913155008e+00 2.318739631665947627e+02 2.902294293526592810e+02
8.105263157894736503e-01 4.687615763551853387e-01 7.517322856054721170e-01 1.126061299433424701e+00 1.600551853119038137e+00 1.676475882580242827e+00 2.452752666859113901e+02 3.080556569786224941e+02
8.578947368421052655e-01 4.916303977899110778e-01 7.948397239545561543e-01 1.132793153609539694e+00 1.602128853528876462e+00 1.675432829056195061e+00 2.598077175543595558e+02 3.274010484931204132e+02
9.052631578947368807e-01 5.140006490395777616e-01 8.378855797371467240e-01 1.139587246397286702e+00 1.603662907736562060e+00 1.674389109963724698e+00 2.754973193192238909e+02 3.483010481896474744e+02
9.526315789473683848e-01 5.358987445465744903e-01 8.808789586398754201e-01 1.146413427520405204e+00 1.605146193532237309e+00 1.673350043392163755e+00 2.923712761270903115e+02 3.707923627527711119e+02
1.000000000000000000e+00 5.573499786048189408e-01 9.238284965212537614e-01 1.153243499986253751e+00 1.606572810050262756e+00 1.672319563949742349e+00 3.104582618051045984e+02 3.949132583318742036e+02
