1.000000000000000056e-01 6.295647645627851230e-02 9.383897446134513431e-02 1.067808718412314395e+00 1.585365095833544791e+00 1.688431326537943367e+00 1.486357171577634801e+02 1.798755540790513692e+02
1.473684210526315930e-01 9.275821173646310591e-02 1.382824645126544405e-01 1.066894206638383746e+00 1.584434955520291455e+00 1.687459961919395290e+00 1.486079643895971003e+02 1.798655977569734148e+02
1.947368421052631526e-01 1.225104368081717521e-01 1.827087915061562928e-01 1.066605544977090148e+00 1.584038759704924360e+00 1.686946731272521927e+00 1.488202819430078989e+02 1.801818105960456933e+02
2.421052631578947401e-01 1.521523786489917540e-01 2.270980481234720905e-01 1.066726956679415750e+00 1.583924548646414188e+00 1.686589240281634483e+00 1.493569072382349248e+02 1.809503996741544540e+02
2.894736842105263275e-01 1.815964638780951101e-01 2.714217443300633859e-01 1.067268791491866375e+00 1.584035954384103162e+00 1.686272829833336706e+00 1.503500781400911706e+02 1.823582621147302802e+02
3.368421052631579427e-01 2.107287287025252365e-01 3.156444925174964333e-01 1.068292616799532802e+00 1.584371770572631011e+00 1.685938520616578451e+00 1.519502321241472771e+02 1.846151664111127673e+02
3.842105263157894468e-01 2.394193714343396118e-01 3.597274889489306959e-01 1.069876800614357304e+00 1.584943779577661749e+00 1.685548890406650013e+00 1.543099799796181628e+02 1.879326613997112645e+02
4.315789473684210620e-01 2.675355162187279534e-01 4.036331924367250745e-01 1.072089548252518121e+00 1.585763648986157071e+00 1.685081661743713877e+00 1.575717762117840266e+02 1.925079127987218897e+02
4.789473684210526772e-01 2.949539358747871876e-01 4.473303045194838012e-01 1.074969790244014956e+00 1.586830788179048657e+00 1.684523872888787910e+00 1.618598290684446113e+02 1.985130820877141673e+02
5.263157894736841813e-01 3.215763416587463785e-01 4.907978019499150135e-01 1.078530055989372016e+00 1.588133035472689247e+00 1.683872064119406264e+00 1.672759350446496285e+02 2.060900364054819534e+02
5.736842105263157965e-01 3.473340375408997538e-01 5.340272878541343360e-01 1.082745696781207245e+00 1.589644458331584742e+00 1.683129577889438400e+00 1.739000798354214794e+02 2.153511282976280086e+02
6.210526315789474117e-01 3.721928323737700994e-01 5.770233088301426339e-01 1.087568379516135497e+00 1.591330642308938836e+00 1.682305081640822708e+00 1.817942017680340143e+02 2.263840718438983401e+02
6.684210526315789158e-01 3.961490078599699816e-01 6.198019640603599223e-01 1.092929745164047839e+00 1.593151888657729387e+00 1.681411140672012028e+00 1.910076979306221858e+02 2.392590172959561414e+02
7.157894736842105310e-01 4.192265304204816356e-01 6.623885416174516427e-01 1.098756817695986987e+00 1.595068386956278284e+00 1.680461303150730945e+00 2.015833816067296311e+02 2.540360537222988739e+02
7.631578947368421462e-01 4.414693774971737983e-01 7.048147715399690760e-01 1.104975271113543656e+00 1.597042393142750427e+00 1.679468928984315657e+00 2.135626470474101666e+02 2.707716632009434079e+02
8.105263157894736503e-01 4.629339138796689790e-01 7.471162156944077815e-01 1.111512684178316723e+00 1.599041045563790675e+00 1.678446870496874244e+00 2.269893725904888697e+02 2.895235039085264361e+02
8.578947368421052655e-01 4.836840604560152523e-01 7.893301058130259840e-01 1.118303048643140674e+00 1.601036326390551601e+00 1.677406362703980358e+00 2.419127113478122340e+02 3.103536756110804617e+02
9.052631578947368807e-01 5.037864847865760609e-01 8.314936654526782212e-01 1.125287445541516052e+00 1.603004261065443359e+00 1.676357185355060286e+00 2.583887174631643120e+02 3.333304725705065721e+02
9.526315789473683848e-01 5.233132812649009535e-01 8.736429596510478790e-01 1.132424746406121452e+00 1.604927997407042950e+00 1.675306894589206008e+00 2.764816058820532021e+02 3.585295752872151525e+02
1.000000000000000000e+00 5.423284555331264745e-01 9.158119803933321146e-01 1.139669201866394532e+00 1.606793906759792279e+00 1.674261631510992165e+00 2.962633770777428595e+02 3.860333121861158361e+02
