1.000000000000000056e-01 6.297342145323406304e-02 9.384273388516467529e-02 1.064554663403077583e+00 1.583652976869097007e+00 1.687081526184967206e+00 1.476457508363542104e+02 1.786565939258614719e+02
1.473684210526315930e-01 9.277899702235690993e-02 1.382880734850926441e-01 1.064365088112368740e+00 1.583381889402353693e+00 1.686733738873011923e+00 1.477850137412897027e+02 1.788503185701214591e+02
1.947368421052631526e-01 1.225414346659403214e-01 1.827219542970455191e-01 1.064483896969024457e+00 1.583322774827213175e+00 1.686524630111940315e+00 1.481177181404015926e+02 1.792997871089185651e+02
2.421052631578947401e-01 1.522320086907200387e-01 2.271364230657861583e-01 1.064857714107335651e+00 1.583391221354472744e+00 1.686350649632073484e+00 1.486793899357050748e+02 1.800546888117182789e+02
2.894736842105263275e-01 1.818133602817080530e-01 2.715218436655106315e-01 1.065481175983508555e+00 1.583567133951907957e+00 1.686173073697150526e+00 1.495138341380042846e+02 1.811744283000267046e+02
3.368421052631579427e-01 2.112446797556837008e-01 3.158672750139857599e-01 1.066379106107727237e+00 1.583847120496062244e+00 1.685972679612536274e+00 1.506652611080299664e+02 1.827186592061289048e+02
3.842105263157894468e-01 2.404788696691335659e-01 3.601609313487482700e-01 1.067565618286684392e+00 1.584232147746729380e+00 1.685737663177881984e+00 1.521761663577579213e+02 1.847447391449399561e+02
4.315789473684210620e-01 2.694686974556733117e-01 4.043907198183203100e-01 1.069062419981114731e+00 1.584724723637784383e+00 1.685461166446067693e+00 1.540863029264881732e+02 1.873064771464096054e+02
4.789473684210526772e-01 2.981650679251457992e-01 4.485448068404344069e-01 1.070879106300293593e+00 1.585325108466042465e+00 1.685138288572067156e+00 1.564322353119607101e+02 1.904535945195545139e+02
5.263157894736841813e-01 3.265230391162217138e-01 4.926121611611802842e-01 1.073029032424747342e+00 1.586032127772437850e+00 1.684766745873153893e+00 1.592469638094796096e+02 1.942312853521191300e+02
5.736842105263157965e-01 3.544982249598724877e-01 5.365830682897789750e-01 1.075508769507073303e+00 1.586842075159810239e+00 1.684345916988812863e+00 1.625600192838637668e+02 1.986803134301784155e+02
6.210526315789474117e-01 3.820523317534641472e-01 5.804494895692295930e-01 1.078313085280139028e+00 1.587748513187945631e+00 1.683876319952213985e+00 1.663973731493171329e+02 2.038369547482251676e+02
6.684210526315789158e-01 4.091518053374998964e-01 6.242053556280685589e-01 1.081428039171557831e+00 1.588743464788213711e+00 1.683360013364070262e+00 1.707818329148198018e+02 2.097334601291682077e+02
7.157894736842105310e-01 4.357718463143607224e-01 6.678466965788254495e-01 1.084840668007118536e+00 1.589817101312016590e+00 1.682799920940683869e+00 1.757333846496351839e+02 2.163984893644235115e+02
7.631578947368421462e-01 4.618921852829526165e-01 7.113716476884749396e-01 1.088528288329062788e+00 1.590958302832306215e+00 1.682199609951504637e+00 1.812696666531217033e+02 2.238576989903411629e+02
8.105263157894736503e-01 4.874987790089042039e-01 7.547803101559720229e-01 1.092465123700479435e+00 1.592155636633297400e+00 1.681563383500344511e+00 1.874063278682767191e+02 2.321342176988856920e+02
8.578947368421052655e-01 5.125855166986126310e-01 7.980746140741722394e-01 1.096627383008656809e+00 1.593397138564038418e+00 1.680895689921282798e+00 1.941576898615722655e+02 2.412494129761316515e+02
9.052631578947368807e-01 5.371513979709316988e-01 8.412580265455319450e-01 1.100989348422393821e+00 1.594671295423048640e+00 1.680201106643305797e+00 2.015370622797758244e+02 2.512233246211392270e+02
9.526315789473683848e-01 5.611998223832500576e-01 8.843352861945896759e-01 1.105524477389817628e+00 1.595967108124866085e+00 1.679484155839159332e+00 2.095571632206297750e+02 2.620751747757610701e+02
1.000000000000000000e+00 5.847380838263839253e-01 9.273121254459422147e-01 1.110206663105979263e+00 1.597274395881075559e+00 1.678749169495415305e+00 2.182304650876756114e+02 2.738237940802769685e+02
