1.000000000000000056e-01 6.295930592963545902e-02 9.383973816799756618e-02 1.065949682774387064e+00 1.584098617802353060e+00 1.687288891615090769e+00 1.482110278592917894e+02 1.793579314266709730e+02
1.473684210526315930e-01 9.275775826530489876e-02 1.382837440734478729e-01 1.065596002441240975e+00 1.583651886049252555e+00 1.686760980692108447e+00 1.483382970901067210e+02 1.795371036627340686e+02
1.947368421052631526e-01 1.225144325885517277e-01 1.827165569461081940e-01 1.065640035575630806e+00 1.583504308890020251e+00 1.686461330020434524e+00 1.486662516909491387e+02 1.799801952412416313e+02
2.421052631578947401e-01 1.521987552009327060e-01 2.271299826288811774e-01 1.065957737281940654e+00 1.583518346496806117e+00 1.686233375709674798e+00 1.492228941416299790e+02 1.807285284428210446e+02
2.894736842105263275e-01 1.817736876178215888e-01 2.715134079961865621e-01 1.066542214084243323e+00 1.583656659411772250e+00 1.686020528556784637e+00 1.500516591418226824e+02 1.818425645398568520e+02
3.368421052631579427e-01 2.111935031737122714e-01 3.158537752439781743e-01 1.067406575755164955e+00 1.583909608669161972e+00 1.685795003997339503e+00 1.512009071601187031e+02 1.833894010555552256e+02
3.842105263157894468e-01 2.404044939080660914e-01 3.601357369438132339e-01 1.068569741787360305e+00 1.584277178137652120e+00 1.685540441975646786e+00 1.527211803622693367e+02 1.854394582829372382e+02
4.315789473684210620e-01 2.693464430882192562e-01 4.043419299545378265e-01 1.070051190024850829e+00 1.584762317574217150e+00 1.685246107469882793e+00 1.546635297498955310e+02 1.880645175609529645e+02
4.789473684210526772e-01 2.979557659670749592e-01 4.484534480503324927e-01 1.071872420106557700e+00 1.585368094292652907e+00 1.684904857702538283e+00 1.570785050039617943e+02 1.913364774341141583e+02
5.263157894736841813e-01 3.261635636081610667e-01 4.924504253243658369e-01 1.074039737182936438e+00 1.586095431089981078e+00 1.684511750963376686e+00 1.600150689238472239e+02 1.953260539858647746e+02
5.736842105263157965e-01 3.539062924561450774e-01 5.363127569942545136e-01 1.076570346710130632e+00 1.586943338809879922e+00 1.684064653464425465e+00 1.635197789019226491e+02 2.001017376684291662e+02
6.210526315789474117e-01 3.811172343859520750e-01 5.800208056641362742e-01 1.079454724973786695e+00 1.587907105437920574e+00 1.683562757990326508e+00 1.676359377742433594e+02 2.057287594664358039e+02
6.684210526315789158e-01 4.077365429265881192e-01 6.235561070563138131e-01 1.082682513516362466e+00 1.588979112110444847e+00 1.683007216359200031e+00 1.724030422852983691e+02 2.122683556260767261e+02
7.157894736842105310e-01 4.337124348181882749e-01 6.669019362184339661e-01 1.086238820646325598e+00 1.590149176185506663e+00 1.682400890114964742e+00 1.778563769737363032e+02 2.197772305806784345e+02
7.631578947368421462e-01 4.589999371740267065e-01 7.100437144687972157e-01 1.090097938036603376e+00 1.591404686818798764e+00 1.681747810050826075e+00 1.840268778460237229e+02 2.283073317640684650e+02
8.105263157894736503e-01 4.835624944640301570e-01 7.529692171730881789e-01 1.094227457943608872e+00 1.592731449130057708e+00 1.681053130866684509e+00 1.909411004907688607e+02 2.379057489842421660e+02
8.578947368421052655e-01 5.073744186780845267e-01 7.956685856197750484e-01 1.098594406732379403e+00 1.594114393959153775e+00 1.680322532692825055e+00 1.986214110640555646e+02 2.486148833595212864e+02
9.052631578947368807e-01 5.304195263055802023e-01 8.381341900272920586e-01 1.103164109454344510e+00 1.595538038304384010e+00 1.679562195373765610e+00 2.070862695402730083e+02 2.604727062063892618e+02
9.526315789473683848e-01 5.526892661609285051e-01 8.803603669438275769e-01 1.107899345514766098e+00 1.596987420916589073e+00 1.678778416529837392e+00 2.163505292663622868e+02 2.735130296894663502e+02
1.000000000000000000e+00 5.741827697886739967e-01 9.223430776437743228e-01 1.112763718456844630e+00 1.598448603287599301e+00 1.677977339233974963e+00 2.264257367135800791e+02 2.877657661802267626e+02
