1.000000000000000056e-01 6.299398088628643810e-02 9.384726644086568981e-02 1.064940029711219482e+00 1.584709722187745751e+00 1.688339962985388354e+00 1.473463079394570627e+02 1.782680968749243959e+02
1.473684210526315930e-01 9.281721222569243313e-02 1.382961975703847490e-01 1.064176774366242695e+00 1.584047715059518691e+00 1.687664469987468108e+00 1.472964200967736588e+02 1.782262903785276364e+02
1.947368421052631526e-01 1.226040728430548565e-01 1.827336772184916525e-01 1.063935049485107420e+00 1.583778773605019285e+00 1.687311641509440907e+00 1.474522836161951034e+02 1.784563575579110193e+02
2.421052631578947401e-01 1.523184370071757054e-01 2.271481883541908164e-01 1.064022728758227121e+00 1.583710207675432802e+00 1.687065916000633603e+00 1.478426745027682045e+02 1.790058753451690734e+02
2.894736842105263275e-01 1.819072276860002890e-01 2.715233969177169859e-01 1.064409733142875236e+00 1.583794347434595018e+00 1.686849035163500821e+00 1.485336432742050761e+02 1.799690542840231728e+02
3.368421052631579427e-01 2.113020050518149562e-01 3.158382438686185845e-01 1.065119945454883865e+00 1.584023651150014977e+00 1.686621250514887649e+00 1.496057174916253700e+02 1.814588658569044526e+02
3.842105263157894468e-01 2.404233710954150893e-01 3.600675780352849409e-01 1.066207693604134032e+00 1.584405563633371372e+00 1.686358692150349503e+00 1.511455345650747688e+02 1.835966046721730720e+02
4.315789473684210620e-01 2.691771254715165651e-01 4.041833179795732978e-01 1.067705376136570239e+00 1.584949368333518960e+00 1.686044242850753161e+00 1.532406076077324144e+02 1.865052997749589849e+02
4.789473684210526772e-01 2.974675693973722890e-01 4.481561685841579101e-01 1.069657473946503012e+00 1.585663397756593707e+00 1.685666820396066967e+00 1.559754478193158036e+02 1.903046850117211193e+02
5.263157894736841813e-01 3.251966357999859780e-01 4.919575833020545796e-01 1.072082595145365636e+00 1.586549962642002765e+00 1.685219049962324300e+00 1.594282722198883278e+02 1.951070039485055077e+02
5.736842105263157965e-01 3.522749954427978336e-01 5.355617644023052959e-01 1.074991801118143409e+00 1.587605351252240116e+00 1.684698391856917388e+00 1.636685976838580530e+02 2.010138960795919161e+02
6.210526315789474117e-01 3.786250680202740693e-01 5.789473647346776719e-01 1.078377097511190152e+00 1.588818823881152031e+00 1.684105723914798070e+00 1.687560998061507291e+02 2.081148831267170181e+02
6.684210526315789158e-01 4.041862280626650206e-01 6.220986542450029910e-01 1.082216538708423936e+00 1.590173886853416318e+00 1.683444525013689130e+00 1.747404640500476773e+02 2.164871136713543933e+02
7.157894736842105310e-01 4.289139146365979482e-01 6.650060059558091652e-01 1.086470107766127846e+00 1.591648983479709845e+00 1.682721519613903149e+00 1.816620974558142905e+02 2.261962273253490423e+02
7.631578947368421462e-01 4.527839378633848333e-01 7.076657785002598011e-01 1.091094111684499213e+00 1.593220645092931598e+00 1.681945128688375757e+00 1.895535724851668817e+02 2.372981198129863003e+02
8.105263157894736503e-01 4.757884358178934847e-01 7.500797242702700318e-01 1.096037422436441977e+00 1.594863882039009972e+00 1.681124337447131412e+00 1.984415335661330460e+02 2.498412872534173914e+02
8.578947368421052655e-01 4.979340752816731053e-01 7.922540389557504170e-01 1.101246983074221975e+00 1.596554482772283512e+00 1.680268680540433879e+00 2.083483047695645780e+02 2.638688646441411834e+02
9.052631578947368807e-01 5.192386271434187295e-01 8.341983363428732146e-01 1.106669367563839490e+00 1.598269469531604869e+00 1.679386850202400527e+00 2.192935803201692408e+02 2.794207304446616149e+02
9.526315789473683848e-01 5.397279238341593510e-01 8.759246420652706533e-01 1.112253632127294667e+00 1.599989217920614326e+00 1.678487899410000095e+00 2.312957423895264810e+02 2.965351574580594161e+02
1.000000000000000000e+00 5.594359284245986608e-01 9.174465055444568362e-01 1.117956735312887639e+00 1.601697081982598858e+00 1.677579370552470195e+00 2.443729909763335684e+02 3.152502341074460901e+02
