1.000000000000000056e-01 6.295342364174293104e-02 9.383832180670299838e-02 1.066396193701914186e+00 1.584095513859252291e+00 1.687179601066047807e+00 1.484356707473172321e+02 1.796375275316820534e+02
1.473684210526315930e-01 9.274807030033956068e-02 1.382807336543813992e-01 1.066017031943180537e+00 1.583632048245160906e+00 1.686639173979109563e+00 1.485505235263120483e+02 1.798045168386615842e+02
1.947368421052631526e-01 1.224927821254657573e-01 1.827086455956999922e-01 1.066055755304567088e+00 1.583483094869751806e+00 1.686331169388689100e+00 1.488936808994279204e+02 1.802762926458145785e+02
2.421052631578947401e-01 1.521450318026057180e-01 2.271099405437775054e-01 1.066407200326120464e+00 1.583515423892993601e+00 1.686091475578893162e+00 1.495212055629338295e+02 1.811328319573548526e+02
2.894736842105263275e-01 1.816512342762498233e-01 2.714686275099439383e-01 1.067088344986129034e+00 1.583698355578268435e+00 1.685858414706646879e+00 1.505067505541001651e+02 1.824761532842687473e+02
3.368421052631579427e-01 2.109439970392349706e-01 3.157651541736623546e-01 1.068129475104334647e+00 1.584028487846698585e+00 1.685599830840523117e+00 1.519293837112868175e+02 1.844155941633373175e+02
3.842105263157894468e-01 2.399464236245726079e-01 3.599771224027903949e-01 1.069569777829475932e+00 1.584511472930885345e+00 1.685296285753445034e+00 1.538691242070030967e+02 1.870622779170696219e+02
4.315789473684210620e-01 2.685735729777312675e-01 4.040803317505015646e-01 1.071438773355581464e+00 1.585153513556946336e+00 1.684935260579536687e+00 1.564038219011244450e+02 1.905252567854154222e+02
4.789473684210526772e-01 2.967402726824556747e-01 4.480501412355140656e-01 1.073764908766986714e+00 1.585957089160632272e+00 1.684508646055960401e+00 1.596070413801213022e+02 1.949087998442306002e+02
5.263157894736841813e-01 3.243614742754112878e-01 4.918628955916262147e-01 1.076554679170334428e+00 1.586920127860732332e+00 1.684012497918724760e+00 1.635460790732437317e+02 2.003099346175942514e+02
5.736842105263157965e-01 3.513623171644738030e-01 5.354973251117136623e-01 1.079811305756641415e+00 1.588034904877904552e+00 1.683446068384233163e+00 1.682809128011523683e+02 2.068170622039386046e+02
6.210526315789474117e-01 3.776762860203367600e-01 5.789356732678664352e-01 1.083516087808597872e+00 1.589288344994323809e+00 1.682812058360137808e+00 1.738637757379064794e+02 2.145093701311662926e+02
6.684210526315789158e-01 4.032504824266310850e-01 6.221643816868266397e-01 1.087638681589309764e+00 1.590662975405201296e+00 1.682115294710031961e+00 1.803391095906524413e+02 2.234567710112084171e+02
7.157894736842105310e-01 4.280478646327187664e-01 6.651744033061190997e-01 1.092142048429803891e+00 1.592138110258079386e+00 1.681362501462966064e+00 1.877444561168417181e+02 2.337209190798948271e+02
7.631578947368421462e-01 4.520426643198268701e-01 7.079610415791106615e-01 1.096974732105543193e+00 1.593691608694842277e+00 1.680561788373161169e+00 1.961113620063137830e+02 2.453563222403738280e+02
8.105263157894736503e-01 4.752272972448374766e-01 7.505235153464229203e-01 1.102092607558925685e+00 1.595301079993681537e+00 1.679721814697990645e+00 2.054666767988363176e+02 2.584118988361422566e+02
8.578947368421052655e-01 4.976007079585931803e-01 7.928642555506518752e-01 1.107439309679812078e+00 1.596945219014021644e+00 1.678851545010253687e+00 2.158334951405025777e+02 2.729321674128342465e+02
9.052631578947368807e-01 5.191757975567564687e-01 8.349882466977062156e-01 1.112968761372196580e+00 1.598604074078252779e+00 1.677959203631069096e+00 2.272325583816961796e+02 2.889588902100906012e+02
9.526315789473683848e-01 5.399712245695167390e-01 8.769022433438349307e-01 1.118634348275971080e+00 1.600259973649552858e+00 1.677052686335880338e+00 2.396828381728116995e+02 3.065318343567246302e+02
1.000000000000000000e+00 5.600108621346115978e-01 9.186141517120354205e-01 1.124393098268935187e+00 1.601898121690598087e+00 1.676139077759872142e+00 2.532023002709825619e+02 3.256896685108665679e+02
