1.000000000000000056e-01 6.298293038949903666e-02 9.384437381045540594e-02 1.067334633934306831e+00 1.586392625403078016e+00 1.689842992111972197e+00 1.479452562532026150e+02 1.790088239320533319e+02
1.473684210526315930e-01 9.278536743072927917e-02 1.382866910246280945e-01 1.066038011388809714e+00 1.585161392678492209e+00 1.688562074456085638e+00 1.479022291594720855e+02 1.789940491631060127e+02
1.947368421052631526e-01 1.225118559268629365e-01 1.827037987755157078e-01 1.065658859577336415e+00 1.584661016533838396e+00 1.687885003646607984e+00 1.482364404219586334e+02 1.794872074512128393e+02
2.421052631578947401e-01 1.520789967812699317e-01 2.270683623867523204e-01 1.065895173173325494e+00 1.584549843022810878e+00 1.687406255214650930e+00 1.490531893563158121e+02 1.806483228915852806e+02
2.894736842105263275e-01 1.813668468997573502e-01 2.713426413762835554e-01 1.066735814880050537e+00 1.584749376598892923e+00 1.686974514945202452e+00 1.505248642593520856e+02 1.827212714195810008e+02
3.368421052631579427e-01 2.102284135300923340e-01 3.154816071169247449e-01 1.068252382532512090e+00 1.585251426084301363e+00 1.686513632447265820e+00 1.528429266717996882e+02 1.859736392150854840e+02
3.842105263157894468e-01 2.385042094639309995e-01 3.594383229352656195e-01 1.070525572683688420e+00 1.586061278084012427e+00 1.685979149713013436e+00 1.561942568211973708e+02 1.906662511793759052e+02
4.315789473684210620e-01 2.660385202183238040e-01 4.031704616323782964e-01 1.073602601351410835e+00 1.587178499993920688e+00 1.685347289381840641e+00 1.607455422826507174e+02 1.970329956863219252e+02
4.789473684210526772e-01 2.927016891425822664e-01 4.466463743626837846e-01 1.077497656985840546e+00 1.588585539900376986e+00 1.684607940570086893e+00 1.666350931596811904e+02 2.052701819188835373e+02
5.263157894736841813e-01 3.183999142395592674e-01 4.898490418036280380e-01 1.082176734277727981e+00 1.590247563283203158e+00 1.683764058174232137e+00 1.739711828170121350e+02 2.155344655307371795e+02
5.736842105263157965e-01 3.430817588305078991e-01 5.327772462546447318e-01 1.087569805708941129e+00 1.592118082728481543e+00 1.682825584644051853e+00 1.828363427991448305e+02 2.279483385701950908e+02
6.210526315789474117e-01 3.667391814943858352e-01 5.754442385673297355e-01 1.093591521285175450e+00 1.594144330984819335e+00 1.681808604595532053e+00 1.932951471020860197e+02 2.426099993494623277e+02
6.684210526315789158e-01 3.893927876893721329e-01 6.178747158654129823e-01 1.100131347955511929e+00 1.596273589434531681e+00 1.680730890223707918e+00 2.054021859194746469e+02 2.596035323992644521e+02
7.157894736842105310e-01 4.110904933105667403e-01 6.601013405562329295e-01 1.107087354018673420e+00 1.598457187905273580e+00 1.679609913659784626e+00 2.192097670600647632e+02 2.790085275639924589e+02
7.631578947368421462e-01 4.318967679493148082e-01 7.021614177153713277e-01 1.114365826820135297e+00 1.600652995181581550e+00 1.678461971310512224e+00 2.347735043328279971e+02 3.009070267483502334e+02
8.105263157894736503e-01 4.518837281827172148e-01 7.440942046699041690e-01 1.121882016227821355e+00 1.602827141225841245e+00 1.677300922579455289e+00 2.521562048552182773e+02 3.253882126868045361e+02
8.578947368421052655e-01 4.711248534676524269e-01 7.859389033321496632e-01 1.129560235071009222e+00 1.604954427613477730e+00 1.676138384918181679e+00 2.714300043819057464e+02 3.525508376531795989e+02
9.052631578947368807e-01 4.896973134131171190e-01 8.277333801189428186e-01 1.137345990840501475e+00 1.607015649321377859e+00 1.674983645416261435e+00 2.926780645783583168e+02 3.825049365293600090e+02
9.526315789473683848e-01 5.076726582381805297e-01 8.695132719504762298e-01 1.145190406532233807e+00 1.608996525745820083e+00 1.673842996885609891e+00 3.159946931791426437e+02 4.153716221212971504e+02
1.000000000000000000e+00 5.251195180244959682e-01 9.113115254486617856e-01 1.153056532814782820e+00 1.610888328378915046e+00 1.672722194407097573e+00 3.414856140975766721e+02 4.512829606970989857e+02
