1.000000000000000056e-01 6.292365823367607192e-02 9.383437038976158440e-02 1.066003649813657583e+00 1.584432925778671120e+00 1.687472743580057610e+00 1.486342392009591435e+02 1.799094412228788826e+02
1.473684210526315930e-01 9.262818504286525478e-02 1.382629850370991620e-01 1.066488405432390429e+00 1.584217870433078490e+00 1.686789682378370347e+00 1.496906465650433802e+02 1.812732114253654458e+02
1.947368421052631526e-01 1.222109834644630050e-01 1.826673874639286321e-01 1.067659714665734727e+00 1.584381327305854015e+00 1.686293972496919036e+00 1.512592672831331697e+02 1.832973869319947084e+02
2.421052631578947401e-01 1.516240433620291150e-01 2.270371080039608747e-01 1.069353021818686633e+00 1.584770603374916487e+00 1.685830550998631772e+00 1.533506403173380477e+02 1.860014018534041327e+02
2.894736842105263275e-01 1.808178185181521791e-01 2.713605133655251356e-01 1.071526990480218933e+00 1.585334610934384880e+00 1.685347177800850416e+00 1.559941595205020519e+02 1.894281259722770869e+02
3.368421052631579427e-01 2.097388989973575091e-01 3.156250744317403711e-01 1.074154272796135956e+00 1.586049591654001834e+00 1.684821861131322152e+00 1.592253794771658306e+02 1.936286191474382861e+02
3.842105263157894468e-01 2.383344007877224724e-01 3.598177067593631429e-01 1.077222049606376908e+00 1.586900514012042462e+00 1.684244901368618264e+00 1.630822519985367478e+02 1.986576153220736671e+02
4.315789473684210620e-01 2.665500735157762535e-01 4.039251452417302324e-01 1.080707293088992937e+00 1.587874813132240437e+00 1.683612823560901361e+00 1.676035417224089770e+02 2.045716381022326118e+02
4.789473684210526772e-01 2.943351891746641136e-01 4.479343125523785885e-01 1.084590123503458958e+00 1.588959625248503649e+00 1.682925466996838537e+00 1.728278560804192523e+02 2.114278645267747834e+02
5.263157894736841813e-01 3.216416988459633863e-01 4.918326953436581994e-01 1.088843049123306095e+00 1.590141420134741246e+00 1.682185128060429191e+00 1.787932406873100319e+02 2.192836131046612422e+02
5.736842105263157965e-01 3.484254439684925653e-01 5.356085890836562724e-01 1.093432773494757759e+00 1.591405973457158840e+00 1.681396059729407977e+00 1.855365488041860544e+02 2.281956522291244767e+02
6.210526315789474117e-01 3.746482809853543539e-01 5.792513672417074488e-01 1.098324397426859278e+00 1.592738076241568601e+00 1.680563219901114236e+00 1.930934873440786816e+02 2.382201821415620486e+02
6.684210526315789158e-01 4.002780511438083777e-01 6.227515427515963875e-01 1.103480590506643377e+00 1.594122435994214326e+00 1.679692558883017162e+00 2.014981915185286141e+02 2.494123907923463150e+02
7.157894736842105310e-01 4.252878182019410591e-01 6.661008157294838750e-01 1.108860253418445518e+00 1.595543943257949238e+00 1.678790429214524371e+00 2.107832392110449291e+02 2.618264380026029698e+02
7.631578947368421462e-01 4.496575492061101187e-01 7.092920078772557702e-01 1.114424098682060826e+00 1.596988097397258333e+00 1.677863332815329844e+00 2.209794961177688037e+02 2.755152682150886108e+02
8.105263157894736503e-01 4.733747474300441516e-01 7.523189423598927172e-01 1.120136939026061151e+00 1.598441445232617442e+00 1.676917781996684509e+00 2.321161034426107790e+02 2.905305797766213800e+02
8.578947368421052655e-01 4.964287370060992410e-01 7.951763164605442080e-01 1.125957393001844054e+00 1.599891647033864439e+00 1.675959804412785470e+00 2.442205210123356949e+02 3.069228134585649741e+02
9.052631578947368807e-01 5.188146532202404515e-01 8.378594830349640477e-01 1.131848969036376218e+00 1.601328697398804568e+00 1.674996045769756581e+00 2.573183300218280465e+02 3.247409068922900133e+02
9.526315789473683848e-01 5.405322924113252769e-01 8.803642700707091651e-01 1.137778912446210766e+00 1.602742402076964279e+00 1.674030842832600063e+00 2.714331198118525776e+02 3.440320829567853593e+02
1.000000000000000000e+00 5.615851855643039237e-01 9.226867979561883537e-01 1.143717738552793906e+00 1.604125210361792675e+00 1.673069263521717254e+00 2.865863442771236578e+02 3.648415895088832599e+02
