1.000000000000000056e-01 6.287689636291299289e-02 9.382194698739992900e-02 1.074593655709290996e+00 1.586689423044779446e+00 1.688404146042148835e+00 1.517525784539766107e+02 1.837477402468807952e+02
1.473684210526315930e-01 9.264979925285839191e-02 1.382601512771645946e-01 1.073119893052597806e+00 1.585144491135202394e+00 1.686827360386591756e+00 1.516175021621452572e+02 1.835976237302156733e+02
1.947368421052631526e-01 1.223920694466174297e-01 1.826864033212049487e-01 1.072459494179618389e+00 1.584400975303915216e+00 1.686017028776404025e+00 1.516708717659871013e+02 1.837012566091849521e+02
2.421052631578947401e-01 1.520536336141684874e-01 2.270821208936881774e-01 1.072229974834020716e+00 1.584030366942331236e+00 1.685498956525764758e+00 1.519614755783649400e+02 1.841435313077961382e+02
2.894736842105263275e-01 1.815483222261818630e-01 2.714158102824368868e-01 1.072371116796168256e+00 1.583916998490603412e+00 1.685099111218082646e+00 1.526124293338327220e+02 1.851075634683511453e+02
3.368421052631579427e-01 2.107495608670398313e-01 3.156419161779063787e-01 1.072931397656400776e+00 1.584040503958325852e+00 1.684729479670110441e+00 1.537901954275026810e+02 1.868357190600271167e+02
3.842105263157894468e-01 2.394932867894613571e-01 3.597026872500749262e-01 1.074000329815170796e+00 1.584415768281421943e+00 1.684334436734058027e+00 1.556864214113746243e+02 1.896051788480081939e+02
4.315789473684210620e-01 2.675906421172236649e-01 4.035334377678245765e-01 1.075672987740093234e+00 1.585065690479374290e+00 1.683875977378148203e+00 1.584987420316370788e+02 1.937019697887708389e+02
4.789473684210526772e-01 2.948488788522036774e-01 4.470706493743325516e-01 1.078023949999241449e+00 1.586005229032682262e+00 1.683329497750280179e+00 1.624119980455629388e+02 1.993955645431768176e+02
5.263157894736841813e-01 3.210949385971716974e-01 4.902608854183886922e-01 1.081087011588163671e+00 1.587232341833437532e+00 1.682682217608739039e+00 1.675829580985821110e+02 2.069184470684336361e+02
5.736842105263157965e-01 3.461987736110921920e-01 5.330680095367801297e-01 1.084857693403250334e+00 1.588724588290670203e+00 1.681933158136021067e+00 1.741325485710819123e+02 2.164557483652722567e+02
6.210526315789474117e-01 3.700853929848262336e-01 5.754768496524328425e-01 1.089296278160999165e+00 1.590443939872181245e+00 1.681089714609546482e+00 1.821466153640239156e+02 2.281461800467004366e+02
6.684210526315789158e-01 3.927279337592062269e-01 6.174928540375345110e-01 1.094317901880302868e+00 1.592341350654370880e+00 1.680166454037781198e+00 1.916826835632569725e+02 2.420910180704847221e+02
7.157894736842105310e-01 4.141493272467861031e-01 6.591389277708004091e-01 1.099833466504332558e+00 1.594365178316493381e+00 1.679180659926259311e+00 2.027804370042972835e+02 2.583678416165114982e+02
7.631578947368421462e-01 4.344040331320297432e-01 7.004508844566808001e-01 1.105744054905618334e+00 1.596465848344601701e+00 1.678150048916406067e+00 2.154718306637921330e+02 2.770438835831338338e+02
8.105263157894736503e-01 4.535685531049639674e-01 7.414729331319431793e-01 1.111957249781945878e+00 1.598599374100867276e+00 1.677091376046604632e+00 2.297897211070411743e+02 2.981873550856023485e+02
8.578947368421052655e-01 4.717308994847567716e-01 7.822538971168957467e-01 1.118390699493411633e+00 1.600731198309438108e+00 1.676019113212803280e+00 2.457741397936146655e+02 3.218756380444975207e+02
9.052631578947368807e-01 4.889828954220053481e-01 8.228444172072434393e-01 1.124974910123978100e+00 1.602833756825456257e+00 1.674945230117747430e+00 2.634764956557103801e+02 3.482006442639314514e+02
9.526315789473683848e-01 5.054151381180982394e-01 8.632950585829169965e-01 1.131653446818261299e+00 1.604887068561514640e+00 1.673879106857064425e+00 2.829622298425786084e+02 3.772719837844116455e+02
1.000000000000000000e+00 5.211140063380470533e-01 9.036551074982110965e-01 1.138382035168929329e+00 1.606876665739850996e+00 1.672827758440099899e+00 3.043124338908533559e+02 4.092185952708620107e+02
