1.000000000000000056e-01 6.297185766773917559e-02 9.384247514791006772e-02 1.065386496925711857e+00 1.584361502133494026e+00 1.687756129928626780e+00 1.478102392480988669e+02 1.788574049771505372e+02
1.473684210526315930e-01 9.277465662051276318e-02 1.382876113934226880e-01 1.064957527793682690e+00 1.583852458789473783e+00 1.687162942756377459e+00 1.479370200015637806e+02 1.790368337218533554e+02
1.947368421052631526e-01 1.225359682028576008e-01 1.827220082566969883e-01 1.064980097589164343e+00 1.583677932414600198e+00 1.686830321305140545e+00 1.482747048689624592e+02 1.794911012631528706e+02
2.421052631578947401e-01 1.522281145051957441e-01 2.271385567707991937e-01 1.065295879171595628e+00 1.583676884069056268e+00 1.686582657863579859e+00 1.488384141146014485e+02 1.802444377330733403e+02
2.894736842105263275e-01 1.818174837794448162e-01 2.715284969856620600e-01 1.065872241587325853e+00 1.583801935016635021e+00 1.686357713248491486e+00 1.496605084931993304e+02 1.813418878647889585e+02
3.368421052631579427e-01 2.112670628506948256e-01 3.158815493229847893e-01 1.066720605167603031e+00 1.584037532700513173e+00 1.686126316625090160e+00 1.507776277369666218e+02 1.828338252702142768e+02
3.842105263157894468e-01 2.405330809580386586e-01 3.601861122903630141e-01 1.067847765878397581e+00 1.584379092539837330e+00 1.685872200594708215e+00 1.522273344953746630e+02 1.847719744821808945e+02
4.315789473684210620e-01 2.695683318351603242e-01 4.044295797613151056e-01 1.069265512319798939e+00 1.584825953918325148e+00 1.685585340844894198e+00 1.540469303803678827e+02 1.872079610003372920e+02
4.789473684210526772e-01 2.983238208955323878e-01 4.485986836545496903e-01 1.070986068625157550e+00 1.585378049511052989e+00 1.685259406530878135e+00 1.562725643699587579e+02 1.901922837899617775e+02
5.263157894736841813e-01 3.267500395321974449e-01 4.926799346961873161e-01 1.073018240812303903e+00 1.586034428881502478e+00 1.684890329969767508e+00 1.589388043539327384e+02 1.937737682790089480e+02
5.736842105263157965e-01 3.547973567698055053e-01 5.366600621175986463e-01 1.075362987633802447e+00 1.586792485688312215e+00 1.684475815623584616e+00 1.620782894105608705e+02 1.979991530359912701e+02
6.210526315789474117e-01 3.824179062475414059e-01 5.805264390293415344e-01 1.078015573872234789e+00 1.587648044668958036e+00 1.684015498159157076e+00 1.657213354833374979e+02 2.029126145967083517e+02
6.684210526315789158e-01 4.095690360062858582e-01 6.242674921031718949e-01 1.080970330911834587e+00 1.588594885724218919e+00 1.683510111341366411e+00 1.698959320675913602e+02 2.085557331862997898e+02
7.157894736842105310e-01 4.362113612329540091e-01 6.678730088217662564e-01 1.084212286026532190e+00 1.589624901415511049e+00 1.682961367910848383e+00 1.746276468486931606e+02 2.149673763404022679e+02
7.631578947368421462e-01 4.623114941392888477e-01 7.113343411295715013e-01 1.087723662649418221e+00 1.590728768205764032e+00 1.682372145410733433e+00 1.799396262113736782e+02 2.221837019138736764e+02
8.105263157894736503e-01 4.878418644779119462e-01 7.546445226879825441e-01 1.091482566332196091e+00 1.591896074029268693e+00 1.681745989256503648e+00 1.858527620385470698e+02 2.302383451773247316e+02
8.578947368421052655e-01 5.127836810417143454e-01 7.977982787798408859e-01 1.095469442294100704e+00 1.593115747130912307e+00 1.681086936857794090e+00 1.923859165234799491e+02 2.391626843045997077e+02
9.052631578947368807e-01 5.371202025928770718e-01 8.407919616328839441e-01 1.099654512434445675e+00 1.594376569417846223e+00 1.680399391343236459e+00 1.995561958279939461e+02 2.489861550355712154e+02
9.526315789473683848e-01 5.608431991692260921e-01 8.836233703356274338e-01 1.104012746162485126e+00 1.595667400695177873e+00 1.679687815968269327e+00 2.073790635931508461e+02 2.597364076229901002e+02
1.000000000000000000e+00 5.839484515276013310e-01 9.262915918093802548e-01 1.108516729739609241e+00 1.596977651246061169e+00 1.678956744531071577e+00 2.158686903745540633e+02 2.714396962829134168e+02
