1.000000000000000056e-01 6.283445501309883885e-02 9.381403662576542901e-02 1.071424403310120121e+00 1.586654850031273600e+00 1.688720864341647365e+00 1.510822151084501570e+02 1.829948302482694658e+02
1.473684210526315930e-01 9.238069339164514671e-02 1.382070230933895305e-01 1.072133686385595697e+00 1.585981557917279572e+00 1.687116987737387719e+00 1.532114625192289168e+02 1.857723147646150892e+02
1.947368421052631526e-01 1.216504105770388061e-01 1.825419840548646033e-01 1.074421118333387826e+00 1.586224139101769515e+00 1.685999207563329660e+00 1.565848604475976913e+02 1.901631030061028298e+02
2.421052631578947401e-01 1.505398257570987886e-01 2.267970936013580519e-01 1.077911179280216292e+00 1.586993100834727555e+00 1.684985212987232917e+00 1.612565263325633396e+02 1.962484318691388410e+02
2.894736842105263275e-01 1.789510238856220903e-01 2.709526007179883789e-01 1.082433629435178624e+00 1.588136704937629595e+00 1.683952867660814645e+00 1.672981910783502997e+02 2.041305752786385312e+02
3.368421052631579427e-01 2.068002609962293903e-01 3.149923691665038050e-01 1.087866140649184743e+00 1.589564267594322677e+00 1.682859608466465096e+00 1.747791057917021078e+02 2.139089491715648705e+02
3.842105263157894468e-01 2.340197146815287677e-01 3.589047805711372274e-01 1.094082863978371956e+00 1.591205092117603082e+00 1.681694774673591963e+00 1.837630858719800528e+02 2.256766831239559679e+02
4.315789473684210620e-01 2.605620379797122799e-01 4.026829199433000772e-01 1.100964024547818942e+00 1.592997791747919223e+00 1.680462768589858769e+00 1.943089764070805643e+02 2.395213087649943873e+02
4.789473684210526772e-01 2.863959326637066094e-01 4.463242547096502588e-01 1.108380759871883114e+00 1.594887608685663150e+00 1.679174616299060396e+00 2.064727448406449355e+02 2.555272679399688229e+02
5.263157894736841813e-01 3.115070811270422291e-01 4.898298447874807615e-01 1.116213446583490532e+00 1.596826910279420808e+00 1.677844355062757753e+00 2.203088161705333334e+02 2.737776567329692625e+02
5.736842105263157965e-01 3.358964949527123989e-01 5.332034371664919892e-01 1.124357162359673756e+00 1.598775573821869855e+00 1.676486562634189159e+00 2.358715748734635156e+02 2.943560749015056217e+02
6.210526315789474117e-01 3.595729611238226986e-01 5.764505918093641990e-01 1.132710114902308218e+00 1.600700343241489465e+00 1.675115096516797353e+00 2.532165811607184480e+02 3.173480955728866206e+02
6.684210526315789158e-01 3.825531911156320741e-01 6.195778545240250290e-01 1.141185177604343126e+00 1.602577292327392877e+00 1.673741932736476645e+00 2.724009860311544458e+02 3.428418595603113772e+02
7.157894736842105310e-01 4.048599017188235782e-01 6.625921283831003317e-01 1.149710593632065292e+00 1.604387362965818964e+00 1.672377366215441308e+00 2.934838227821889518e+02 3.709284575588465032e+02
7.631578947368421462e-01 4.265180276510343593e-01 7.055002233326556071e-01 1.158224681123210864e+00 1.606117540778379649e+00 1.671029766014138218e+00 3.165261790760476401e+02 4.017021544640000457e+02
8.105263157894736503e-01 4.475533094137780221e-01 7.483085481246908310e-01 1.166675721904536722e+00 1.607759370050358072e+00 1.669706051303972094e+00 3.415910575271767016e+02 4.352602392797337529e+02
8.578947368421052655e-01 4.679937261115472702e-01 7.910228577958171581e-01 1.175024976630100859e+00 1.609308102681521246e+00 1.668411641268476409e+00 3.687427756557960379e+02 4.717024069240502513e+02
9.052631578947368807e-01 4.878655541983803468e-01 8.336482237329844169e-01 1.183240581134450409e+00 1.610761883336391920e+00 1.667150292641011333e+00 3.980471046608195138e+02 5.111308495520679571e+02
9.526315789473683848e-01 5.071943756908028345e-01 8.761889638035060823e-01 1.191297656995538468e+00 1.612121538685695077e+00 1.665924789862690325e+00 4.295707343843265562e+02 5.536496739707697543e+02
1.000000000000000000e+00 5.260051363671680580e-01 9.186486487914714560e-01 1.199178382648106833e+00 1.613389081047658768e+00 1.664737048896941740e+00 4.633808465748358572e+02 5.993643947235308360e+02
