1.000000000000000056e-01 6.282916112597011771e-02 9.381309006078497603e-02 1.072349876568676086e+00 1.586269671535445624e+00 1.688075499516378031e+00 1.515889109972534357e+02 1.836126733690568642e+02
1.473684210526315930e-01 9.241131733827420702e-02 1.382140448356210527e-01 1.072815202603928597e+00 1.585558776445838536e+00 1.686587394355628433e+00 1.533534078849913271e+02 1.859122363982999673e+02
1.947368421052631526e-01 1.217663875849289284e-01 1.825673204510313563e-01 1.074646560508419002e+00 1.585679069413839626e+00 1.685578659963593351e+00 1.561386589370827949e+02 1.895345794467957035e+02
2.421052631578947401e-01 1.508049533391553065e-01 2.268536625771549742e-01 1.077501229473388333e+00 1.586270335695456168e+00 1.684685895388734256e+00 1.599879168998156729e+02 1.945457822306118487e+02
2.894736842105263275e-01 1.794387701810181146e-01 2.710542436910873265e-01 1.081243425824004012e+00 1.587199490796829648e+00 1.683789685314380113e+00 1.649649762420309855e+02 2.010370482781529233e+02
3.368421052631579427e-01 2.075867743348000782e-01 3.151519470691695468e-01 1.085785585117980956e+00 1.588392916603484917e+00 1.682844363692265421e+00 1.711348669869094294e+02 2.091015877562996081e+02
3.842105263157894468e-01 2.351779587907062152e-01 3.591323352341290187e-01 1.091042468065650084e+00 1.589795977352395306e+00 1.681834465419681734e+00 1.785593607967105640e+02 2.188293328666983939e+02
4.315789473684210620e-01 2.621557506580800001e-01 4.029842646635667935e-01 1.096930331277612414e+00 1.591361118067644798e+00 1.680759022683780968e+00 1.872965274545302066e+02 2.303064121520512515e+02
4.789473684210526772e-01 2.884761561423077048e-01 4.467000495255893378e-01 1.103353715965606829e+00 1.593044421606610195e+00 1.679624335656178635e+00 1.974010389544233135e+02 2.436155738864090949e+02
5.263157894736841813e-01 3.141093419444458412e-01 4.902752837401940234e-01 1.110217641989643234e+00 1.594805730594474724e+00 1.678440595171808658e+00 2.089252075383753606e+02 2.588374518805011917e+02
5.736842105263157965e-01 3.390385769953323525e-01 5.337083838786654821e-01 1.117430693290871968e+00 1.596609113850829820e+00 1.677219585952565151e+00 2.219198005803512217e+02 2.760515918090508762e+02
6.210526315789474117e-01 3.632570751505681539e-01 5.770000065186029481e-01 1.124903962020244341e+00 1.598423481423759229e+00 1.675973333862034176e+00 2.364349331244060579e+02 2.953375528783839741e+02
6.684210526315789158e-01 3.867689646655703695e-01 6.201524136352228878e-01 1.132561374206657590e+00 1.600222756888080022e+00 1.674713122340146576e+00 2.525205611682151812e+02 3.167755487526852107e+02
7.157894736842105310e-01 4.095839835101078297e-01 6.631689116142728269e-01 1.140331811807308249e+00 1.601986088295710875e+00 1.673449546252838482e+00 2.702270296122112541e+02 3.404471122478014991e+02
7.631578947368421462e-01 4.317167293615902790e-01 7.060533501615565699e-01 1.148153014844977671e+00 1.603696773960672450e+00 1.672191257940293108e+00 2.896052255970785723e+02 3.664353122190955787e+02
8.105263157894736503e-01 4.531847540959232368e-01 7.488097295333244752e-01 1.155970895599900850e+00 1.605343763673236612e+00 1.670945759568562838e+00 3.107066124043857940e+02 3.948248115489863608e+02
8.578947368421052655e-01 4.740108016473912889e-01 7.914418743867105421e-01 1.163745793108962534e+00 1.606918463402386310e+00 1.669719330124027179e+00 3.335827923507603145e+02 4.257013819995144104e+02
9.052631578947368807e-01 4.942154514567883017e-01 8.339532977758872256e-01 1.171438828908118346e+00 1.608415760021495222e+00 1.668517071079751224e+00 3.582859363772834627e+02 4.591523541826347241e+02
9.526315789473683848e-01 5.138204099099870081e-01 8.763470366609599216e-01 1.179019899257866433e+00 1.609832357778032019e+00 1.667342698205421581e+00 3.848681318899597841e+02 4.952658524001437854e+02
1.000000000000000000e+00 5.328477278829416575e-01 9.186255609747728812e-01 1.186465652532335824e+00 1.611167702998399953e+00 1.666199227165425345e+00 4.133810505785948521e+02 5.341303991152085473e+02
