1.000000000000000056e-01 6.295776054302069935e-02 9.383961459245458714e-02 1.066300820109664205e+00 1.583935230205965494e+00 1.687023123616692155e+00 1.484027167554758364e+02 1.795902671761750753e+02
1.473684210526315930e-01 9.277402877731365238e-02 1.382878737569332439e-01 1.065842274491932251e+00 1.583471759760021635e+00 1.686548081435343738e+00 1.483683619988779583e+02 1.795561293099021896e+02
1.947368421052631526e-01 1.225736359566689804e-01 1.827302953562751908e-01 1.065659737827203690e+00 1.583260997369790868e+00 1.686301482466089130e+00 1.484212943244296525e+02 1.796397545993247320e+02
2.421052631578947401e-01 1.523345564038203481e-01 2.271591591669125942e-01 1.065643284426358139e+00 1.583175195233711419e+00 1.686136888313563897e+00 1.485870552618899296e+02 1.798818658257694096e+02
2.894736842105263275e-01 1.820216330213518530e-01 2.715621410318513340e-01 1.065789070706085084e+00 1.583183964568687818e+00 1.685999770604382553e+00 1.489168293948019652e+02 1.803565528135068803e+02
3.368421052631579427e-01 2.115837758420310022e-01 3.159217673350563360e-01 1.066124328625125850e+00 1.583286535356071001e+00 1.685861180206482013e+00 1.494764931052540362e+02 1.811577145955610888e+02
3.842105263157894468e-01 2.409527000344006131e-01 3.602154170598228511e-01 1.066687105904154498e+00 1.583493631544945268e+00 1.685701673910501075e+00 1.503418980579642721e+02 1.823928749699114178e+02
4.315789473684210620e-01 2.700469008194842369e-01 4.044159925542665235e-01 1.067529389089916902e+00 1.583820957672386065e+00 1.685505584231575815e+00 1.515949910255792190e+02 1.841779358951067138e+02
4.789473684210526772e-01 2.987720327741840709e-01 4.484932333371864921e-01 1.068696737996197799e+00 1.584284194774558729e+00 1.685261558709814089e+00 1.533196385894285640e+02 1.866316389017034396e+02
5.263157894736841813e-01 3.270305406496110678e-01 4.924156756929274903e-01 1.070240121517320286e+00 1.584896436802682995e+00 1.684959241298928490e+00 1.555976780387035205e+02 1.898702708000027712e+02
5.736842105263157965e-01 3.547221382164302272e-01 5.361529826319616499e-01 1.072187626862181498e+00 1.585665296009025393e+00 1.684593096811747071e+00 1.585053657714128406e+02 1.940029504340323854e+02
6.210526315789474117e-01 3.817560387670925204e-01 5.796782911838338492e-01 1.074561328573820251e+00 1.586592351128813805e+00 1.684159297236000441e+00 1.621103827316331092e+02 1.991277181901199640e+02
6.684210526315789158e-01 4.080523784193221259e-01 6.229702535369426863e-01 1.077361317609818236e+00 1.587672061031095261e+00 1.683657205423702452e+00 1.664703114082391835e+02 2.053294987716136291e+02
7.157894736842105310e-01 4.335521067120868266e-01 6.660144322115660875e-01 1.080582310282277358e+00 1.588892849046786626e+00 1.683089894060222580e+00 1.716323202488530342e+02 2.126796597759232554e+02
7.631578947368421462e-01 4.582127781048182524e-01 7.088038874280977453e-01 1.084196991666978471e+00 1.590238076603750939e+00 1.682462318170244275e+00 1.776338886410947282e+02 2.212369494420029241e+02
8.105263157894736503e-01 4.820143056809940707e-01 7.513390228263988613e-01 1.088174040877743831e+00 1.591687452900926170e+00 1.681781216152078429e+00 1.845044095366936574e+02 2.310495501173571711e+02
8.578947368421052655e-01 5.049537470154750185e-01 7.936268654117478727e-01 1.092472785125761625e+00 1.593219021094920418e+00 1.681054281142229323e+00 1.922674235614611575e+02 2.421579192019919731e+02
9.052631578947368807e-01 5.270439901043222353e-01 8.356799402947320266e-01 1.097050285723895069e+00 1.594811178295729270e+00 1.680290056036592539e+00 2.009426567779346726e+02 2.545974300168219031e+02
9.526315789473683848e-01 5.483101336493158007e-01 8.775150230564906506e-01 1.101862854358872879e+00 1.596442649292513893e+00 1.679496771033725411e+00 2.105480251926073549e+02 2.684009452613603344e+02
1.000000000000000000e+00 5.687860961525620374e-01 9.191519333171083161e-01 1.106868101223211553e+00 1.598094564772527981e+00 1.678682213534295142e+00 2.211013280824486458e+02 2.836009791194033482e+02
