1.000000000000000056e-01 6.293444754312386979e-02 9.383432439337509312e-02 1.068351905730191787e+00 1.584521442686898540e+00 1.687239514375574068e+00 1.492744003334925083e+02 1.806754867938628877e+02
1.473684210526315930e-01 9.272946845595364529e-02 1.382769724607401940e-01 1.067717695769033748e+00 1.583839550838044952e+00 1.686515061009846050e+00 1.492814724986732244e+02 1.807032669729077554e+02
1.947368421052631526e-01 1.224868134724251961e-01 1.827075907387934184e-01 1.067538272778424613e+00 1.583552832498662966e+00 1.686128100753712999e+00 1.494723354751721445e+02 1.809781485450985201e+02
2.421052631578947401e-01 1.521680082190860206e-01 2.271144742825841056e-01 1.067660505469619547e+00 1.583472154578091207e+00 1.685856939549921218e+00 1.498983541863312610e+02 1.815752070914070373e+02
2.894736842105263275e-01 1.817216469203794538e-01 2.714822036503391489e-01 1.068081601194483810e+00 1.583549370614909080e+00 1.685619644020540431e+00 1.506348339316861313e+02 1.825984432448758525e+02
3.368421052631579427e-01 2.110852011699115571e-01 3.157927755525605229e-01 1.068836547061184916e+00 1.583775386787180217e+00 1.685375187492873739e+00 1.517632106237824416e+02 1.841584656614231790e+02
3.842105263157894468e-01 2.401869754398709422e-01 3.600271961626497208e-01 1.069959657554907517e+00 1.584153294955452651e+00 1.685099623292834137e+00 1.533632388345708364e+02 1.863624943464203056e+02
4.315789473684210620e-01 2.689557092865768051e-01 4.041673442681306683e-01 1.071493876355052333e+00 1.584687092876187142e+00 1.684777274514810186e+00 1.555082949385578956e+02 1.893083098645435598e+02
4.789473684210526772e-01 2.973222136925828263e-01 4.481978085856026528e-01 1.073464692810047305e+00 1.585378140014902515e+00 1.684398648801512799e+00 1.582626474134954151e+02 1.930807883086410754e+02
5.263157894736841813e-01 3.252253960532592858e-01 4.921074208822044382e-01 1.075883400828040237e+00 1.586223009844053067e+00 1.683959030993361861e+00 1.616800447500026507e+02 1.977501920857214657e+02
5.736842105263157965e-01 3.526203719295157302e-01 5.358903457723109831e-01 1.078759911749796574e+00 1.587212770243102256e+00 1.683457297465432712e+00 1.658039734969773917e+02 2.033725171194737698e+02
6.210526315789474117e-01 3.794732725340187462e-01 5.795464668520581286e-01 1.082077971620652557e+00 1.588333764775134771e+00 1.682895290386882792e+00 1.706683686683828114e+02 2.099905664192606025e+02
6.684210526315789158e-01 4.057672717591661038e-01 6.230812872979332173e-01 1.085816154800059108e+00 1.589568746286976975e+00 1.682277127206075695e+00 1.762994483329126183e+02 2.176362869347538265e+02
7.157894736842105310e-01 4.314983707421659598e-01 6.665053187549930813e-01 1.089940555157525859e+00 1.590898123290148014e+00 1.681608327838401751e+00 1.827175664960068673e+02 2.263331721199176343e+02
7.631578947368421462e-01 4.566776146855525687e-01 7.098331770024249865e-01 1.094417909113021947e+00 1.592301613253944481e+00 1.680895390919846077e+00 1.899391073656994990e+02 2.360986741894199099e+02
8.105263157894736503e-01 4.813253606529318551e-01 7.530825469419515361e-01 1.099209305062878395e+00 1.593758979672324605e+00 1.680145181375136243e+00 1.979781564126666638e+02 2.469463041372995065e+02
8.578947368421052655e-01 5.054693863488280980e-01 7.962731225244380484e-01 1.104274065133475258e+00 1.595251209828182359e+00 1.679364443431583309e+00 2.068477183002090101e+02 2.588871672852326924e+02
9.052631578947368807e-01 5.291456393936884162e-01 8.394256810767276589e-01 1.109577196273161093e+00 1.596760944933795390e+00 1.678559512485653604e+00 2.165607933920352082e+02 2.719312634843197998e+02
9.526315789473683848e-01 5.523926731604706930e-01 8.825612689615802697e-01 1.115083108200798589e+00 1.598273065472127774e+00 1.677736197161941778e+00 2.271309454702854964e+02 2.860881766229863388e+02
1.000000000000000000e+00 5.752518337471039800e-01 9.257005266685320866e-01 1.120759938595277561e+00 1.599774411792247886e+00 1.676899713774281819e+00 2.385725703258537180e+02 3.013674090166272208e+02
