1.000000000000000056e-01 6.274514731195428296e-02 9.381660217704756999e-02 1.071015211988336935e+00 1.585673141518530560e+00 1.686886173765330232e+00 1.530808737255719620e+02 1.854449795091288706e+02
1.473684210526315930e-01 9.221384671402826916e-02 1.382244482113452744e-01 1.073791260897114741e+00 1.585876569150270532e+00 1.685620152619773604e+00 1.567322325909168512e+02 1.900389754800294781e+02
1.947368421052631526e-01 1.214565687372853170e-01 1.826014343290430775e-01 1.077441473807315031e+00 1.586529857448856218e+00 1.684580609197035006e+00 1.611743452821775691e+02 1.956390809244922195e+02
2.421052631578947401e-01 1.504315923342297301e-01 2.269399403845561436e-01 1.081686752394183104e+00 1.587416947813951040e+00 1.683589597063862131e+00 1.663663502230510574e+02 2.022003732732262620e+02
2.894736842105263275e-01 1.791002515110235449e-01 2.712325430338749510e-01 1.086400108367773010e+00 1.588453881592539307e+00 1.682593615036632517e+00 1.723050238047620155e+02 2.097243391840728179e+02
3.368421052631579427e-01 2.074287938820603416e-01 3.154721008285090167e-01 1.091510259776449665e+00 1.589595808622531470e+00 1.681574856112746819e+00 1.790022589165830880e+02 2.182315511448912275e+02
3.842105263157894468e-01 2.353842540065507194e-01 3.596518896802263221e-01 1.096949496108857502e+00 1.590812966873619949e+00 1.680528334389929324e+00 1.864781692486742770e+02 2.277531724226635106e+02
4.315789473684210620e-01 2.629396456757990830e-01 4.037656405325523168e-01 1.102671598253728957e+00 1.592082794406151969e+00 1.679454680723553084e+00 1.947573555684224118e+02 2.383264940374680521e+02
4.789473684210526772e-01 2.900682809230383241e-01 4.478076280146433552e-01 1.108622565059746989e+00 1.593387337640478130e+00 1.678357489478738973e+00 2.038678614102542781e+02 2.499935843489029423e+02
5.263157894736841813e-01 3.167499750625255572e-01 4.917726221250337537e-01 1.114763646485321003e+00 1.594710923461865715e+00 1.677241044275162185e+00 2.138394124196042299e+02 2.627992694795232751e+02
5.736842105263157965e-01 3.429670712139729627e-01 5.356559135088835299e-01 1.121055365052675334e+00 1.596040423280056020e+00 1.676110402534033872e+00 2.247033491256245838e+02 2.767909964512591614e+02
6.210526315789474117e-01 3.687048178247386843e-01 5.794532676172605701e-01 1.127460076725946170e+00 1.597364570016059693e+00 1.674970646169149591e+00 2.364921341929266703e+02 2.920182728970381163e+02
6.684210526315789158e-01 3.939508963771692351e-01 6.231608670013824014e-01 1.133941866921564401e+00 1.598673818971214189e+00 1.673826880577090170e+00 2.492389876092024394e+02 3.085322525437164813e+02
7.157894736842105310e-01 4.186972788047618188e-01 6.667752372428117358e-01 1.140471399240834627e+00 1.599959921657732265e+00 1.672683732762119346e+00 2.629775175151933695e+02 3.263853215089803257e+02
7.631578947368421462e-01 4.429380118081929218e-01 7.102931878969410695e-01 1.147020876980428872e+00 1.601216458488178285e+00 1.671545473719339592e+00 2.777416406198011032e+02 3.456310094144719756e+02
8.105263157894736503e-01 4.666688502396762472e-01 7.537117465885233569e-01 1.153564237665048564e+00 1.602438319427122337e+00 1.670416002102840025e+00 2.935654495505980321e+02 3.663238444589435971e+02
8.578947368421052655e-01 4.898866584015969527e-01 7.970281029689514352e-01 1.160076809013758092e+00 1.603621324694519679e+00 1.669298741189253477e+00 3.104831048604763168e+02 3.885192257956958315e+02
9.052631578947368807e-01 5.125934986665692250e-01 8.402394489123905519e-01 1.166543042025329324e+00 1.604762448517680351e+00 1.668196792840896059e+00 3.285278196277498637e+02 4.122723196667524803e+02
9.526315789473683848e-01 5.347905695122472380e-01 8.833430555725004796e-01 1.172945231149425283e+00 1.605859476931300822e+00 1.667112809661048134e+00 3.477327831183663989e+02 4.376390227836581062e+02
1.000000000000000000e+00 5.564781520222243927e-01 9.263362155134925446e-01 1.179264780037052374e+00 1.606910888639833557e+00 1.666048933000278121e+00 3.681309642912194704e+02 4.646757404312729705e+02
