1.000000000000000056e-01 6.293685818872302162e-02 9.383434259065669136e-02 1.068612173133930865e+00 1.585679267068218490e+00 1.688572826681019601e+00 1.490585476223743342e+02 1.804146862316776776e+02
1.473684210526315930e-01 9.269475980472334509e-02 1.382676768318254756e-01 1.067890954658505809e+00 1.584742395332898957e+00 1.687456382340113414e+00 1.493489180585963254e+02 1.808231950821049452e+02
1.947368421052631526e-01 1.223569816459724180e-01 1.826748966245649031e-01 1.068014731329556266e+00 1.584443067722501652e+00 1.686819864211172026e+00 1.500883139194646958e+02 1.818255555306350857e+02
2.421052631578947401e-01 1.518538593870038533e-01 2.270364741574882328e-01 1.068748217833495939e+00 1.584494703089690537e+00 1.686331738490325360e+00 1.513547956786162842e+02 1.835353476541982332e+02
2.894736842105263275e-01 1.810982654133034275e-01 2.713275390914259289e-01 1.070066286733568850e+00 1.584817535926172916e+00 1.685871662517490321e+00 1.532565764277045446e+02 1.861041595374541089e+02
3.368421052631579427e-01 2.099872583298235673e-01 3.155187346410324722e-01 1.071985954175815436e+00 1.585387564961974416e+00 1.685382079942448597e+00 1.559090847720662509e+02 1.896940676734896272e+02
3.842105263157894468e-01 2.384095241826569844e-01 3.595777030435153288e-01 1.074536663451973073e+00 1.586195671408122454e+00 1.684832309590932775e+00 1.594266284540289007e+02 1.944675849837668125e+02
4.315789473684210620e-01 2.662496901416623873e-01 4.034711075815751724e-01 1.077727716542682401e+00 1.587232475952210731e+00 1.684205642250069301e+00 1.639176317860449217e+02 2.005817966164419772e+02
4.789473684210526772e-01 2.933995021847695117e-01 4.471668374929157475e-01 1.081556819442926143e+00 1.588483309937105403e+00 1.683495021497374511e+00 1.694809209061477020e+02 2.081837697610537816e+02
5.263157894736841813e-01 3.197604234980257476e-01 4.906360964835174143e-01 1.085990288837213935e+00 1.589926111830299194e+00 1.682700924245433383e+00 1.762037397437132427e+02 2.174079536743547010e+02
5.736842105263157965e-01 3.452533856255065037e-01 5.338548787350390068e-01 1.090980369803214112e+00 1.591531724311194829e+00 1.681829022843959631e+00 1.841605216591477756e+02 2.283746012234922205e+02
6.210526315789474117e-01 3.698184514838412928e-01 5.768048008789440351e-01 1.096457667349052034e+00 1.593266541262213343e+00 1.680889007086565190e+00 1.934133123810483994e+02 2.411900614537119338e+02
6.684210526315789158e-01 3.934176272733047042e-01 6.194731181200842096e-01 1.102344165499638873e+00 1.595094813295427461e+00 1.679893068651002963e+00 2.040127357552639467e+02 2.559478030886229476e+02
7.157894736842105310e-01 4.160319350323324339e-01 6.618521446566141275e-01 1.108554815657566417e+00 1.596981420588927003e+00 1.678854629577616997e+00 2.159994650504696097e+02 2.727300103885492604e+02
7.631578947368421462e-01 4.376603131096130084e-01 7.039382728387079124e-01 1.115006840518017128e+00 1.598893716119910380e+00 1.677787008783806266e+00 2.294057243573028870e+02 2.916092041256356424e+02
8.105263157894736503e-01 4.583164968491733604e-01 7.457308594694659343e-01 1.121623730691722720e+00 1.600802832176893453e+00 1.676702718318380247e+00 2.442566716028571250e+02 3.126496535897599074e+02
8.578947368421052655e-01 4.780235698038362568e-01 7.872311290071679624e-01 1.128333651426380868e+00 1.602683640886158667e+00 1.675613309608545043e+00 2.605712880142758650e+02 3.359081351204289945e+02
9.052631578947368807e-01 4.968118041434026466e-01 8.284412195685115776e-01 1.135073217919895461e+00 1.604517579600762023e+00 1.674528402226933776e+00 2.783629818739724442e+02 3.614342693610975061e+02
9.526315789473683848e-01 5.147153205676657794e-01 8.693634095994664523e-01 1.141786741033468111e+00 1.606290410355762255e+00 1.673456162091827126e+00 2.976397590416728463e+02 3.892702473450233356e+02
1.000000000000000000e+00 5.317736199289028187e-01 9.099995765472393972e-01 1.148432638039839304e+00 1.607991218151222590e+00 1.672403339038879277e+00 3.184042735606830092e+02 4.194502718742279512e+02
