1.000000000000000056e-01 6.288251453618426412e-02 9.382589213978367870e-02 1.068669042612643727e+00 1.584683897456697244e+00 1.687094663812096496e+00 1.500337162198040915e+02 1.816538782961340530e+02
1.473684210526315930e-01 9.255944722084789855e-02 1.382492558534598737e-01 1.069147238069308559e+00 1.584355425359254443e+00 1.686249394174211602e+00 1.512053195322414183e+02 1.831643868758137330e+02
1.947368421052631526e-01 1.221059082863670264e-01 1.826470081887217323e-01 1.070382474259309102e+00 1.584478632289011646e+00 1.685657988147518216e+00 1.529277440700074635e+02 1.853850274730263550e+02
2.421052631578947401e-01 1.514721282159801063e-01 2.270082046027984135e-01 1.072184699729445967e+00 1.584860742784182985e+00 1.685124453538438871e+00 1.552114131908670061e+02 1.883355441871601670e+02
2.894736842105263275e-01 1.806051750188364946e-01 2.713207097002388601e-01 1.074492004850668980e+00 1.585436094526524009e+00 1.684582576004945764e+00 1.580870465058454784e+02 1.920610102144858899e+02
3.368421052631579427e-01 2.094515136453957704e-01 3.155714933312072090e-01 1.077282143797025693e+00 1.586174084500462156e+00 1.684004684174024380e+00 1.615921918220356872e+02 1.966156036243307881e+02
3.842105263157894468e-01 2.379542854966522902e-01 3.597469863960665593e-01 1.080525514798653441e+00 1.587055520592593583e+00 1.683378436518733423e+00 1.657671654802199441e+02 2.020577476344502372e+02
4.315789473684210620e-01 2.660596607583787798e-01 4.038334787378147217e-01 1.084203630441398225e+00 1.588064682344868528e+00 1.682698920974086132e+00 1.706532437367266368e+02 2.084479480549997561e+02
4.789473684210526772e-01 2.937138513069293411e-01 4.478175266512184893e-01 1.088284662112628753e+00 1.589186582093277122e+00 1.681965634059525261e+00 1.762917919963488202e+02 2.158477472761815932e+02
5.263157894736841813e-01 3.208688831219370097e-01 4.916862873589067373e-01 1.092740764595322656e+00 1.590405893151584316e+00 1.681180973952137281e+00 1.827233846669051331e+02 2.243187105666007710e+02
5.736842105263157965e-01 3.474802996868622262e-01 5.354278480202393498e-01 1.097534606164692006e+00 1.591706541273302911e+00 1.680348965491642144e+00 1.899876910765673586e+02 2.339222445851779071e+02
6.210526315789474117e-01 3.735097518438406650e-01 5.790313840872676199e-01 1.102627034899936520e+00 1.593072187040970977e+00 1.679475052375482225e+00 1.981229090210026413e+02 2.447189715552678138e+02
6.684210526315789158e-01 3.989265292964926934e-01 6.224872597785969797e-01 1.107980046923745299e+00 1.594486454453314828e+00 1.678565423986928540e+00 2.071655842549372437e+02 2.567685031454755062e+02
7.157894736842105310e-01 4.237049874964537999e-01 6.657870541072651305e-01 1.113550641263530983e+00 1.595933547113537188e+00 1.677626755599739283e+00 2.171506962896574180e+02 2.701295143617247732e+02
7.631578947368421462e-01 4.478250943879049095e-01 7.089234624267722884e-01 1.119294638754513072e+00 1.597398542518124298e+00 1.676665814380441155e+00 2.281113474269442918e+02 2.848593742225700112e+02
8.105263157894736503e-01 4.712743496124898734e-01 7.518901552964889490e-01 1.125172621587454236e+00 1.598867407457506440e+00 1.675689436788377007e+00 2.400786810686329034e+02 3.010140215168187865e+02
8.578947368421052655e-01 4.940440928146564992e-01 7.946816177324570463e-01 1.131143855194973291e+00 1.600328274463080902e+00 1.674703764335652156e+00 2.530819183300617681e+02 3.186479519132467999e+02
9.052631578947368807e-01 5.161312897590628612e-01 8.372929335038573617e-01 1.137172071612011504e+00 1.601770160999304249e+00 1.673714632215212550e+00 2.671480960955867658e+02 3.378138581007551124e+02
9.526315789473683848e-01 5.375374487331064932e-01 8.797195926985046377e-01 1.143224706133249002e+00 1.603183985356842145e+00 1.672727381353878995e+00 2.823019368794386992e+02 3.585623802478558559e+02
1.000000000000000000e+00 5.582661761687235380e-01 9.219573130258913451e-01 1.149270078988669175e+00 1.604562247851428314e+00 1.671746754507355437e+00 2.985657570114393025e+02 3.809418752049414252e+02
