1.000000000000000056e-01 6.293403921354748243e-02 9.383434901720101584e-02 1.068337731676311630e+00 1.584407543355982773e+00 1.687104476306924061e+00 1.493044348017007223e+02 1.807118056403429023e+02
1.473684210526315930e-01 9.273403835258850481e-02 1.382786221867647602e-01 1.067711774501095334e+00 1.583749863512960543e+00 1.686418897693086949e+00 1.492811434090062903e+02 1.806967536797053242e+02
1.947368421052631526e-01 1.225076126547112315e-01 1.827141883142541778e-01 1.067489681462311824e+00 1.583457330152461706e+00 1.686059048967092577e+00 1.493957533473307251e+02 1.808665265829239104e+02
2.421052631578947401e-01 1.522251330604689756e-01 2.271316685902590171e-01 1.067513352515036873e+00 1.583346257605291241e+00 1.685815941208619773e+00 1.496826149684728477e+02 1.812736368417370727e+02
2.894736842105263275e-01 1.818449710218069393e-01 2.715177651674444692e-01 1.067771562363456495e+00 1.583368131896671915e+00 1.685612957230250508e+00 1.502018123233319500e+02 1.820026947294991544e+02
3.368421052631579427e-01 2.113128715925374213e-01 3.158556308277644109e-01 1.068291581237913235e+00 1.583513668477183778e+00 1.685411665383960145e+00 1.510237609942858228e+02 1.831512006752799095e+02
3.842105263157894468e-01 2.405616739066027965e-01 3.601257082658017583e-01 1.069103901153298786e+00 1.583787378212766939e+00 1.685188923692094720e+00 1.522224824540658688e+02 1.848209269222039666e+02
4.315789473684210620e-01 2.695196164569750863e-01 4.043070488192810341e-01 1.070255118132764638e+00 1.584197318904977836e+00 1.684928774148532815e+00 1.538713862613496133e+02 1.871123370190538822e+02
4.789473684210526772e-01 2.981093905608815930e-01 4.483788835280996254e-01 1.071775596829798616e+00 1.584750177234368174e+00 1.684619843260599437e+00 1.560398480976257645e+02 1.901201596506263911e+02
5.263157894736841813e-01 3.262592664046358171e-01 4.923223220839066383e-01 1.073699887667472375e+00 1.585449883688254236e+00 1.684255096512780936e+00 1.587907994175174338e+02 1.939302438709891305e+02
5.736842105263157965e-01 3.539008693468889688e-01 5.361219248073946231e-01 1.076038424585928022e+00 1.586295475374194019e+00 1.683830821724481508e+00 1.621793856472387745e+02 1.986178119078135182e+02
6.210526315789474117e-01 3.809796009397955485e-01 5.797668718574051638e-01 1.078799182596294592e+00 1.587280290443162878e+00 1.683345862055682485e+00 1.662522235616469857e+02 2.042465855872732448e+02
6.684210526315789158e-01 4.074512581228085240e-01 6.232517084728250722e-01 1.081968805488073393e+00 1.588393662914798110e+00 1.682802044964048394e+00 1.710478974869624267e+02 2.108694031692720330e+02
7.157894736842105310e-01 4.332892894297134534e-01 6.665765363050479841e-01 1.085531942397756522e+00 1.589620928055638593e+00 1.682203091614893564e+00 1.765980231705056269e+02 2.185295963096827165e+02
7.631578947368421462e-01 4.584796333561645953e-01 7.097467237143146868e-01 1.089459665608802474e+00 1.590944711852921634e+00 1.681554110600075536e+00 1.829286627548086983e+02 2.272628106239022543e+02
8.105263157894736503e-01 4.830209741660080325e-01 7.527722689387541521e-01 1.093716757341890000e+00 1.592346453387093685e+00 1.680861251795679800e+00 1.900619182458092951e+02 2.370990271898824346e+02
8.578947368421052655e-01 5.069256813980691501e-01 7.956669651240687591e-01 1.098270012834339893e+00 1.593807254593209821e+00 1.680131196057037313e+00 1.980175594561889056e+02 2.480645968488037170e+02
9.052631578947368807e-01 5.302156776683075723e-01 8.384474826429209049e-01 1.103085276081367416e+00 1.595309212791756304e+00 1.679370588763322791e+00 2.068144598594296042e+02 2.601840218174471033e+02
9.526315789473683848e-01 5.529177260611717326e-01 8.811324554570411083e-01 1.108124606122844025e+00 1.596835722190217854e+00 1.678585762896396494e+00 2.164715885068291641e+02 2.734811819543419915e+02
1.000000000000000000e+00 5.750647301162098435e-01 9.237416777329860995e-01 1.113354192786694119e+00 1.598371821394437786e+00 1.677782623641260740e+00 2.270089521370747150e+02 2.879804648664962201e+02
