1.666666666666666574e-01 1.049092975589352716e-01 1.563904420175145360e-01 1.064194717753419228e+00 1.583829804148450648e+00 1.687252799964700012e+00 1.477062043194438274e+02 1.787781197826568871e+02 1.748349275453790208e+18
2.105263157894736725e-01 1.324077177446421061e-01 1.975161612468386008e-01 1.064408966850691751e+00 1.583779134345737027e+00 1.686955639882123936e+00 1.482606436841279560e+02 1.795300464012059365e+02 4.426050937652544307e+19
2.543859649122807154e-01 1.597947260099494837e-01 2.386116996175080551e-01 1.064979296233315997e+00 1.583899467769836589e+00 1.686696072923323575e+00 1.491456421156010208e+02 1.807235734584906197e+02 6.351956306404984800e+16
2.982456140350877583e-01 1.870229050965328266e-01 2.796643506235487187e-01 1.065903077333292703e+00 1.584166919388730888e+00 1.686430437048821229e+00 1.504138378821138815e+02 1.824310094462470886e+02 1.851636715721990080e+17
3.421052631578947456e-01 2.140394917072561132e-01 3.206601254838116200e-01 1.067195280346031616e+00 1.584574793092311085e+00 1.686135498541197375e+00 1.521191807399883942e+02 1.847261463394434315e+02 2.291076555370028800e+17
3.859649122807017330e-01 2.407885919206252112e-01 3.615844305672456516e-01 1.068872949124759941e+00 1.585121246029417730e+00 1.685797526643401989e+00 1.543137475390271049e+02 1.876804032475258168e+02 5.341581054428554400e+16
4.298245614035087758e-01 2.672136852969445586e-01 4.024228220330827166e-01 1.070948755715638079e+00 1.585804499716746641e+00 1.685408380714339405e+00 1.570461731567726815e+02 1.913609143334939233e+02 7.298452717821883200e+16
4.736842105263158187e-01 2.932601679603525913e-01 4.431617680615638211e-01 1.073427857325949475e+00 1.586620613109257283e+00 1.684963667237040275e+00 1.603608111821922364e+02 1.958294980601602049e+02 4.568910916792668160e+18
5.175438596491228616e-01 3.188777243061864386e-01 4.837893372677242732e-01 1.076306811600262092e+00 1.587562775736227838e+00 1.684461969945097559e+00 1.642973666565436588e+02 2.011422050221026723e+02 2.447834474918809600e+16
5.614035087719299044e-01 3.440222658797735256e-01 5.242957260374349060e-01 1.079573489542017484e+00 1.588621127160943614e+00 1.683904206943815929e+00 1.688908958189879286e+02 2.073493388316226174e+02 2.336819230370184960e+17
6.052631578947368363e-01 3.686573269157986110e-01 5.646736342804518083e-01 1.083207924302016067e+00 1.589783198074300241e+00 1.683293141975243268e+00 1.741721060978024980e+02 2.144957991940167972e+02 3.361101550647199360e+17
6.491228070175438791e-01 3.927548304512842869e-01 5.209388187344140553e-01 1.087183722447217615e+00 1.403570297273267764e+00 1.682632966492223936e+00 1.150660308708373236e+02 2.226217411541056208e+02 2.354668580195932800e+17
6.929824561403509220e-01 4.162952074058897112e-01 6.450279418885143112e-01 1.091469644666784422e+00 1.592359497117987299e+00 1.681928899483844830e+00 1.869018795403090962e+02 2.317633736771801694e+02 1.475978329803171584e+18
7.368421052631579649e-01 4.392670493081369809e-01 6.850026044935798586e-01 1.096031324570262200e+00 1.593741971476915875e+00 1.681186715193945691e+00 1.943953495156251847e+02 2.419538333029599642e+02 5.099542749345260503e+21
7.807017543859648967e-01 4.616663560807918731e-01 7.248448129093946202e-01 1.100832934074559288e+00 1.595166152250764302e+00 1.680412525613145025e+00 2.026677196647521839e+02 2.532240443398411287e+02 1.479397453532656800e+16
8.245614035087719396e-01 4.834955391744619191e-01 7.645586999357207869e-01 1.105838493004114520e+00 1.596616985272046430e+00 1.679612418596567291e+00 2.117372822598183291e+02 2.656035268963041744e+02 2.985908314511872000e+18
8.684210526315789824e-01 5.047623597327187683e-01 8.041497741683530931e-01 1.111013038565488609e+00 1.598080661949562220e+00 1.678792251290254445e+00 2.216217432897875028e+02 2.791210329022248970e+02 3.087576936331319680e+17
9.122807017543860253e-01 5.254788137138409754e-01 8.436244958222138823e-01 1.116323430247825321e+00 1.599544831199461115e+00 1.677957544419276026e+00 2.323386558492302072e+02 2.938051415298727420e+02 1.251600046488520160e+17
9.561403508771930682e-01 5.456601066207024120e-01 8.829899718253415575e-01 1.121738880979916253e+00 1.600998744950292263e+00 1.677113359077954113e+00 2.439057737454270409e+02 3.096846696707488036e+02 7.390764158173946880e+17
1.000000000000000000e+00 5.653237713411497500e-01 9.222536748885731273e-01 1.127231327115406190e+00 1.602433271555854022e+00 1.676264234806369213e+00 2.563413075494642612e+02 3.267889868904455284e+02 8.646936854097958400e+17
