5.000000000000000278e-02 3.149821458925115836e-02 4.692423760726076309e-02 -4.048055360556409710e+01 -6.030561691589787898e+01 -6.425849323256349521e+01 1.468413253851311140e+02 1.776505813744238367e+02 2.173497019890013123e+10
7.435897435897435848e-02 4.684353834796181615e-02 6.978490562689604326e-02 -4.276306375328344700e+01 -6.370604560207814160e+01 -6.788167304416219849e+01 1.468413203315002420e+02 1.776494907551121969e+02 1.033593769335205841e+10
9.871794871794872805e-02 6.218861687425859125e-02 9.264524695330877968e-02 -4.451582033304102026e+01 -6.631727292752722747e+01 -7.066423027772890464e+01 1.468413206556993771e+02 1.776508211829442700e+02 2.692759700049938202e+10
1.230769230769230838e-01 7.753409907646717503e-02 1.155061969286618612e-01 -4.595776177531845974e+01 -6.846544569860313345e+01 -7.295293690604394499e+01 1.468413231452301488e+02 1.776488194240779137e+02 7.266549281563695908e+09
1.474358974358974395e-01 9.287866575875733388e-02 1.383657524995373089e-01 -4.719200972343642064e+01 -7.030417865026991819e+01 -7.491275392263639787e+01 1.468413263236496675e+02 1.776528518339302138e+02 6.403895576733275391e+12
1.717948717948717952e-01 1.082238152845562407e-01 1.612261628058928309e-01 -4.827758287176454388e+01 -7.192141354078077597e+01 -7.663601054273982527e+01 1.468413294868262540e+02 1.776529163774511630e+02 2.031439136369394531e+13
1.961538461538461786e-01 1.235691431421988284e-01 1.840868039862043337e-01 -4.925032231350059675e+01 -7.337053950589465501e+01 -7.818003846811049584e+01 1.468413322492885413e+02 1.776522969423749601e+02 2.570878339005422363e+11
2.205128205128205066e-01 1.389146180541498410e-01 2.069476231217763640e-01 -5.013426128758681699e+01 -7.468736213027713688e+01 -7.958303913432584409e+01 1.468413344283027584e+02 1.776513561031696042e+02 4.674990559638649750e+10
2.448717948717948900e-01 1.542603674080630094e-01 2.298088061535716597e-01 -5.094633162457719067e+01 -7.589710761594177768e+01 -8.087183953442760753e+01 1.468413359157846116e+02 1.776497582254020529e+02 1.201358135088114166e+10
2.692307692307692180e-01 1.696059997704901512e-01 2.526697627688253012e-01 -5.169875782510811746e+01 -7.701798764636269823e+01 -8.206606038289245930e+01 1.468413367024438401e+02 1.776489265504801836e+02 7.608535778261103630e+09
2.935897435897436014e-01 1.849503776672420108e-01 2.755290159729895105e-01 -5.240056603579603944e+01 -7.806351277012200285e+01 -8.318051946993209356e+01 1.468413369977584750e+02 1.776515273101707351e+02 5.810296772982278442e+10
3.179487179487179294e-01 2.002949147624683846e-01 2.983887389684421465e-01 -5.305942266573642030e+01 -7.904511129908536304e+01 -8.422667657973562427e+01 1.468413379531860699e+02 1.776528913522534197e+02 1.022844992884212891e+13
3.423076923076923128e-01 2.156409916693236284e-01 3.212507211792691719e-01 -5.368137475984648432e+01 -7.997171430341703058e+01 -8.521360805099351410e+01 1.468413395398909245e+02 1.776503141375158634e+02 1.745922354886722183e+10
3.666666666666666408e-01 2.309868628357421849e-01 3.441123637469306051e-01 -5.427056795512366705e+01 -8.084950099974761883e+01 -8.614865462726282885e+01 1.468413414537326673e+02 1.776486060641863105e+02 6.526962401325523376e+09
3.910256410256410242e-01 2.463301344997287923e-01 3.669701023968655051e-01 -5.483027074801449885e+01 -8.168334351784253045e+01 -8.703783161438913396e+01 1.468413435994335998e+02 1.776527810075582465e+02 2.448770790016564453e+12
4.153846153846153522e-01 2.616753841632823985e-01 3.898307621343448659e-01 -5.536465584773392123e+01 -8.247946102227894016e+01 -8.788608497153444432e+01 1.468413457965307884e+02 1.776524731455181438e+02 4.375628365833536377e+11
4.397435897435897356e-01 2.770223054381277250e-01 4.126938868694055018e-01 -5.587623325969607180e+01 -8.324159403191971762e+01 -8.869760104940257861e+01 1.468413480007677663e+02 1.776490163933205224e+02 7.911437057213525772e+09
4.641025641025641191e-01 2.923654072940604087e-01 4.355512965953783344e-01 -5.636615686539191472e+01 -8.397146254273987154e+01 -8.947596255512382868e+01 1.468413501335998603e+02 1.776529157143963005e+02 1.284177150811561328e+13
4.884615384615384470e-01 3.077109992888977796e-01 4.584123955875583634e-01 -5.683757938400685106e+01 -8.467376484815525828e+01 -9.022417005040077242e+01 1.468413521204876133e+02 1.776521370456753459e+02 1.631003641952848206e+11
5.128205128205128860e-01 3.230577848152766385e-01 4.812752526689316190e-01 -5.729187024308547649e+01 -8.535054166692304989e+01 -9.094485712365042218e+01 1.468413541550288528e+02 1.776494857757877242e+02 1.011951480925542450e+10
5.371794871794871584e-01 3.384031115026440162e-01 5.041359181616128504e-01 -5.773000100015409686e+01 -8.600324107833525034e+01 -9.164032133006364234e+01 1.468413559727630116e+02 1.776493917836600076e+02 9.591761579271114349e+09
5.615384615384615419e-01 3.537466914163544529e-01 5.269939632024021048e-01 -5.815321388508039036e+01 -8.663371407152439474e+01 -9.231256250082515180e+01 1.468413577248355750e+02 1.776519561283323583e+02 1.109638568955555878e+11
5.858974358974359253e-01 3.690938959709768041e-01 5.498573931481278709e-01 -5.856348463593451470e+01 -8.724490471745944831e+01 -9.296331612672850042e+01 1.468413593158348931e+02 1.776490878683474648e+02 8.152154211801111221e+09
6.102564102564103088e-01 3.844384049802963554e-01 5.727167937052192181e-01 -5.896078666126447132e+01 -8.783677379712361244e+01 -9.359417358347148763e+01 1.468413607509400549e+02 1.776501981647541868e+02 1.579490015515123749e+10
6.346153846153846922e-01 3.997846346134699691e-01 5.955787418794582511e-01 -5.934668036415811798e+01 -8.841164571692554830e+01 -9.420650432049794176e+01 1.468413620181976285e+02 1.776489434391220641e+02 7.574652557076258659e+09
6.589743589743590757e-01 4.151281528059145298e-01 6.184366398604937975e-01 -5.972129920744028198e+01 -8.896972017408292288e+01 -9.480157117329851246e+01 1.468413632466520653e+02 1.776512718655827143e+02 4.091092125159450531e+10
6.833333333333333481e-01 4.304757439367865035e-01 6.413005948884447083e-01 -6.008631187984192223e+01 -8.951348321737397384e+01 -9.538046306788012885e+01 1.468413644070216435e+02 1.776484006163250058e+02 5.895351644945175171e+09
7.076923076923077316e-01 4.458187714001338176e-01 6.641577395194792066e-01 -6.044115420326210142e+01 -9.004209418545627841e+01 -9.594422302523916812e+01 1.468413653347204786e+02 1.776511917892856331e+02 3.732882139125057983e+10
7.320512820512821150e-01 4.611650380136486649e-01 6.870197016201091689e-01 -6.078746346228487596e+01 -9.055799285675497856e+01 -9.649373300658828612e+01 1.468413661955185319e+02 1.776500600895272157e+02 1.430106289808413506e+10
7.564102564102564985e-01 4.765100726713686341e-01 7.098798198574016727e-01 -6.112516348802017774e+01 -9.106106561815573741e+01 -9.702983938226692828e+01 1.468413669746772712e+02 1.776503855521983155e+02 1.802175602994311142e+10
7.807692307692307709e-01 4.918540175349102594e-01 7.327383040604119602e-01 -6.145476065984703951e+01 -9.155206663704598213e+01 -9.755329723671799513e+01 1.468413675923252129e+02 1.776518790770322198e+02 9.471649035585446167e+10
8.051282051282051544e-01 5.071994791559080173e-01 7.555990444602381784e-01 -6.177701219432580615e+01 -9.203212496064685411e+01 -9.806478855200300870e+01 1.468413682711488661e+02 1.776516909659385419e+02 6.995904792807955933e+10
8.294871794871795379e-01 5.225439216988246871e-01 7.784582551869836387e-01 -6.209200727891356308e+01 -9.250137234402156139e+01 -9.856495563263042925e+01 1.468413688637357666e+02 1.776525611067659725e+02 5.616943350527668457e+11
8.538461538461539213e-01 5.378895886286640948e-01 8.013192876664222419e-01 -6.240037697328303778e+01 -9.296075000098537089e+01 -9.905437322476012696e+01 1.468413691674740562e+02 1.776521696455022266e+02 1.683976029882529907e+11
8.782051282051283048e-01 5.532354213919433716e-01 8.241805585289446734e-01 -6.270233175572340656e+01 -9.341057078639276767e+01 -9.953358202613148364e+01 1.468413694732634838e+02 1.776516457741618638e+02 6.534648370839447021e+10
9.025641025641025772e-01 5.685825514461342323e-01 8.470437581561337526e-01 -6.299830610102545592e+01 -9.385148260505764028e+01 -1.000030745925846674e+02 1.468413698269355621e+02 1.776499366985569566e+02 1.314808941910572815e+10
9.269230769230769607e-01 5.839249531681867111e-01 8.698999129196421931e-01 -6.328793831621838706e+01 -9.428294671614088429e+01 -1.004633276891101303e+02 1.468413700459853146e+02 1.776526334066612947e+02 7.763620407334976807e+11
9.512820512820513441e-01 5.992708279649670011e-01 8.927612317564596056e-01 -6.357238446091720618e+01 -9.470668451425936496e+01 -1.009147427587119950e+02 1.468413702116051240e+02 1.776521091483745636e+02 1.467102254399245605e+11
9.756410256410257276e-01 6.146174934096807485e-01 9.156237278743297736e-01 -6.385159656070366907e+01 -9.512262543159386041e+01 -1.013577236293021713e+02 1.468413702305098241e+02 1.776509256467927855e+02 2.833510088201748657e+10
1.000000000000000000e+00 6.299618594714807562e-01 9.384827939579623024e-01 -6.412549302458005229e+01 -9.553064762762248563e+01 -1.017926478312637073e+02 1.468413703251632683e+02 1.776517477743091149e+02 7.596779561673745728e+10
