1.666666666666666574e-01 1.049093093948188643e-01 1.357879880307427678e-01 1.063783586032116979e+00 1.375603693612227119e+00 1.686600773869722403e+00 9.668345465199328714e+01 1.787781128366152643e+02 2.580019572585257000e+15
2.592592592592592449e-01 1.628288324123964015e-01 2.110440458358278093e-01 1.064794269639042001e+00 1.377044592503408937e+00 1.686239974134621900e+00 9.757144631832929349e+01 1.808865427914630004e+02 8.798489777704871250e+14
3.518518518518518601e-01 2.200088887693734951e-01 2.859303703106126915e-01 1.067334044506541124e+00 1.380249076639958661e+00 1.685747990970365207e+00 9.945603618225202069e+01 1.853232081268793081e+02 8.726522745002996875e+13
4.444444444444444198e-01 2.759404811297108684e-01 3.601924627870776163e-01 1.071570745869202979e+00 1.385419465893739543e+00 1.685015704973678696e+00 1.026049478165600561e+02 1.927599865252942095e+02 9.206297866229234000e+15
5.370370370370370905e-01 3.301138747535078410e-01 4.335754558952724658e-01 1.077578856640821314e+00 1.392551038664848972e+00 1.684012846937361862e+00 1.072406135461253598e+02 2.037876850788235572e+02 1.264784914137678438e+14
6.296296296296296502e-01 3.821126631492545167e-01 5.870485500252179412e-01 1.085261510479093028e+00 1.590299991129003221e+00 1.682753779615678846e+00 1.774132997388102240e+02 2.188868069802460923e+02 2.965176368011168750e+13
7.222222222222222099e-01 4.316733261018265710e-01 5.769477741620243627e-01 1.094380476355070853e+00 1.411495372537734827e+00 1.681281518271978470e+00 1.215551547846429941e+02 2.384385190132851164e+02 1.877090539195218500e+15
8.148148148148148806e-01 4.786936072840351497e-01 7.557442744437410376e-01 1.104618307784126285e+00 1.596159958311470284e+00 1.679652060910001632e+00 2.096520309163510376e+02 2.627551439284658841e+02 1.458969331253211875e+14
9.074074074074074403e-01 5.232038247754993154e-01 8.392440156472631418e-01 1.115643259041855240e+00 1.599261280932648299e+00 1.677923605576682409e+00 2.311062501201757016e+02 2.921150226452635934e+02 1.408060865941319375e+14
1.000000000000000000e+00 5.653239281672164385e-01 9.222539608013049506e-01 1.127152858377444389e+00 1.602321641516128103e+00 1.676147159373761575e+00 2.563414032881309481e+02 3.267888050113344320e+02 1.348898708931993750e+13
