1.000000000000000056e-01 6.298600309692684029e-02 9.384525410062606599e-02 1.064849412031224407e+00 1.584593054924175348e+00 1.688186993438562489e+00 1.474143196722577898e+02 1.783621623295949803e+02
1.473684210526315930e-01 9.278430276043068969e-02 1.382881606879867720e-01 1.064309921806510406e+00 1.584037558755625685e+00 1.687535544705555335e+00 1.475643919604176233e+02 1.785828966110212832e+02
1.947368421052631526e-01 1.225157670489846057e-01 1.827129242109604979e-01 1.064376986203661390e+00 1.583884950763490895e+00 1.687162931964072410e+00 1.480451582702466737e+02 1.792382822243919236e+02
2.421052631578947401e-01 1.521331646182976505e-01 2.271067125407632004e-01 1.064883257679339224e+00 1.583959211450802984e+00 1.686867848283313265e+00 1.488980924618556401e+02 1.803897737910183423e+02
2.894736842105263275e-01 1.815780379925123478e-01 2.714539397481276484e-01 1.065805020005406334e+00 1.584213757060290106e+00 1.686577581901424594e+00 1.501884482972598391e+02 1.821274254343938139e+02
3.368421052631579427e-01 2.107840841968054990e-01 3.157370330676026460e-01 1.067158063115358324e+00 1.584636271555287079e+00 1.686257617998357050e+00 1.519854100806241490e+02 1.845459198460462460e+02
3.842105263157894468e-01 2.396810606921828124e-01 3.599374339450625016e-01 1.068967809275507941e+00 1.585223626839493249e+00 1.685888815889982517e+00 1.543562023665452045e+02 1.877374065166387425e+02
4.315789473684210620e-01 2.681969359919079698e-01 4.040367113407023480e-01 1.071249969205416930e+00 1.585973100324725271e+00 1.685460096114899109e+00 1.573633572279588861e+02 1.917882004232269821e+02
4.789473684210526772e-01 2.962615835413541787e-01 4.480177261003064348e-01 1.074007242149093599e+00 1.586879327160176212e+00 1.684965943105946051e+00 1.610635266515254784e+02 1.967772948351333469e+02
5.263157894736841813e-01 3.238126189734523708e-01 4.918656229169462990e-01 1.077236649116556144e+00 1.587933219279582309e+00 1.684405247848024922e+00 1.655067894141483293e+02 2.027755558060704857e+02
5.736842105263157965e-01 3.507954569287982660e-01 5.355686209921730612e-01 1.080917493777854510e+00 1.589120482807808488e+00 1.683779027144649332e+00 1.707368085010444076e+02 2.098458954286747087e+02
6.210526315789474117e-01 3.771679596733280571e-01 5.791184775572809640e-01 1.085024801402769690e+00 1.590424641615163948e+00 1.683091888698069916e+00 1.767913842973449619e+02 2.180439544218469052e+02
6.684210526315789158e-01 4.028976311523444487e-01 6.225106113703429145e-01 1.089518516881800458e+00 1.591826409977272760e+00 1.682349677408192967e+00 1.837032916297644931e+02 2.274191445605836748e+02
7.157894736842105310e-01 4.279644951844753797e-01 6.657439169528036604e-01 1.094356215016581091e+00 1.593305429953419727e+00 1.681559769622841261e+00 1.915012176015204375e+02 2.380158294972145825e+02
7.631578947368421462e-01 4.523603393801279293e-01 7.088204334773368087e-01 1.099493301485984897e+00 1.594840553011475759e+00 1.680729039608135578e+00 2.002110637068320500e+02 2.498748755865158557e+02
8.105263157894736503e-01 4.760856578980239839e-01 7.517447649478505856e-01 1.104884333393863161e+00 1.596412276599585622e+00 1.679865972287896581e+00 2.098567305866904746e+02 2.630346877909957470e+02
8.578947368421052655e-01 4.991484529226659639e-01 7.945235355833673019e-01 1.110483034681538417e+00 1.598002425738211052e+00 1.678978012181762569e+00 2.204610972615970468e+02 2.775323898415855410e+02
9.052631578947368807e-01 5.215619040463777001e-01 8.371648219219541831e-01 1.116244007970191188e+00 1.599595106777310427e+00 1.678072271677713445e+00 2.320467050049435329e+02 2.934046763612828954e+02
9.526315789473683848e-01 5.433482721266298388e-01 8.796776362800354798e-01 1.122133463175746249e+00 1.601176472891222557e+00 1.677155409630378236e+00 2.446363241734412384e+02 3.106885231488150794e+02
1.000000000000000000e+00 5.645289605718991632e-01 9.220715190083716983e-01 1.128112843519278208e+00 1.602733258230635061e+00 1.676232950121333110e+00 2.582533731647700392e+02 3.294216814354068674e+02
