1.000000000000000056e-01 6.299378801023142183e-02 9.384719425254101077e-02 1.066514732596895776e+00 1.586016642714644043e+00 1.689590856908306460e+00 1.476303369700509904e+02 1.786118961442605269e+02
1.473684210526315930e-01 9.281402599856239388e-02 1.382942798239338855e-01 1.065236185925491075e+00 1.584890637821164017e+00 1.688461335024307175e+00 1.474992572508175499e+02 1.784775852331257511e+02
1.947368421052631526e-01 1.225794551736560378e-01 1.827222364117982722e-01 1.064756189831520539e+00 1.584408756701179755e+00 1.687879536094651245e+00 1.476622242116853840e+02 1.787386673174379155e+02
2.421052631578947401e-01 1.522209136331730273e-01 2.271066396449092362e-01 1.064786317310514541e+00 1.584258315825334718e+00 1.687482486477881460e+00 1.481948454735133396e+02 1.795174012259236918e+02
2.894736842105263275e-01 1.816281693170339051e-01 2.714102765876444945e-01 1.065305271681490140e+00 1.584371751013770480e+00 1.687133883677367718e+00 1.492513780869180096e+02 1.810373047636880415e+02
3.368421052631579427e-01 2.106552834448327527e-01 3.155843128340738990e-01 1.066394394697693038e+00 1.584750642270814858e+00 1.686761764502450855e+00 1.510206762983423232e+02 1.835676700213922174e+02
3.842105263157894468e-01 2.391276822044302586e-01 3.595724904948284784e-01 1.068145431475431284e+00 1.585415743128934185e+00 1.686321730857825107e+00 1.537019530007474089e+02 1.873918796435129366e+02
4.315789473684210620e-01 2.668631051235020313e-01 4.033179557115584846e-01 1.070640348324419788e+00 1.586382382639979660e+00 1.685785097355734230e+00 1.574848848608390028e+02 1.927811529646156430e+02
4.789473684210526772e-01 2.936931845580001976e-01 4.467711669898756233e-01 1.073923948000841566e+00 1.587650751678963523e+00 1.685137607093570633e+00 1.625345421281650999e+02 1.999746903585323139e+02
5.263157894736841813e-01 3.194826424700908385e-01 4.898966869163677851e-01 1.077990318704546979e+00 1.589199031862977174e+00 1.684376672339874759e+00 1.689830676300887546e+02 2.091687648631614991e+02
5.736842105263157965e-01 3.441466491229355218e-01 5.326771414325554010e-01 1.082801602270494712e+00 1.590990145771415065e+00 1.683510192932722083e+00 1.769295892392753444e+02 2.205164454149984294e+02
6.210526315789474117e-01 3.676445607719333597e-01 5.751135706539184378e-01 1.088267874696717152e+00 1.592972066036395073e+00 1.682552982765850524e+00 1.864456078352709198e+02 2.341346305163038153e+02
6.684210526315789158e-01 3.899828278072888232e-01 6.172231008710272748e-01 1.094288938065465455e+00 1.595089308174505227e+00 1.681523498656303239e+00 1.975843744400776814e+02 2.501160285617357317e+02
7.157894736842105310e-01 4.112033987484571274e-01 6.590350528937592989e-01 1.100761111670770287e+00 1.597288784066988487e+00 1.680441155302530909e+00 2.103902942983539219e+02 2.685412812184976019e+02
7.631578947368421462e-01 4.313682523911878675e-01 7.005868129184389392e-01 1.107576461130926671e+00 1.599523674496735381e+00 1.679324454930120059e+00 2.249067864783982316e+02 2.894890526123035102e+02
8.105263157894736503e-01 4.505546342470068688e-01 7.419202254337112779e-01 1.114642333042582312e+00 1.601754510559378009e+00 1.678189682741723976e+00 2.411823406839831989e+02 3.130437608885749228e+02
8.578947368421052655e-01 4.688455866983623488e-01 7.830788698663533332e-01 1.121878862240588637e+00 1.603949807083422607e+00 1.677050277033422576e+00 2.592745395525682284e+02 3.393005817875362027e+02
9.052631578947368807e-01 4.863271441597309397e-01 8.241061938059830450e-01 1.129224737750671448e+00 1.606087776497587605e+00 1.675916716592044109e+00 2.792527773257483545e+02 3.683686707894966617e+02
9.526315789473683848e-01 5.030769892130617649e-01 8.650441801131725228e-01 1.136620831672517262e+00 1.608152840203023182e+00 1.674797430835547996e+00 3.011988825745222584e+02 4.003717473883169760e+02
1.000000000000000000e+00 5.191735456819508432e-01 9.059327764612006284e-01 1.144029833120864481e+00 1.610133759862258929e+00 1.673698397702097163e+00 3.252089642798666773e+02 4.354498671717588536e+02
