1.000000000000000056e-01 6.291565109301514025e-02 9.382911850761495309e-02 1.067899705183132042e+00 1.584886116705265025e+00 1.687680421731487801e+00 1.491857591100082345e+02 1.805997843590355671e+02
1.473684210526315930e-01 9.260837090086550261e-02 1.382467645178782623e-01 1.067915679836820564e+00 1.584391423631706708e+00 1.686794071472524248e+00 1.500263714379645137e+02 1.817292248803685197e+02
1.947368421052631526e-01 1.221257779248593883e-01 1.826205476231392288e-01 1.068908880041320009e+00 1.584473011704345513e+00 1.686191570317259192e+00 1.516405142794085918e+02 1.838785592903355450e+02
2.421052631578947401e-01 1.513706036632857521e-01 2.269272240386389639e-01 1.070751585911290160e+00 1.584932259550897893e+00 1.685629318617148265e+00 1.541508424896472604e+02 1.872139569879652754e+02
2.894736842105263275e-01 1.802418514802766047e-01 2.711438297408989007e-01 1.073428705746829248e+00 1.585705663502861018e+00 1.685021676222821618e+00 1.576737943451365425e+02 1.918913128275455904e+02
3.368421052631579427e-01 2.086432350370053257e-01 3.152504090351609389e-01 1.076921840762462113e+00 1.586755568077796719e+00 1.684333425430800446e+00 1.623073825874072327e+02 1.980419744227968408e+02
3.842105263157894468e-01 2.364952305607538052e-01 3.592321304876613941e-01 1.081206475863673466e+00 1.588046974752033158e+00 1.683552764125764600e+00 1.681302183153833028e+02 2.057719231429774709e+02
4.315789473684210620e-01 2.637348914898454133e-01 4.030804906502364893e-01 1.086220166214600935e+00 1.589540612921124252e+00 1.682680310552107983e+00 1.752040773569042642e+02 2.151651743115698991e+02
4.789473684210526772e-01 2.903209879648288028e-01 4.467935533048210672e-01 1.091884847722294660e+00 1.591193932501424602e+00 1.681724082998387271e+00 1.835777219634763071e+02 2.262886237273904158e+02
5.263157894736841813e-01 3.162337847231894150e-01 4.903753753824747208e-01 1.098113669648076884e+00 1.592963250248764950e+00 1.680696161204687566e+00 1.932909932767162786e+02 2.391971726661583659e+02
5.736842105263157965e-01 3.414693259031331696e-01 5.338348890911842615e-01 1.104808058632301693e+00 1.594807087320059047e+00 1.679610610615513311e+00 2.043784455645636058e+02 2.539382763839781774e+02
6.210526315789474117e-01 3.660417411899770102e-01 5.771845695522371811e-01 1.111881664634728484e+00 1.596687614120654297e+00 1.678481287655573251e+00 2.168723851624051804e+02 2.705557224921658985e+02
6.684210526315789158e-01 3.899743386295961844e-01 6.204391334209824471e-01 1.119248230693557167e+00 1.598572390418246947e+00 1.677321422028147602e+00 2.308050230379786001e+02 2.890922900370853768e+02
7.157894736842105310e-01 4.132975021941068805e-01 6.636144058271722379e-01 1.126828998900576639e+00 1.600434789618045750e+00 1.676142783917351720e+00 2.462099704822163346e+02 3.095915980241986176e+02
7.631578947368421462e-01 4.360474532190753982e-01 7.067264179616061792e-01 1.134557754441178012e+00 1.602253913413658193e+00 1.674956129513503811e+00 2.631229733136898972e+02 3.320990184856889869e+02
8.105263157894736503e-01 4.582639109344890382e-01 7.497907488323144465e-01 1.142379854601924816e+00 1.604013523038612110e+00 1.673769453792607553e+00 2.815823630471765000e+02 3.566622413961472944e+02
8.578947368421052655e-01 4.799842287172056965e-01 7.928221093370354522e-01 1.150243195336790203e+00 1.605701904762731669e+00 1.672589809149468865e+00 3.016292872859323211e+02 3.833315347846213967e+02
9.052631578947368807e-01 5.012474903349228850e-01 8.358340557276087157e-01 1.158108788969939962e+00 1.607310918468429106e+00 1.671422859221551205e+00 3.233073471616871188e+02 4.121593275804940504e+02
9.526315789473683848e-01 5.220910323239260631e-01 8.788388687022978818e-01 1.165943916732217422e+00 1.608836068837443456e+00 1.670272987517601893e+00 3.466624804136719149e+02 4.432000584106899055e+02
1.000000000000000000e+00 5.425502298485728181e-01 9.218475069408870182e-01 1.173721826177593686e+00 1.610274981148735796e+00 1.669143454261810877e+00 3.717426421806509325e+02 4.765098020594825812e+02
