1.000000000000000056e-01 6.295473821034616724e-02 9.383797268194445096e-02 1.067625917585393935e+00 1.585540753677068704e+00 1.688670742014876547e+00 1.485266036272001315e+02 1.797489870550182900e+02
1.473684210526315930e-01 9.272610149181530204e-02 1.382727684767450782e-01 1.066840398016438707e+00 1.584636103357139447e+00 1.687631686836813971e+00 1.487151362295340391e+02 1.800328021381120607e+02
1.947368421052631526e-01 1.223955890886224834e-01 1.826768362480707675e-01 1.066885167102517018e+00 1.584348251722563772e+00 1.687042699415228331e+00 1.493649523965873414e+02 1.809366170587615557e+02
2.421052631578947401e-01 1.518745610176940319e-01 2.270245952392864475e-01 1.067570862097715345e+00 1.584422831054149938e+00 1.686583079551883246e+00 1.506068293496094270e+02 1.826452037706245619e+02
2.894736842105263275e-01 1.810534222601887233e-01 2.712850374151936639e-01 1.068918601884171204e+00 1.584798751124950167e+00 1.686131957484802379e+00 1.525989844721046325e+02 1.853755530611364293e+02
3.368421052631579427e-01 2.098089435043329343e-01 3.154251905874027595e-01 1.070976701199468861e+00 1.585462242730829585e+00 1.685631187569258227e+00 1.554962180090044797e+02 1.893387358185819096e+02
3.842105263157894468e-01 2.380192773260792483e-01 3.594142590242476176e-01 1.073790590326708649e+00 1.586404988726955567e+00 1.685049806993346611e+00 1.594372969641997884e+02 1.947240781844224387e+02
4.315789473684210620e-01 2.655744064826690010e-01 4.032275572633424732e-01 1.077370180686430423e+00 1.587611605675993021e+00 1.684374045275623732e+00 1.645392568158801510e+02 2.016920378807104441e+02
4.789473684210526772e-01 2.923895832778357629e-01 4.468494010105309999e-01 1.081701065263982020e+00 1.589054890427665789e+00 1.683601182784808747e+00 1.708964577549606645e+02 2.103730801233813281e+02
5.263157894736841813e-01 3.184065062694440007e-01 4.902744338805798407e-01 1.086730471609975712e+00 1.590698419276652675e+00 1.682737214997343189e+00 1.785831942837280906e+02 2.208710297675119989e+02
5.736842105263157965e-01 3.435963037499557005e-01 5.335073648256524192e-01 1.092383239862069422e+00 1.592499137209923310e+00 1.681792994611137404e+00 1.876583052099912834e+02 2.332689262465172249e+02
6.210526315789474117e-01 3.679581682516436802e-01 5.765615457197956761e-01 1.098575658984328962e+00 1.594412465933060963e+00 1.680782386958251662e+00 1.981707291051051243e+02 2.476359755243189795e+02
6.684210526315789158e-01 3.915113201218343719e-01 6.194568843081394993e-01 1.105214975894018181e+00 1.596395510032989407e+00 1.679720450573168211e+00 2.101644710895155583e+02 2.640337647283638489e+02
7.157894736842105310e-01 4.142917497575070440e-01 6.622176368401844204e-01 1.112212791740423423e+00 1.598409767658184544e+00 1.678621650220049055e+00 2.236827230927915480e+02 2.825213618268235791e+02
7.631578947368421462e-01 4.363474010544211579e-01 7.048704064875184194e-01 1.119490021622846498e+00 1.600422115432763137e+00 1.677498888103653218e+00 2.387708410491746065e+02 3.031589645055864821e+02
8.105263157894736503e-01 4.577314874731375771e-01 7.474425576518072267e-01 1.126974524240487829e+00 1.602406575033866520e+00 1.676363630100992541e+00 2.554782724171236055e+02 3.260101691533307644e+02
8.578947368421052655e-01 4.785006064495918032e-01 7.899610082044422610e-01 1.134605191053670081e+00 1.604342090286515310e+00 1.675225387926700948e+00 2.738596326431983243e+02 3.511432095907911730e+02
9.052631578947368807e-01 4.987110867977932460e-01 8.324514150877624363e-01 1.142329313865800167e+00 1.606213627547592449e+00 1.674092066206693374e+00 2.939751612958998521e+02 3.786313902426369395e+02
9.526315789473683848e-01 5.184176961563546904e-01 8.749376315123170711e-01 1.150103039173736574e+00 1.608009232187011417e+00 1.672969720255888859e+00 3.158906293653972739e+02 4.085528727714228125e+02
1.000000000000000000e+00 5.376738826171726382e-01 9.174414864537140391e-01 1.157892206486364151e+00 1.609721568328827290e+00 1.671862893765051039e+00 3.396773948606796694e+02 4.409905410974683946e+02
