1.000000000000000056e-01 6.295572049963889250e-02 9.383903544466953850e-02 1.066058872794954482e+00 1.584380166525160227e+00 1.687582966941157947e+00 1.482282224237024195e+02 1.793836417719094243e+02
1.473684210526315930e-01 9.273696014126889264e-02 1.382796202352020165e-01 1.065764630662052292e+00 1.583899277302675879e+00 1.686953881310861325e+00 1.485052805168153043e+02 1.797574802762237312e+02
1.947368421052631526e-01 1.224581824791367290e-01 1.827055374674181332e-01 1.065982145029725547e+00 1.583777227883081062e+00 1.686580999913843248e+00 1.490653968528874884e+02 1.805003187915433500e+02
2.421052631578947401e-01 1.520837956351768494e-01 2.271078732282673374e-01 1.066560246152010505e+00 1.583851540611457054e+00 1.686284662413831903e+00 1.499322268950409409e+02 1.816478133917276523e+02
2.894736842105263275e-01 1.815714975244395457e-01 2.714757973687710879e-01 1.067468774215711402e+00 1.584074164715651989e+00 1.686000819683977303e+00 1.511454240048510371e+02 1.832552057453896452e+02
3.368421052631579427e-01 2.108750137283231241e-01 3.157967162997952215e-01 1.068719572965513898e+00 1.584429153074910612e+00 1.685699794183084910e+00 1.527487867428132802e+02 1.853831905223609624e+02
3.842105263157894468e-01 2.399412762900851592e-01 3.600565095567315188e-01 1.070319430764240964e+00 1.584910608859438907e+00 1.685364946688956644e+00 1.547870382056004246e+02 1.880941376857607281e+02
4.315789473684210620e-01 2.687137317942371317e-01 4.042399244909906653e-01 1.072277133120531190e+00 1.585516234343036901e+00 1.684986729315087528e+00 1.573046868636976967e+02 1.914507024378466156e+02
4.789473684210526772e-01 2.971337310152899480e-01 4.483310088852124342e-01 1.074597466434296100e+00 1.586243521521626398e+00 1.684559471822553389e+00 1.603450308848624388e+02 1.955146873603580673e+02
5.263157894736841813e-01 3.251441119609970731e-01 4.923136541278921308e-01 1.077284349750318615e+00 1.587088418960850511e+00 1.684080245819650656e+00 1.639496016954051925e+02 2.003463405558423176e+02
5.736842105263157965e-01 3.526878864267061209e-01 5.361721173698335008e-01 1.080328767129533407e+00 1.588044690705834316e+00 1.683548269766862671e+00 1.681576749677102782e+02 2.060037812187180180e+02
6.210526315789474117e-01 3.797117904197228055e-01 5.798915181315297263e-01 1.083715962094484064e+00 1.589103946864444561e+00 1.682964731772344180e+00 1.730058107853297429e+02 2.125424339226188124e+02
6.684210526315789158e-01 4.061706875264017857e-01 6.234582666045248578e-01 1.087432489533866065e+00 1.590255745071793347e+00 1.682332367664016282e+00 1.785277204103669533e+02 2.200148408983877459e+02
7.157894736842105310e-01 4.320218670092382807e-01 6.668603745466843424e-01 1.091448170360321601e+00 1.591487682215973587e+00 1.681654839227055831e+00 1.847541685411961794e+02 2.284705169652902157e+02
7.631578947368421462e-01 4.572319666746764710e-01 7.100876059214442648e-01 1.095734573748530671e+00 1.592786333437215651e+00 1.680936918770270960e+00 1.917129107940830863e+02 2.379558686831162220e+02
8.105263157894736503e-01 4.817749560509571594e-01 7.531315241150595696e-01 1.100259607474779688e+00 1.594137663253488268e+00 1.680184000366716557e+00 1.994288345462465486e+02 2.485143255006703953e+02
8.578947368421052655e-01 5.056341592707884747e-01 7.959854114572647577e-01 1.104992964591656968e+00 1.595527488065965116e+00 1.679401743693178517e+00 2.079241415413000311e+02 2.601865287753435609e+02
9.052631578947368807e-01 5.287955992964816776e-01 8.386441190046387550e-01 1.109895114904986713e+00 1.596942367330658863e+00 1.678596202833021467e+00 2.172185944603724010e+02 2.730105732372693410e+02
9.526315789473683848e-01 5.512532697482351862e-01 8.811037918492560239e-01 1.114930489709430317e+00 1.598369304293172366e+00 1.677772926050308255e+00 2.273295407714236660e+02 2.870220227961435739e+02
1.000000000000000000e+00 5.730091209223043824e-01 9.233616472555826737e-01 1.120069141501225385e+00 1.599796649929877246e+00 1.676937424457808579e+00 2.382721852350554741e+02 3.022541442510650427e+02
