1.000000000000000056e-01 6.295080789479770567e-02 9.383816742713189940e-02 1.066135586903350196e+00 1.584513306237993913e+00 1.687700294893859310e+00 1.482867912853714358e+02 1.794605376866250310e+02
1.473684210526315930e-01 9.271757352219771320e-02 1.382762901506212339e-01 1.065937251025260935e+00 1.584039365799772003e+00 1.687019250263727788e+00 1.487009706569072591e+02 1.800098760717017967e+02
1.947368421052631526e-01 1.224128855244869807e-01 1.826983340744221251e-01 1.066315192649155419e+00 1.583951850040289377e+00 1.686602363018207207e+00 1.494495920257087107e+02 1.809917733865563321e+02
2.421052631578947401e-01 1.520017471094774753e-01 2.270964070796262224e-01 1.067096837440785428e+00 1.584074448713064243e+00 1.686262302497890886e+00 1.505434724895478951e+02 1.824241475371027263e+02
2.894736842105263275e-01 1.814458981178060093e-01 2.714618177879142835e-01 1.068236175205299121e+00 1.584350875663877112e+00 1.685934008589640820e+00 1.520080184292421848e+02 1.843422601944455437e+02
3.368421052631579427e-01 2.107070884645612929e-01 3.157853582951158922e-01 1.069730585411107215e+00 1.584758134226288417e+00 1.685588863921510860e+00 1.538709703626076362e+02 1.867841208137219269e+02
3.842105263157894468e-01 2.397433690240756143e-01 3.600575905455487558e-01 1.071568704783683268e+00 1.585284213200018666e+00 1.685212253569011498e+00 1.561595317891199954e+02 1.897871262229322440e+02
4.315789473684210620e-01 2.685146918311775432e-01 4.042691900101042513e-01 1.073749556983724540e+00 1.585920882922827291e+00 1.684796587827567693e+00 1.588996767665525454e+02 1.933872075798170727e+02
4.789473684210526772e-01 2.969804162446573192e-01 4.484112282073953737e-01 1.076261694666815094e+00 1.586660687341615805e+00 1.684338369957196768e+00 1.621157422560501402e+02 1.976184001277588891e+02
5.263157894736841813e-01 3.251041969899612361e-01 4.924754545235426328e-01 1.079097803884804696e+00 1.587495604665909665e+00 1.683836304504994441e+00 1.658303547908643623e+02 2.025127535519299045e+02
5.736842105263157965e-01 3.528522021419893684e-01 5.364545253832715410e-01 1.082243888252084396e+00 1.588416908232402891e+00 1.683290963908559368e+00 1.700645422768331798e+02 2.081004740636835777e+02
6.210526315789474117e-01 3.801926289258255043e-01 5.803421706042073414e-01 1.085677428632958463e+00 1.589414996000043878e+00 1.682704129402411430e+00 1.748378464741282130e+02 2.144100678259743233e+02
6.684210526315789158e-01 4.071022119662638938e-01 6.241332671770047913e-01 1.089384930698771514e+00 1.590479870588802580e+00 1.682078797506351142e+00 1.801682976512189498e+02 2.214683402492838979e+02
7.157894736842105310e-01 4.335578299491515408e-01 6.678239274529829128e-01 1.093338164204663343e+00 1.591600749863794517e+00 1.681418163044490877e+00 1.860729330189091115e+02 2.293009717623263555e+02
7.631578947368421462e-01 4.595431774155943616e-01 7.114114313517395649e-01 1.097513609878884466e+00 1.592766942784231698e+00 1.680726103653990222e+00 1.925677374045812655e+02 2.379324943116503164e+02
8.105263157894736503e-01 4.850459155726310478e-01 7.548941607189867398e-01 1.101885641807274885e+00 1.593967909885062317e+00 1.680006710909614842e+00 1.996679082022652096e+02 2.473866055406547559e+02
8.578947368421052655e-01 5.100578310536808546e-01 7.982714877207619519e-01 1.106428376403714831e+00 1.595193477107384794e+00 1.679264139712503878e+00 2.073880391474363307e+02 2.576863952326424965e+02
9.052631578947368807e-01 5.345768651664952742e-01 8.415436375641467404e-01 1.111120664223627985e+00 1.596434091013270606e+00 1.678502530092038425e+00 2.157422718946963585e+02 2.688545347837467716e+02
9.526315789473683848e-01 5.585999301991900756e-01 8.847115710120263543e-01 1.115933831978836555e+00 1.597681091543909693e+00 1.677725967054540801e+00 2.247445999890791484e+02 2.809136278110399871e+02
1.000000000000000000e+00 5.821301556719262749e-01 9.277767958924753033e-01 1.120846588434813551e+00 1.598926515359790468e+00 1.676938176190245322e+00 2.344087170091550263e+02 2.938860618478817059e+02
