1.000000000000000056e-01 6.283480649199564561e-02 9.381673793033461217e-02 1.070509140293710804e+00 1.585374356263553608e+00 1.687341811185059548e+00 1.511372044776892096e+02 1.830491327199341640e+02
1.473684210526315930e-01 9.242538204314725003e-02 1.382243858599055408e-01 1.071461361986246752e+00 1.585039620725255505e+00 1.686188311231075154e+00 1.530479421505546611e+02 1.855090711194030746e+02
1.947368421052631526e-01 1.218175787854599706e-01 1.825948587415068269e-01 1.073496501529883851e+00 1.585314600874903057e+00 1.685349219963566458e+00 1.558130791396048380e+02 1.890668460084764888e+02
2.421052631578947401e-01 1.509484520515433914e-01 2.269159119060047969e-01 1.076338470585408880e+00 1.585935220067144158e+00 1.684575208743612773e+00 1.594287504607702601e+02 1.937239476555959641e+02
2.894736842105263275e-01 1.797578739966393668e-01 2.711760054078636850e-01 1.079865560815664427e+00 1.586800721661791869e+00 1.683786588198438405e+00 1.639132722570984981e+02 1.995090080126460919e+02
3.368421052631579427e-01 2.081920833629448409e-01 3.153647832667798023e-01 1.084002880129163460e+00 1.587855649452805551e+00 1.682954296644428638e+00 1.692910737952318243e+02 2.064584305696711510e+02
3.842105263157894468e-01 2.362040333556601757e-01 3.594734290731430026e-01 1.088684220637104128e+00 1.589060228733024660e+00 1.682068925952183491e+00 1.755884959647376604e+02 2.146113120011043236e+02
4.315789473684210620e-01 2.637531273250714459e-01 4.034948923880158356e-01 1.093840842761738097e+00 1.590381695835654252e+00 1.681130454831565979e+00 1.828326116154955798e+02 2.240079769662071385e+02
4.789473684210526772e-01 2.908076418740161428e-01 4.474239056736238340e-01 1.099409146662886583e+00 1.591790749031696706e+00 1.680143252210378746e+00 1.910505610979786297e+02 2.346892364394123547e+02
5.263157894736841813e-01 3.173438628578315601e-01 4.912569292291456002e-01 1.105326870669235406e+00 1.593261051090359537e+00 1.679114081330022712e+00 2.002697093141616449e+02 2.466965352374383542e+02
5.736842105263157965e-01 3.433444092632811362e-01 5.349919778926491842e-01 1.111530683385187679e+00 1.594769025796302975e+00 1.678050732315620630e+00 2.105178122105483283e+02 2.600721572476002166e+02
6.210526315789474117e-01 3.687992454361738170e-01 5.786283661447119142e-01 1.117963229835009731e+00 1.596294028159411793e+00 1.676961359674621344e+00 2.218229392653525167e+02 2.748591604217382951e+02
6.684210526315789158e-01 3.937043904731235555e-01 6.221664474299645198e-01 1.124571927906783841e+00 1.597818245148318494e+00 1.675853769817375660e+00 2.342137935429355196e+02 2.911017695609290854e+02
7.157894736842105310e-01 4.180598531708068499e-01 6.656073532286568284e-01 1.131306871391512425e+00 1.599326612827444150e+00 1.674735253196023788e+00 2.477197835894700972e+02 3.088454706681002904e+02
7.631578947368421462e-01 4.418698240247156961e-01 7.089527468525625986e-01 1.138124136339878190e+00 1.600806762826217700e+00 1.673612456461152087e+00 2.623709813862999454e+02 3.281369734972186620e+02
8.105263157894736503e-01 4.651414077657389790e-01 7.522046070408716645e-01 1.144984685139241787e+00 1.602248888061760468e+00 1.672491250196479484e+00 2.781981611645970247e+02 3.490242777247660797e+02
8.578947368421052655e-01 4.878864519278904299e-01 7.953650241420701095e-01 1.151858991686392164e+00 1.603645423450977603e+00 1.671376718951769647e+00 2.952324761348793345e+02 3.715563211142433033e+02
9.052631578947368807e-01 5.101125414933040947e-01 8.384361739571567496e-01 1.158711071849957808e+00 1.604990611696486047e+00 1.670273382812907270e+00 3.135064018405543607e+02 3.957840165970138173e+02
9.526315789473683848e-01 5.318339266269954679e-01 8.814200374972543939e-01 1.165519720847124185e+00 1.606280569741747932e+00 1.669184798903631251e+00 3.330521694338382304e+02 4.217585507527792288e+02
1.000000000000000000e+00 5.530634279432474765e-01 9.243184526625733977e-01 1.172263638175322642e+00 1.607512993088882958e+00 1.668113969237420502e+00 3.539026375440259358e+02 4.495323085933395078e+02
