1.000000000000000056e-01 6.292778836617780869e-02 9.383228755523402576e-02 1.070493214533185355e+00 1.586369019348118359e+00 1.689004419635070420e+00 1.496975102231218955e+02 1.811988410808663161e+02
1.473684210526315930e-01 9.269654109779104645e-02 1.382665286872257759e-01 1.069323836161171659e+00 1.585096228454005995e+00 1.687630597292814283e+00 1.497607672205256506e+02 1.813221005790833544e+02
1.947368421052631526e-01 1.223723045082957817e-01 1.826703703695870540e-01 1.069074432205169289e+00 1.584592927433520426e+00 1.686885747506835065e+00 1.502482412126824727e+02 1.820219661062876924e+02
2.421052631578947401e-01 1.518569258036339964e-01 2.270125819486866758e-01 1.069489512716806257e+00 1.584515807277629085e+00 1.686345207268733049e+00 1.513106913229838710e+02 1.835176723358731010e+02
2.894736842105263275e-01 1.810157545385360500e-01 2.712511327584158360e-01 1.070588871286594301e+00 1.584785698507591434e+00 1.685848129175136600e+00 1.531522297242831314e+02 1.860957828137870251e+02
3.368421052631579427e-01 2.096862263358568457e-01 3.153370893736012204e-01 1.072448812566707321e+00 1.585391614221845158e+00 1.685313294844187348e+00 1.559883161167348078e+02 1.900572647151909109e+02
3.842105263157894468e-01 2.376969827380239764e-01 3.592208166209542308e-01 1.075144993209078192e+00 1.586333909473282677e+00 1.684695941439275702e+00 1.600227636785984942e+02 1.956878776158658582e+02
4.315789473684210620e-01 2.648886759311938621e-01 4.028590623326395170e-01 1.078716958186640928e+00 1.587601607727212372e+00 1.683973367037764346e+00 1.654327803607349665e+02 2.032388661257356262e+02
4.789473684210526772e-01 2.911325817490025836e-01 4.462210442907558750e-01 1.083154091240024819e+00 1.589166070568345912e+00 1.683139385229755813e+00 1.723621954231951463e+02 2.129181455492220607e+02
5.263157894736841813e-01 3.163413617774195608e-01 4.892918930835780111e-01 1.088395295786932282e+00 1.590981638694451084e+00 1.682199855705762470e+00 1.809219684748147472e+02 2.248909247654382852e+02
5.736842105263157965e-01 3.404753299121181520e-01 5.320730247384928280e-01 1.094351685710369892e+00 1.592992236400743167e+00 1.681169231726441504e+00 1.911967002560895992e+02 2.392879134211184748e+02
6.210526315789474117e-01 3.635332199410024057e-01 5.745799786285011868e-01 1.100905317162801156e+00 1.595138184462690178e+00 1.680066072477119032e+00 2.032535873797874046e+02 2.562166747338328037e+02
6.684210526315789158e-01 3.855478708734881854e-01 6.168389102119723466e-01 1.107938324516457351e+00 1.597362666403829401e+00 1.678910258070876127e+00 2.171515965758389939e+02 2.757732223559910949e+02
7.157894736842105310e-01 4.065745978307266917e-01 6.588828599811145104e-01 1.115337836977911001e+00 1.599615330181884953e+00 1.677720675714877041e+00 2.329490682733569713e+02 2.980515681065951981e+02
7.631578947368421462e-01 4.266820738870534258e-01 7.007484960569962951e-01 1.123002063367196657e+00 1.601855377291930171e+00 1.676513933159002656e+00 2.507092265186176121e+02 3.231505660852245683e+02
8.105263157894736503e-01 4.459452846803140802e-01 7.424736007104373314e-01 1.130843464074019034e+00 1.604051003937466691e+00 1.675303798171110747e+00 2.705037391820038692e+02 3.511782574301071804e+02
8.578947368421052655e-01 4.644396732065422806e-01 7.840953299573666380e-01 1.138787971215702521e+00 1.606179454095255199e+00 1.674101485819741164e+00 2.924147038522236244e+02 3.822541556024461329e+02
9.052631578947368807e-01 4.822406603977291706e-01 8.256491308317445155e-01 1.146779633025419853e+00 1.608223693334252413e+00 1.672915607635218960e+00 3.165358729971300136e+02 4.165104933668705485e+02
9.526315789473683848e-01 4.994185484293561794e-01 8.671680912020481857e-01 1.154771964612383073e+00 1.610173166413914281e+00 1.671752286766939433e+00 3.429729758942881972e+02 4.540923243909347207e+02
1.000000000000000000e+00 5.160396332412966469e-01 9.086826550704613092e-01 1.162730554767107849e+00 1.612022149272983373e+00 1.670615986066586567e+00 3.718437592824820399e+02 4.951571641240266786e+02
