1.000000000000000056e-01 6.293353722594971500e-02 9.383425850112063482e-02 1.069114828614416535e+00 1.585069846088441592e+00 1.687741364864585591e+00 1.494458204061562014e+02 1.808834218610007838e+02
1.473684210526315930e-01 9.273402922053045061e-02 1.382784763310908327e-01 1.068241866459689549e+00 1.584177949181382772e+00 1.686828321972221989e+00 1.493759655032897342e+02 1.808115305524226812e+02
1.947368421052631526e-01 1.225052785292427143e-01 1.827115557134599555e-01 1.067887495127318065e+00 1.583766408120758085e+00 1.686355744392081135e+00 1.494592179684558459e+02 1.809485351772812862e+02
2.421052631578947401e-01 1.522017447077820274e-01 2.271171327185927125e-01 1.067836983540215723e+00 1.583593267204460808e+00 1.686042758596514313e+00 1.497526154670739231e+02 1.813853717915333448e+02
2.894736842105263275e-01 1.817476574117617705e-01 2.714682735033327465e-01 1.068081045722242717e+00 1.583602811330611537e+00 1.685782972793774537e+00 1.503673632218670946e+02 1.822846901285421382e+02
3.368421052631579427e-01 2.110357618978117022e-01 3.157268450804878168e-01 1.068690065217326568e+00 1.583797214099259110e+00 1.685519353402094911e+00 1.514469840564813410e+02 1.838530383247774580e+02
3.842105263157894468e-01 2.399258202666137152e-01 3.598451032887843293e-01 1.069745875195867946e+00 1.584199013087618679e+00 1.685213781517433063e+00 1.531535347669085070e+02 1.863223123188389536e+02
4.315789473684210620e-01 2.682574074097129890e-01 4.037697952734652929e-01 1.071337820631788285e+00 1.584833207902955010e+00 1.684838816902242353e+00 1.556537730769935308e+02 1.899309226130940544e+02
4.789473684210526772e-01 2.958640512391274568e-01 4.474481945716523024e-01 1.073534639715604921e+00 1.585718132914753387e+00 1.684375638548739396e+00 1.591051581479337358e+02 1.949050450531069032e+02
5.263157894736841813e-01 3.225952933003530254e-01 4.908349116995209815e-01 1.076383877200899342e+00 1.586857729582274779e+00 1.683814431169520676e+00 1.636448536322302232e+02 2.014438792518125467e+02
5.736842105263157965e-01 3.483293714322487356e-01 5.338976328270814697e-01 1.079890519437801455e+00 1.588239842768550014e+00 1.683153030414893392e+00 1.693833072511196463e+02 2.097112040657222281e+02
6.210526315789474117e-01 3.729848828016983919e-01 5.766204956093908818e-01 1.084023974674129809e+00 1.589835820960295187e+00 1.682397838179188199e+00 1.764036992484008124e+02 2.198346511886901169e+02
6.684210526315789158e-01 3.965269500101704647e-01 6.190046321436988297e-01 1.088733512261916392e+00 1.591607883004477086e+00 1.681560171225491951e+00 1.847663356333313232e+02 2.319114325915076904e+02
7.157894736842105310e-01 4.189581681976132788e-01 6.610663272804552237e-01 1.093944407388469653e+00 1.593513057349796647e+00 1.680654377713750147e+00 1.945156567198297068e+02 2.460174972114938328e+02
7.631578947368421462e-01 4.403131530900867285e-01 7.028337649796325692e-01 1.099574448671958748e+00 1.595508591812540455e+00 1.679696256471803428e+00 2.056876890628531100e+02 2.622172855882076874e+02
8.105263157894736503e-01 4.606491496182466006e-01 7.443435048892922401e-01 1.105542555353783207e+00 1.597554874120066026e+00 1.678701188814050171e+00 2.183170650169442411e+02 2.805727505350245679e+02
8.578947368421052655e-01 4.800369741494458498e-01 7.856372169006745620e-01 1.111773354188412055e+00 1.599617703701916360e+00 1.677682943075905708e+00 2.324422487317304160e+02 3.011500611598127080e+02
9.052631578947368807e-01 4.985537508447468458e-01 8.267590597555909415e-01 1.118199404411177378e+00 1.601668889775189841e+00 1.676653203077222543e+00 2.481092386587867793e+02 3.240242317257102513e+02
9.526315789473683848e-01 5.162800972344383510e-01 8.677538060063235692e-01 1.124766217520197786e+00 1.603687228225467276e+00 1.675621713260227130e+00 2.653742807261240273e+02 3.492823030524963315e+02
1.000000000000000000e+00 5.332928087334131151e-01 9.086654730984898842e-01 1.131424967269677229e+00 1.605657206761785805e+00 1.674596417461071018e+00 2.843049893639853281e+02 3.770244413198371376e+02
