1.000000000000000056e-01 6.294955865996282318e-02 9.383750976622848294e-02 1.066290154557637981e+00 1.584002788490998626e+00 1.687071715959814311e+00 1.484604146323883356e+02 1.796726668712776984e+02
1.473684210526315930e-01 9.273428255807776577e-02 1.382782129627786183e-01 1.066040550403783316e+00 1.583605272027266420e+00 1.686556903944542940e+00 1.486769809026783093e+02 1.799691155654077193e+02
1.947368421052631526e-01 1.224629768288664211e-01 1.827045380286405896e-01 1.066218572591661973e+00 1.583509648468251818e+00 1.686249558173618324e+00 1.491503149886194706e+02 1.806031496088952224e+02
2.421052631578947401e-01 1.520998503124693091e-01 2.271073173967318726e-01 1.066722932951743141e+00 1.583587757541499608e+00 1.686000042656986553e+00 1.499173693814610999e+02 1.816267755324869881e+02
2.894736842105263275e-01 1.816034641131047123e-01 2.714757271379545367e-01 1.067549443450540148e+00 1.583804183939780730e+00 1.685754262262760594e+00 1.510248165361018948e+02 1.831034164255090388e+02
3.368421052631579427e-01 2.109265808128480413e-01 3.157977032194043132e-01 1.068709052054379605e+00 1.584147905202389239e+00 1.685485812040684150e+00 1.525196489443235635e+02 1.850967163763129975e+02
3.842105263157894468e-01 2.400174369227602300e-01 3.600604609962119729e-01 1.070211951697704222e+00 1.584616275127597618e+00 1.685180526774353593e+00 1.544468011764735706e+02 1.876676976057773061e+02
4.315789473684210620e-01 2.688246596925158993e-01 4.042510865279212440e-01 1.072074633062466198e+00 1.585207136701783259e+00 1.684829920466696107e+00 1.568481999480699471e+02 1.908736123753385243e+02
4.789473684210526772e-01 2.972958960742661527e-01 4.483571169555126690e-01 1.074300394726947383e+00 1.585917577692322666e+00 1.684429183608866731e+00 1.597622590903324067e+02 1.947673711024908698e+02
5.263157894736841813e-01 3.253828352251316169e-01 4.923670954210111472e-01 1.076891168719821712e+00 1.586742722520165572e+00 1.683976291087033061e+00 1.632236543840433569e+02 1.993972833509165525e+02
5.736842105263157965e-01 3.530415078728021960e-01 5.362710897407491073e-01 1.079841178231507826e+00 1.587675430758555439e+00 1.683471401392774069e+00 1.672635937267471036e+02 2.048073471707080841e+02
6.210526315789474117e-01 3.802328777883771105e-01 5.800609861611674134e-01 1.083135356782207959e+00 1.588706195944710631e+00 1.682916032738796419e+00 1.719096669685271763e+02 2.110371533091364995e+02
6.684210526315789158e-01 4.069257230845091944e-01 6.237307573535367800e-01 1.086756144384958045e+00 1.589823678663662587e+00 1.682313284729802794e+00 1.771864544686413012e+02 2.181225702661769219e+02
7.157894736842105310e-01 4.330928196591609658e-01 6.672765158324047707e-01 1.090673438780461524e+00 1.591015278864424065e+00 1.681667090002650022e+00 1.831158695570887289e+02 2.260961915976832017e+02
7.631578947368421462e-01 4.587186992938628305e-01 7.106964568969970086e-01 1.094865330944353010e+00 1.592267603278353372e+00 1.680982068377761207e+00 1.897176403873070285e+02 2.349879276363123211e+02
8.105263157894736503e-01 4.837895834011693985e-01 7.539906662534159310e-01 1.099296104537095697e+00 1.593567390990771937e+00 1.680263541944400085e+00 1.970097264719229599e+02 2.448255459310948936e+02
8.578947368421052655e-01 5.083022377427895977e-01 7.971609358247024879e-01 1.103938553604494555e+00 1.594901350360782732e+00 1.679516517309604717e+00 2.050089881489021764e+02 2.556354450939480216e+02
9.052631578947368807e-01 5.322573248749240538e-01 8.402104351470028876e-01 1.108762056348473912e+00 1.596257097010333137e+00 1.678746210351289569e+00 2.137314256911857910e+02 2.674429996799617015e+02
9.526315789473683848e-01 5.556599033670220900e-01 8.831434464759825298e-01 1.113736424399799585e+00 1.597623177014571461e+00 1.677957635302964379e+00 2.231926324834407467e+02 2.802730948283995076e+02
1.000000000000000000e+00 5.785187622340933755e-01 9.259650783997613877e-01 1.118832925237692733e+00 1.598989308919231300e+00 1.677155518641070708e+00 2.334080785776766902e+02 2.941504819629038820e+02
