1.000000000000000056e-01 6.295531026921702411e-02 9.383887182355360457e-02 1.066774105566740793e+00 1.584991583418027483e+00 1.688171148360355645e+00 1.483567931612654149e+02 1.795401493650912812e+02
1.473684210526315930e-01 9.273469986141508192e-02 1.382789816126571703e-01 1.066256456516598616e+00 1.584299742094410712e+00 1.687330628850641112e+00 1.486082508760241296e+02 1.798844705197011535e+02
1.947368421052631526e-01 1.224515191526808905e-01 1.827034776149313589e-01 1.066372521497523040e+00 1.584076651104373124e+00 1.686851566922474177e+00 1.491674324815117529e+02 1.806295346537930584e+02
2.421052631578947401e-01 1.520671715296910975e-01 2.271022179803203200e-01 1.066909622305065808e+00 1.584097352851737028e+00 1.686489554881762221e+00 1.500558130478158603e+02 1.818100390147210987e+02
2.894736842105263275e-01 1.815336238954139148e-01 2.714624024924131018e-01 1.067817654431531427e+00 1.584294965022950308e+00 1.686158330521549509e+00 1.513189263691751592e+02 1.834904639826187633e+02
3.368421052631579427e-01 2.107953773121618857e-01 3.157686126098236401e-01 1.069097816999970307e+00 1.584646727715929737e+00 1.685817830686941132e+00 1.530099478471281884e+02 1.857454681801737024e+02
3.842105263157894468e-01 2.397890468178175138e-01 3.600029880438347374e-01 1.070760673575364530e+00 1.585144528131893660e+00 1.685445718450918395e+00 1.551849418859478646e+02 1.886543022336058755e+02
4.315789473684210620e-01 2.684472533152195695e-01 4.041456355009786505e-01 1.072825243670056494e+00 1.585785846772295615e+00 1.685029117811436716e+00 1.579009929694855998e+02 1.922985702068696128e+02
4.789473684210526772e-01 2.966965968604552972e-01 4.481751522015066658e-01 1.075295531859423281e+00 1.586567736760031044e+00 1.684559802842306553e+00 1.612144799605296157e+02 1.967602386109098234e+02
5.263157894736841813e-01 3.244642918327089731e-01 4.920693646193436965e-01 1.078175464260050065e+00 1.587485869128785421e+00 1.684033598136177368e+00 1.651800463393023222e+02 2.021203426931821241e+02
5.736842105263157965e-01 3.516772321385002176e-01 5.358060792506245118e-01 1.081453338706510614e+00 1.588533055474709466e+00 1.683449332824145550e+00 1.698493842338548916e+02 2.084575316864020067e+02
6.210526315789474117e-01 3.782686470239658427e-01 5.793638467592301389e-01 1.085114375960974487e+00 1.589698696802352096e+00 1.682808071449234610e+00 1.752702995791176761e+02 2.158468872097306246e+02
6.684210526315789158e-01 4.041785756325435575e-01 6.227226207982449191e-01 1.089134317904757454e+00 1.590969490234180217e+00 1.682113067057868561e+00 1.814860405689098570e+02 2.243590445426374913e+02
7.157894736842105310e-01 4.293553568062724035e-01 6.658642437748113485e-01 1.093479966655222624e+00 1.592329714908935712e+00 1.681369225188931615e+00 1.885348239196215729e+02 2.340595318434474450e+02
7.631578947368421462e-01 4.537561432474315204e-01 7.087727259521514611e-01 1.098109697561379772e+00 1.593761989563128090e+00 1.680582581077607607e+00 1.964495722136870199e+02 2.450083351405307894e+02
8.105263157894736503e-01 4.773508606719084058e-01 7.514342738808155175e-01 1.102983520695184794e+00 1.595248188103234988e+00 1.679760220110412039e+00 2.052577318259773165e+02 2.572595637558880526e+02
8.578947368421052655e-01 5.001182913150383769e-01 7.938372087271694522e-01 1.108056014245856868e+00 1.596770088439251056e+00 1.678909491796134690e+00 2.149814972939440736e+02 2.708615008347125581e+02
9.052631578947368807e-01 5.220463684418424899e-01 8.359716669251602283e-01 1.113280884519563640e+00 1.598310451398295085e+00 1.678037770687861974e+00 2.256377944609078270e+02 2.858563857485908670e+02
9.526315789473683848e-01 5.431321774496518096e-01 8.778292186401519537e-01 1.118614490616255619e+00 1.599853492423403134e+00 1.677152243202703508e+00 2.372383488554997939e+02 3.022802369370123756e+02
1.000000000000000000e+00 5.633796782879372245e-01 9.194024728782546063e-01 1.124014891955979589e+00 1.601385076872228641e+00 1.676259631872475175e+00 2.497897639809616521e+02 3.201625962481658689e+02
