1.000000000000000056e-01 6.295130345205252054e-02 9.383782375961226274e-02 1.066095598355862428e+00 1.583659873636762416e+00 1.686711682901414155e+00 1.484473417698557114e+02 1.796543999985786115e+02
1.473684210526315930e-01 9.274525503443009633e-02 1.382799055747980232e-01 1.065858744609036846e+00 1.583338697005232998e+00 1.686315266742637098e+00 1.485765351246575960e+02 1.798389695925735623e+02
1.947368421052631526e-01 1.224880319709756998e-01 1.827072866906094273e-01 1.065962907517312264e+00 1.583260991221808744e+00 1.686078925428771580e+00 1.489280352190004066e+02 1.803216680742471567e+02
2.421052631578947401e-01 1.521394075747664054e-01 2.271086285500739099e-01 1.066363030686732882e+00 1.583337052104270004e+00 1.685881689573259345e+00 1.495646855690555412e+02 1.811890442942468269e+02
2.894736842105263275e-01 1.816493499119172239e-01 2.714703385692705528e-01 1.067080903113100554e+00 1.583548625960542910e+00 1.685676667966174547e+00 1.505569494118291516e+02 1.825359335955841686e+02
3.368421052631579427e-01 2.109596137033134533e-01 3.157776746207563989e-01 1.068144274194957166e+00 1.583895182324944084e+00 1.685439739195147890e+00 1.519729796471739576e+02 1.844532022727003948e+02
3.842105263157894468e-01 2.400099484535508643e-01 3.600160128775678481e-01 1.069586185382725985e+00 1.584380255490352107e+00 1.685156354739455908e+00 1.538749171717022080e+02 1.870231230503805477e+02
4.315789473684210620e-01 2.687429933708984087e-01 4.041720894560411614e-01 1.071438565730125303e+00 1.585005385432022518e+00 1.684818158589918680e+00 1.563169260857752363e+02 1.903169990090083559e+02
4.789473684210526772e-01 2.971036580274840633e-01 4.482351351969797726e-01 1.073710267944113061e+00 1.585768317802763505e+00 1.684420792107479192e+00 1.593447413839952844e+02 1.943946175868391890e+02
5.263157894736841813e-01 3.250462925719574958e-01 4.921976808906441403e-01 1.076404484324689159e+00 1.586662351990386188e+00 1.683962999498287427e+00 1.629955539278305707e+02 1.993042380804718618e+02
5.736842105263157965e-01 3.525350823491554819e-01 5.360560700834403614e-01 1.079512295003103306e+00 1.587676971729067965e+00 1.683445968533084036e+00 1.672989146115119468e+02 2.050837536018403284e+02
6.210526315789474117e-01 3.795443971670697247e-01 5.798105768097590040e-01 1.083012973778579635e+00 1.588798227228780835e+00 1.682873025382018994e+00 1.722778697817840623e+02 2.117621838977355253e+02
6.684210526315789158e-01 4.060604498957848252e-01 6.234651807974417315e-01 1.086880646117210247e+00 1.590010258691172407e+00 1.682249032988534232e+00 1.779501263873657990e+02 2.193612105987509722e+02
7.157894736842105310e-01 4.320797988416005819e-01 6.670271696643176318e-01 1.091083690649134796e+00 1.591295809002577055e+00 1.681579410069272473e+00 1.843296648073855977e+02 2.278971690829011436e+02
7.631578947368421462e-01 4.576081370315270846e-01 7.105065092620036493e-01 1.095587496403731986e+00 1.592637568745102872e+00 1.680870230989161218e+00 1.914277991077326533e+02 2.373824364197407704e+02
8.105263157894736503e-01 4.826589322802689042e-01 7.539151949160296518e-01 1.100356573758953793e+00 1.594018834637080051e+00 1.680127708050421553e+00 1.992542504656613289e+02 2.478267709063445920e+02
8.578947368421052655e-01 5.072518259445966127e-01 7.972666005233695063e-01 1.105355855343088667e+00 1.595423970049493878e+00 1.679357838639768730e+00 2.078179802736154898e+02 2.592383561822645675e+02
9.052631578947368807e-01 5.314123364931334637e-01 8.405748859731791978e-01 1.110553990767138899e+00 1.596838794480798684e+00 1.678566216020597412e+00 2.171277870099567622e+02 2.716245445258881546e+02
9.526315789473683848e-01 5.551680615295743193e-01 8.838544965698975631e-01 1.115919288776760609e+00 1.598250848483948605e+00 1.677757972318467239e+00 2.271927565238767102e+02 2.849924079337037028e+02
1.000000000000000000e+00 5.785470276385225041e-01 9.271197260495200876e-01 1.121420045222515816e+00 1.599649502182802996e+00 1.676937876395137472e+00 2.380224117768092071e+02 2.993489446831137002e+02
