1.000000000000000056e-01 6.283573469501758935e-02 9.381548771839870460e-02 1.072717623693733024e+00 1.586761396277885927e+00 1.688601893184434877e+00 1.515796907861096372e+02 1.835885976993815802e+02
1.473684210526315930e-01 9.243870329337904035e-02 1.382222794828925072e-01 1.072914927414906572e+00 1.585846854935089034e+00 1.686965685202691079e+00 1.531827259998192972e+02 1.856728722105376050e+02
1.947368421052631526e-01 1.218391384721657089e-01 1.825864917793066922e-01 1.074454153492910402e+00 1.585814440902823197e+00 1.685906216775568955e+00 1.556886077498909344e+02 1.889275491976918886e+02
2.421052631578947401e-01 1.509516157256859670e-01 2.268881122181285737e-01 1.076952688503481026e+00 1.586261972949962740e+00 1.685010258862376986e+00 1.591367491449654494e+02 1.934173378778269807e+02
2.894736842105263275e-01 1.796856565354861546e-01 2.711049565270293171e-01 1.080285256459149190e+00 1.587049935172506698e+00 1.684138155858977859e+00 1.636024730445806767e+02 1.992524041131954959e+02
3.368421052631579427e-01 2.079474298102264307e-01 3.152136833042473718e-01 1.084375848269452547e+00 1.588109846268524583e+00 1.683232882577693879e+00 1.691709709913253619e+02 2.065571431641161269e+02
3.842105263157894468e-01 2.356466286444407476e-01 3.591909536998938446e-01 1.089164763610864783e+00 1.589395092675889964e+00 1.682270489495848231e+00 1.759293999661881855e+02 2.154607198702023538e+02
4.315789473684210620e-01 2.626998175149758974e-01 4.030145115442210768e-01 1.094586530090355669e+00 1.590865758910580130e+00 1.681243711121582995e+00 1.839631482991194105e+02 2.260926635557958377e+02
4.789473684210526772e-01 2.890348429164373845e-01 4.466640892878647739e-01 1.100569421469760334e+00 1.592483675047586145e+00 1.680154626320663480e+00 1.933540879099277561e+02 2.385807575541260235e+02
5.263157894736841813e-01 3.145903110886540399e-01 4.901219660481307971e-01 1.107026196199525359e+00 1.594211278147815047e+00 1.679010657225798564e+00 2.041793952166200086e+02 2.530496285871458610e+02
5.736842105263157965e-01 3.393207698878341616e-01 5.333731601625352203e-01 1.113872157638085891e+00 1.596012455087528537e+00 1.677822422914661660e+00 2.165109579009082665e+02 2.696200107800062256e+02
6.210526315789474117e-01 3.631927750424880363e-01 5.764053076768341777e-01 1.121015868569302354e+00 1.597853568692111592e+00 1.676601998267538862e+00 2.304151777867084832e+02 2.884084281533667991e+02
6.684210526315789158e-01 3.861858369070199082e-01 6.192082792257461721e-01 1.128369551473584753e+00 1.599704545673866773e+00 1.675361846904136032e+00 2.459526887470732959e+02 3.095267398230664071e+02
7.157894736842105310e-01 4.082926487573761976e-01 6.617736477079345647e-01 1.135855484173215579e+00 1.601538948442700505e+00 1.674113815618192724e+00 2.631780327998367284e+02 3.330815644775862552e+02
7.631578947368421462e-01 4.295140294772221146e-01 7.040941240605153029e-01 1.143399880670559199e+00 1.603336041193591743e+00 1.672868865965438934e+00 2.821394467122417495e+02 3.591737251504121673e+02
8.105263157894736503e-01 4.498584513980325994e-01 7.461629979045368843e-01 1.150937826828491106e+00 1.605078866778729019e+00 1.671636320235480255e+00 3.028782517900071412e+02 3.878971038488400040e+02
8.578947368421052655e-01 4.693395257414226807e-01 7.879736397680949800e-01 1.158412185090058832e+00 1.606754867219522209e+00 1.670424117306821943e+00 3.254281517126541985e+02 4.193372368887310131e+02
9.052631578947368807e-01 4.879759598211796945e-01 8.295190702928594284e-01 1.165776467026717444e+00 1.608354696642207760e+00 1.669238893311175476e+00 3.498141590520315276e+02 4.535692797681833213e+02
9.526315789473683848e-01 5.057897980244434599e-01 8.707916418488077515e-01 1.172993004507587589e+00 1.609872598380216013e+00 1.668085942618629858e+00 3.760516655190959909e+02 4.906558908889843451e+02
1.000000000000000000e+00 5.228037634867107597e-01 9.117828127045893849e-01 1.180029640859046047e+00 1.611305477017266119e+00 1.666969437308023272e+00 4.041453704430930998e+02 5.306446350782457557e+02
