1.000000000000000056e-01 6.297377536997128544e-02 9.384308735788560174e-02 1.065098360551374634e+00 1.583817759174081852e+00 1.687175214221722008e+00 1.478131728286927284e+02 1.788569832113129223e+02
1.473684210526315930e-01 9.279775603581714993e-02 1.382930853988262043e-01 1.064700522015113560e+00 1.583424969021847595e+00 1.686772709067981602e+00 1.477846443033309072e+02 1.788296068786178239e+02
1.947368421052631526e-01 1.226058894935822402e-01 1.827378481532310750e-01 1.064544859607554184e+00 1.583249443261744549e+00 1.686563284643279426e+00 1.478378648413510632e+02 1.789118872552859330e+02
2.421052631578947401e-01 1.523803039915438140e-01 2.271709342377003504e-01 1.064544336975209227e+00 1.583182078013810612e+00 1.686422510989968204e+00 1.479934477839505576e+02 1.791366859648155128e+02
2.894736842105263275e-01 1.820914424386305130e-01 2.715824144427219644e-01 1.064689112839745544e+00 1.583196107860717516e+00 1.686303825575864446e+00 1.482930626018013811e+02 1.795638519550910530e+02
3.368421052631579427e-01 2.116968069296314703e-01 3.159586126114342086e-01 1.064994589833202054e+00 1.583290390122614522e+00 1.686183316746352689e+00 1.487894409895597505e+02 1.802678216282797052e+02
3.842105263157894468e-01 2.411441994370556174e-01 3.602822074275785491e-01 1.065501347151001532e+00 1.583473372717673522e+00 1.686045197056882605e+00 1.495421497392313768e+02 1.813321524629403712e+02
4.315789473684210620e-01 2.703677367794224962e-01 4.045327379038498039e-01 1.066241330515965924e+00 1.583755539773557208e+00 1.685876084491719107e+00 1.506147089878415670e+02 1.828456833057489916e+02
4.789473684210526772e-01 2.992972962876539467e-01 4.486875341620638058e-01 1.067264058349226552e+00 1.584150533930174465e+00 1.685667380836826990e+00 1.520717814014016938e+02 1.848987797556106614e+02
5.263157894736841813e-01 3.278530137608957062e-01 4.927229857601748697e-01 1.068596511614487099e+00 1.584668404053757307e+00 1.685410857047314970e+00 1.539766707035917932e+02 1.875800211601869592e+02
5.736842105263157965e-01 3.559567336223575240e-01 5.366160661362938677e-01 1.070269807554074859e+00 1.585316015867369588e+00 1.685100532013128261e+00 1.563889629872582248e+02 1.909730825162640429e+02
6.210526315789474117e-01 3.835354775822285567e-01 5.803458982069400474e-01 1.072308419258724888e+00 1.586097048015019606e+00 1.684733355550920519e+00 1.593627686343200764e+02 1.951544259522011089e+02
6.684210526315789158e-01 4.105209140588521599e-01 6.238951550393083689e-01 1.074716944049522338e+00 1.587009223118396095e+00 1.684307911973033756e+00 1.629455529753578276e+02 2.001917857574318020e+02
7.157894736842105310e-01 4.368579180182785016e-01 6.672511302925583365e-01 1.077494402911351568e+00 1.588046371797992684e+00 1.683825110121102808e+00 1.671776771201741951e+02 2.061435737864124178e+02
7.631578947368421462e-01 4.625051666165777009e-01 7.104063818711082723e-01 1.080630217585319075e+00 1.589197891303025578e+00 1.683287548762449903e+00 1.720927275818128805e+02 2.130592797326264076e+02
8.105263157894736503e-01 4.874355404113108192e-01 7.533588749823058039e-01 1.084104731608847461e+00 1.590450378071821325e+00 1.682699627569107514e+00 1.777183315909831833e+02 2.209805262859289883e+02
8.578947368421052655e-01 5.116359687126810218e-01 7.961117219554081359e-01 1.087891508629660997e+00 1.591787664734784169e+00 1.682066620666295975e+00 1.840773302535438916e+02 2.299425649081567542e+02
9.052631578947368807e-01 5.351048400694664586e-01 8.386725990370814676e-01 1.091957336449389748e+00 1.593192891952977641e+00 1.681394653327116906e+00 1.911890783106097729e+02 2.399759400407754413e+02
9.526315789473683848e-01 5.578540834618174182e-01 8.810529854098114733e-01 1.096271748523107048e+00 1.594649347149183605e+00 1.680689989035421661e+00 1.990707909325744254e+02 2.511081988563153971e+02
1.000000000000000000e+00 5.799037661992507697e-01 9.232673546109388951e-01 1.100802276187341722e+00 1.596141259167365600e+00 1.679959034772184889e+00 2.077388293354568418e+02 2.633654989395803909e+02
