1.000000000000000056e-01 6.298586857871132927e-02 9.384558718021698831e-02 1.064483433778132371e+00 1.583984703728492427e+00 1.687537872797823413e+00 1.474191277589734739e+02 1.783658244207073267e+02
1.473684210526315930e-01 9.281107362002494199e-02 1.382953467858357710e-01 1.064040086269638641e+00 1.583563076907965383e+00 1.687100404434887846e+00 1.474018947731558455e+02 1.783572946741768703e+02
1.947368421052631526e-01 1.226107718916181477e-01 1.827365936153811099e-01 1.063907015937672895e+00 1.583390015913320070e+00 1.686868674634194987e+00 1.475111644102134107e+02 1.785191321064424983e+02
2.421052631578947401e-01 1.523552029061848445e-01 2.271596518362480055e-01 1.063978582490397118e+00 1.583349903144948723e+00 1.686704413671161085e+00 1.477837085359437310e+02 1.789073161607400664e+02
2.894736842105263275e-01 1.820010706194490624e-01 2.715503435436574242e-01 1.064262885213716592e+00 1.583418440974604602e+00 1.686555000044204444e+00 1.482824415193834113e+02 1.796109287917331301e+02
3.368421052631579427e-01 2.114903109738504039e-01 3.158901253059889225e-01 1.064796892365294623e+00 1.583598422453426746e+00 1.686391878193719274e+00 1.490822168038965003e+02 1.807344409860806991e+02
3.842105263157894468e-01 2.407500491486588012e-01 3.601567962779228527e-01 1.065622843929022068e+00 1.583901622318853342e+00 1.686196224796208343e+00 1.502634367094955508e+02 1.823894524710890437e+02
4.315789473684210620e-01 2.696998081929526392e-01 4.043257957481720122e-01 1.066794340570208721e+00 1.584341878975236373e+00 1.685954470408179251e+00 1.519073937818241689e+02 1.846885391089253119e+02
4.789473684210526772e-01 2.982522575863389980e-01 4.483719435017143873e-01 1.068350903898537929e+00 1.584930836739281590e+00 1.685655925326255078e+00 1.540924889466189427e+02 1.877402787343006594e+02
5.263157894736841813e-01 3.263213707164659416e-01 4.922714279343768928e-01 1.070326065571064467e+00 1.585675305454762762e+00 1.685293849571699809e+00 1.568909377256183006e+02 1.916449630919160256e+02
5.736842105263157965e-01 3.538276062997676163e-01 5.360037827277438494e-01 1.072740255415218114e+00 1.586575841954081856e+00 1.684864851864699586e+00 1.603668157603284783e+02 1.964920137326256224e+02
6.210526315789474117e-01 3.807026660759654790e-01 5.795534879715374954e-01 1.075597192221565246e+00 1.587627400830985414e+00 1.684367730492479565e+00 1.645748190862563263e+02 2.023584218913526911e+02
6.684210526315789158e-01 4.068939355028315941e-01 6.229110370141213160e-01 1.078888864313384488e+00 1.588818071424256573e+00 1.683805013704601672e+00 1.695603446396384584e+02 2.093088498937747488e+02
7.157894736842105310e-01 4.323669669806003424e-01 6.660733937393258364e-01 1.082597393696755006e+00 1.590132413209580653e+00 1.683181537043085374e+00 1.753606354634394222e+02 2.173970521833091425e+02
7.631578947368421462e-01 4.571018234871467856e-01 7.090437407577336870e-01 1.086688127618192334e+00 1.591550949053435193e+00 1.682503377678859158e+00 1.820061224137949125e+02 2.266676577263541503e+02
8.105263157894736503e-01 4.810964725206441917e-01 7.518308357858929369e-01 1.091125364782473461e+00 1.593052777908211093e+00 1.681777828107199779e+00 1.895224502429288123e+02 2.371587106940247907e+02
8.578947368421052655e-01 5.043617859900567657e-01 7.944480648606140338e-01 1.095867983626902076e+00 1.594616771830305035e+00 1.681012555697759758e+00 1.979323974672411168e+02 2.489040833940987056e+02
9.052631578947368807e-01 5.269191550346821185e-01 8.369123500201433030e-01 1.100873699258586136e+00 1.596222592031752319e+00 1.680215583444326422e+00 2.072575508569036913e+02 2.619355918165193202e+02
9.526315789473683848e-01 5.487987298401950653e-01 8.792430962287406393e-01 1.106102171910106069e+00 1.597851648827293802e+00 1.679394278654457562e+00 2.175197336689919609e+02 2.762847653263334564e+02
1.000000000000000000e+00 5.700349214976191403e-01 9.214612527300977129e-01 1.111512810913477090e+00 1.599487221452265295e+00 1.678555437585041332e+00 2.287420781560219325e+02 2.919841464665460080e+02
