1.000000000000000056e-01 6.293067308859842668e-02 9.383511374761502322e-02 1.066243504498370243e+00 1.583834001576350792e+00 1.686769817498251278e+00 1.487523759695142189e+02 1.800445566947293230e+02
1.473684210526315930e-01 9.268354083676466626e-02 1.382727567010783032e-01 1.066443180672010271e+00 1.583623838531253325e+00 1.686293281707044400e+00 1.493410272059338695e+02 1.808039511734009750e+02
1.947368421052631526e-01 1.223682625993930684e-01 1.826972018534551989e-01 1.067056642955676482e+00 1.583669456010961651e+00 1.685966837162398146e+00 1.502139582240756681e+02 1.819288513304426544e+02
2.421052631578947401e-01 1.519600486220961943e-01 2.271027349956824537e-01 1.067987899126482398e+00 1.583860553936881743e+00 1.685676822322843549e+00 1.513721119228985401e+02 1.834235246549230283e+02
2.894736842105263275e-01 1.814299209624658238e-01 2.714828468426684904e-01 1.069198980117138209e+00 1.584161066530521023e+00 1.685383914787452087e+00 1.528286464576580954e+02 1.853073270888036177e+02
3.368421052631579427e-01 2.107467935758403632e-01 3.158302678983757050e-01 1.070677347488785847e+00 1.584556552897004478e+00 1.685071108978239529e+00 1.546009986017578228e+02 1.876051379974477982e+02
3.842105263157894468e-01 2.398782220134818843e-01 3.601370521434740790e-01 1.072420361477872675e+00 1.585039648244154220e+00 1.684729501916810923e+00 1.567086863454622687e+02 1.903446939011347752e+02
4.315789473684210620e-01 2.687893062583717185e-01 4.043946541649556803e-01 1.074422810763794534e+00 1.585605844693134703e+00 1.684354380059309708e+00 1.591722367996608511e+02 1.935553474910134923e+02
4.789473684210526772e-01 2.974466572014334287e-01 4.485940864107624826e-01 1.076688841761370252e+00 1.586251589030047926e+00 1.683943333103991691e+00 1.620129103532451893e+02 1.972676969354847927e+02
5.263157894736841813e-01 3.258136456222117117e-01 4.927260335705860306e-01 1.079209359707081983e+00 1.586972992145012196e+00 1.683495156203224319e+00 1.652521646514598785e+02 2.015129980265186589e+02
5.736842105263157965e-01 3.538554752867327235e-01 5.367810378368973456e-01 1.081979435637550502e+00 1.587765876280127220e+00 1.683009842669212830e+00 1.689115280150441265e+02 2.063229837886422899e+02
6.210526315789474117e-01 3.815378500375856130e-01 5.807496572449226679e-01 1.084990362941544717e+00 1.588625346371170810e+00 1.682488121623867627e+00 1.730123309505169971e+02 2.117295558184063680e+02
6.684210526315789158e-01 4.088255608851877887e-01 6.246225894424485281e-01 1.088225397426556995e+00 1.589546070101046427e+00 1.681931724936288841e+00 1.775754545470060748e+02 2.177645189114810762e+02
7.157894736842105310e-01 4.356893273495190955e-01 6.683908627089975019e-01 1.091675856504485509e+00 1.590521646666820166e+00 1.681342413025933347e+00 1.826213017619323296e+02 2.244594934729755380e+02
7.631578947368421462e-01 4.621003421343432560e-01 7.120459060649932947e-01 1.095325697377353524e+00 1.591545396666597112e+00 1.680722709804128412e+00 1.881695571087322492e+02 2.318456745772991212e+02
8.105263157894736503e-01 4.880324251196120344e-01 7.555796598648495399e-01 1.099156893809913216e+00 1.592610210817590133e+00 1.680075434940250689e+00 1.942391466486864715e+02 2.399537571223366967e+02
8.578947368421052655e-01 5.134621710493870728e-01 7.989846239112874393e-01 1.103149697552280539e+00 1.593708740509833799e+00 1.679403656868463157e+00 2.008481304119444815e+02 2.488138083044620146e+02
9.052631578947368807e-01 5.383704640205193570e-01 8.422538679796851557e-01 1.107285612990486001e+00 1.594833529759352775e+00 1.678710586733237919e+00 2.080135629317626069e+02 2.584551003605033088e+02
9.526315789473683848e-01 5.627427369509709898e-01 8.853810469201034428e-01 1.111547762090615565e+00 1.595977424479408047e+00 1.677999721756959106e+00 2.157515939402510412e+02 2.689062043539247497e+02
1.000000000000000000e+00 5.865655386187123010e-01 9.283603526514032644e-01 1.115914911990796732e+00 1.597133250279823002e+00 1.677274307751194682e+00 2.240772582575329466e+02 2.801947295970796290e+02
