1.000000000000000056e-01 6.292847626657169235e-02 9.383289421427218335e-02 1.068326563419608410e+00 1.584422990463559167e+00 1.687102942701832475e+00 1.493481962251555615e+02 1.807734117835993004e+02
1.473684210526315930e-01 9.270791740329425989e-02 1.382721706760356439e-01 1.067841904462205616e+00 1.583815993834118085e+00 1.686400630710087833e+00 1.494874212624109191e+02 1.809728008601629767e+02
1.947368421052631526e-01 1.224352078673047600e-01 1.826971643579177462e-01 1.067855882263154976e+00 1.583602231876785948e+00 1.686006148342814592e+00 1.498762553569349905e+02 1.815018736039334328e+02
2.421052631578947401e-01 1.520719355666994010e-01 2.270974930367672673e-01 1.068219852078920340e+00 1.583599991100009152e+00 1.685710914213175871e+00 1.505563818326388912e+02 1.824204657564632441e+02
2.894736842105263275e-01 1.815714082133419727e-01 2.714603261141280144e-01 1.068920146321841180e+00 1.583758272667416866e+00 1.685439326894023093e+00 1.515850565049998124e+02 1.838071424045633364e+02
3.368421052631579427e-01 2.108794621596505603e-01 3.157708914060000649e-01 1.069974054788204398e+00 1.584062045298221921e+00 1.685155134818949296e+00 1.530222852617994249e+02 1.857437175705749439e+02
3.842105263157894468e-01 2.399345006110763234e-01 3.600131303419879525e-01 1.071396246548653952e+00 1.584507790278537831e+00 1.684838179565780525e+00 1.549266697451020605e+02 1.883102547498235140e+02
4.315789473684210620e-01 2.686744655479527677e-01 4.041705332871977641e-01 1.073211024538491598e+00 1.585094163555325508e+00 1.684475891949941850e+00 1.573536158450180835e+02 1.915828338811661524e+02
4.789473684210526772e-01 2.970347422618858646e-01 4.482270098975329464e-01 1.075424560027246956e+00 1.585818973708294832e+00 1.684060913426840278e+00 1.603541910546686609e+02 1.956321729548371309e+02
5.263157894736841813e-01 3.249569116260628832e-01 4.921677556765342021e-01 1.078046548183779318e+00 1.586677582185265223e+00 1.683589732977642806e+00 1.639744926877295939e+02 2.005228424743290532e+02
5.736842105263157965e-01 3.523868817529666186e-01 5.359800252692944467e-01 1.081071669125016399e+00 1.587661956738194435e+00 1.683061516027653637e+00 1.682555899509324320e+02 2.063131660823758580e+02
6.210526315789474117e-01 3.792780254998003864e-01 5.796536607254404450e-01 1.084484588914330416e+00 1.588760976336281994e+00 1.682477745893995014e+00 1.732334281529243185e+02 2.130551495931836428e+02
6.684210526315789158e-01 4.055924007437824441e-01 6.231814540159118510e-01 1.088261265269765410e+00 1.589961039267534293e+00 1.681841782697340193e+00 1.789394242941955895e+02 2.207951760531677508e+02
7.157894736842105310e-01 4.313023702820317773e-01 6.665592233302056746e-01 1.092373127219762541e+00 1.591246619395223494e+00 1.681158250850408820e+00 1.854010091228998931e+02 2.295746956398028829e+02
7.631578947368421462e-01 4.563900987787468666e-01 7.097857026723233265e-01 1.096787455829528968e+00 1.592601316107876031e+00 1.680432727036990093e+00 1.926424399759993094e+02 2.394312191860921359e+02
8.105263157894736503e-01 4.808447648791572826e-01 7.528622420146132699e-01 1.101464673305071251e+00 1.594008565185674353e+00 1.679671333187392257e+00 2.006855025890449440e+02 2.503992018941370077e+02
8.578947368421052655e-01 5.046667923630752117e-01 7.957924159548243059e-01 1.106371254278607275e+00 1.595452170310932116e+00 1.678880405592288572e+00 2.095502946362636862e+02 2.625110129618536803e+02
9.052631578947368807e-01 5.278611380073232606e-01 8.385816191674866360e-01 1.111469036366967922e+00 1.596916934293637569e+00 1.678066075138776148e+00 2.192559720970432977e+02 2.757978267705830717e+02
9.526315789473683848e-01 5.504389087504556466e-01 8.812365851842665077e-01 1.116722701761127867e+00 1.598389126141045447e+00 1.677234235443383348e+00 2.298212089200098092e+02 2.902902307300957432e+02
1.000000000000000000e+00 5.724155010334628368e-01 9.237649923629364102e-01 1.122099151834333064e+00 1.599856774948715366e+00 1.676390366805050824e+00 2.412646772093784193e+02 3.060188030261137442e+02
