1.000000000000000056e-01 6.295415148970895380e-02 9.383791496082584394e-02 1.068049401962362088e+00 1.586098120513443899e+00 1.689245558039468742e+00 1.485656689407861677e+02 1.797973064462117350e+02
1.473684210526315930e-01 9.271888424148190533e-02 1.382722606385255737e-01 1.067153335278364867e+00 1.585037432816031711e+00 1.688015916463498689e+00 1.488151335352599460e+02 1.801581618178238955e+02
1.947368421052631526e-01 1.223828412145637062e-01 1.826783675611999003e-01 1.067198423102047489e+00 1.584683789078811689e+00 1.687324381439645027e+00 1.495444173736371170e+02 1.811544802647876224e+02
2.421052631578947401e-01 1.518694510773475337e-01 2.270342022212754052e-01 1.067914961785339845e+00 1.584716928393271829e+00 1.686800700474581749e+00 1.508395653835652297e+02 1.829126417867011583e+02
2.894736842105263275e-01 1.810797211945426310e-01 2.713115796280580194e-01 1.069262901815414724e+00 1.585048744828395417e+00 1.686309899380196597e+00 1.528240392734302304e+02 1.856059510337020697e+02
3.368421052631579427e-01 2.099004896929348996e-01 3.154773991502909380e-01 1.071274786646132959e+00 1.585653392815050911e+00 1.685788286537100777e+00 1.556295580544976360e+02 1.894195220359211476e+02
3.842105263157894468e-01 2.382068145873599552e-01 3.594956878162031688e-01 1.073974263967554466e+00 1.586520159723998624e+00 1.685201477389357327e+00 1.593854613345964424e+02 1.945373593804280574e+02
4.315789473684210620e-01 2.658743157258020018e-01 4.033302524073596462e-01 1.077374844628823825e+00 1.587637485435806184e+00 1.684531687635950181e+00 1.642123452187643124e+02 2.011344769657196991e+02
4.789473684210526772e-01 2.927867461221396184e-01 4.469474633972816413e-01 1.081462716773201382e+00 1.588986240599763899e+00 1.683771994561460650e+00 1.702179885231809919e+02 2.093717691146350433e+02
5.263157894736841813e-01 3.188444076452366938e-01 4.903186144592124873e-01 1.086197108954428225e+00 1.590538685749353753e+00 1.682924104108455943e+00 1.774950030942346757e+02 2.193929948764068740e+02
5.736842105263157965e-01 3.439724293380178044e-01 5.334215073618669978e-01 1.091520753415930356e+00 1.592259583915060395e+00 1.681995796574228041e+00 1.861207285886366094e+02 2.313244242093236380e+02
6.210526315789474117e-01 3.681169880006155970e-01 5.762409270058924671e-01 1.097347071140698072e+00 1.594109040309740433e+00 1.680998853688747463e+00 1.961579798148102611e+02 2.452756554912446916e+02
6.684210526315789158e-01 3.912503899406017394e-01 6.187682904123114058e-01 1.103586026525183339e+00 1.596046237756793662e+00 1.679947552093111085e+00 2.076573210664967064e+02 2.613421750510152037e+02
7.157894736842105310e-01 4.133675288118986435e-01 6.610005823688607229e-01 1.110147019832729010e+00 1.598031908821807345e+00 1.678856781250592789e+00 2.206592960703289918e+02 2.796079369271984092e+02
7.631578947368421462e-01 4.344778783572129099e-01 7.029389879496616977e-01 1.116935438243150003e+00 1.600030507654571776e+00 1.677741108433902895e+00 2.351965266970518655e+02 3.001477365146553211e+02
8.105263157894736503e-01 4.546063625781327500e-01 7.445874875462238363e-01 1.123869480576560997e+00 1.602012334641734981e+00 1.676613900644134292e+00 2.512954394745656259e+02 3.230290976864249046e+02
8.578947368421052655e-01 4.737863263111570800e-01 7.859516031697190153e-01 1.130874764433474677e+00 1.603953411513085570e+00 1.675486658060069134e+00 2.689774138015430367e+02 3.483134028378265725e+02
9.052631578947368807e-01 4.920577306073284918e-01 8.270374014415867725e-01 1.137888977397413459e+00 1.605835403595604394e+00 1.674369285629182746e+00 2.882594935291044180e+02 3.760564151505794257e+02
9.526315789473683848e-01 5.094605341749995908e-01 8.678507104935369032e-01 1.144854444855686548e+00 1.607644333112128843e+00 1.673269552018107342e+00 3.091544411221555038e+02 4.063079682538148063e+02
1.000000000000000000e+00 5.260409599321071994e-01 9.083966521174494657e-01 1.151732999285136394e+00 1.609370689621737904e+00 1.672193710667113420e+00 3.316709828162071858e+02 4.391117478105120995e+02
