1.000000000000000056e-01 6.296206435287197978e-02 9.384150548836060757e-02 1.065034299669757045e+00 1.584489929145580733e+00 1.687903022508265627e+00 1.478133835759150543e+02 1.788709805630453218e+02
1.473684210526315930e-01 9.272185652383652110e-02 1.382799207773852124e-01 1.064982783928591914e+00 1.584112702444189669e+00 1.687258586739113664e+00 1.483801790100374660e+02 1.796120961208405049e+02
1.947368421052631526e-01 1.224013911863911508e-01 1.827016492494979993e-01 1.065549897019006265e+00 1.584104922625857448e+00 1.686844354234109167e+00 1.493178861698797277e+02 1.808296958754739023e+02
2.421052631578947401e-01 1.519658928508255957e-01 2.270988824723816635e-01 1.066540741149661242e+00 1.584298391389479699e+00 1.686490536663570516e+00 1.506203297135336641e+02 1.825212445103013863e+02
2.894736842105263275e-01 1.813770147566779456e-01 2.714626443697230052e-01 1.067899123162365127e+00 1.584639475191994773e+00 1.686139247966178312e+00 1.523058371171184149e+02 1.847141878372829922e+02
3.368421052631579427e-01 2.105949825114971086e-01 3.157828938712994304e-01 1.069615315937855415e+00 1.585106950630393641e+00 1.685765605868319250e+00 1.544002354291980339e+02 1.874455210223535175e+02
3.842105263157894468e-01 2.395750686108810701e-01 3.600486905249558056e-01 1.071675319343810218e+00 1.585689902440939880e+00 1.685356794338099151e+00 1.569324049737160749e+02 1.907564578215774418e+02
4.315789473684210620e-01 2.682721405430327777e-01 4.042484353733095670e-01 1.074075183183096582e+00 1.586381362273646900e+00 1.684906323515946491e+00 1.599325868921055758e+02 1.946903812228315189e+02
4.789473684210526772e-01 2.966401805254708646e-01 4.483701038031353558e-01 1.076808125209319122e+00 1.587175132499915486e+00 1.684410982055420281e+00 1.634313150830101620e+02 1.992916197497384871e+02
5.263157894736841813e-01 3.246334643874886350e-01 4.924015387844701275e-01 1.079863896330321982e+00 1.588064468249627659e+00 1.683869728496563356e+00 1.674589486305210642e+02 2.046048768735300314e+02
5.736842105263157965e-01 3.522089502677648309e-01 5.363307424542961277e-01 1.083232103343473307e+00 1.589041791530854786e+00 1.683283163322548237e+00 1.720452783269460895e+02 2.106747575272110282e+02
6.210526315789474117e-01 3.793232431191239651e-01 5.801461144749405774e-01 1.086889956469536456e+00 1.590098600778078186e+00 1.682653303421621116e+00 1.772191374977020644e+02 2.175453333150350659e+02
6.684210526315789158e-01 4.059391121470148356e-01 6.238367071841621758e-01 1.090819466615513100e+00 1.591225184566011919e+00 1.681982926109957255e+00 1.830082535870403433e+02 2.252599273297525997e+02
7.157894736842105310e-01 4.320229515611513360e-01 6.673923726547089652e-01 1.094997746147914564e+00 1.592411151349419018e+00 1.681275640654868120e+00 1.894390138649438313e+02 2.338608542290950538e+02
7.631578947368421462e-01 4.575450811899892112e-01 7.108038733702656264e-01 1.099397818261675486e+00 1.593645649838436817e+00 1.680535604044628206e+00 1.965363608086847194e+02 2.433892812128859759e+02
8.105263157894736503e-01 4.824798288303840943e-01 7.540629301575234589e-01 1.103989475740125847e+00 1.594917639365756479e+00 1.679767320748799309e+00 2.043237268082738467e+02 2.538851318685986200e+02
8.578947368421052655e-01 5.068094647693861532e-01 7.971621825425233565e-01 1.108748028591328927e+00 1.596216294951528614e+00 1.678975581576297005e+00 2.128228693273888155e+02 2.653868883396325487e+02
9.052631578947368807e-01 5.305203089576041586e-01 8.400951527761763016e-01 1.113646379022909860e+00 1.597531236142614386e+00 1.678165244534453926e+00 2.220540007349804341e+02 2.779316966753145834e+02
9.526315789473683848e-01 5.535996507920908360e-01 8.828561539137468328e-01 1.118651209569686333e+00 1.598852552206996069e+00 1.677340886142032694e+00 2.320357279204600047e+02 2.915552484115340803e+02
1.000000000000000000e+00 5.760418693514821609e-01 9.254401158732554755e-01 1.123736017527836806e+00 1.600171256492832983e+00 1.676507055151826631e+00 2.427849090910167433e+02 3.062916019462061286e+02
