1.000000000000000056e-01 6.297482746339648496e-02 9.384290584394767987e-02 1.065684113347795892e+00 1.584593179141443153e+00 1.687990613269806595e+00 1.478293650270212822e+02 1.788772603445338802e+02
1.473684210526315930e-01 9.278154179200868990e-02 1.382873340706326226e-01 1.065087983239999536e+00 1.583976186524141294e+00 1.687319887218641012e+00 1.478718202783922777e+02 1.789561087228083807e+02
1.947368421052631526e-01 1.225341274491799498e-01 1.827144775188760950e-01 1.064996908426363964e+00 1.583750472521921360e+00 1.686952202268849677e+00 1.481626073770432015e+02 1.793704694480517219e+02
2.421052631578947401e-01 1.521776793602672706e-01 2.271070900696347816e-01 1.065282291306500762e+00 1.583747971112493103e+00 1.686676099026837905e+00 1.487815969969547325e+02 1.802363237667626095e+02
2.894736842105263275e-01 1.816349998190675552e-01 2.714416888951778906e-01 1.065957906722826642e+00 1.583935831414901907e+00 1.686410892153984431e+00 1.498403923996348510e+02 1.817092948654367603e+02
3.368421052631579427e-01 2.108108590912672886e-01 3.156897988218179685e-01 1.067082267348063551e+00 1.584315377739295316e+00 1.686113180608321604e+00 1.514604098246301760e+02 1.839573108282079090e+02
3.842105263157894468e-01 2.395988721679932210e-01 3.598201864944239325e-01 1.068722781957131218e+00 1.584898894561838745e+00 1.685757401184862836e+00 1.537625171722490336e+02 1.871473014799469468e+02
4.315789473684210620e-01 2.678875692956929622e-01 4.038017698580136372e-01 1.070928741349015167e+00 1.585693591513348766e+00 1.685326107730890755e+00 1.568597084955606533e+02 1.914357872671378971e+02
4.789473684210526772e-01 2.955702591497022524e-01 4.476067860818779831e-01 1.073728119446685447e+00 1.586701077720072073e+00 1.684810669051695298e+00 1.608523341624144223e+02 1.969626872445576566e+02
5.263157894736841813e-01 3.225554481694910547e-01 4.912135429786884111e-01 1.077128214842713483e+00 1.587911249642260492e+00 1.684208215088083938e+00 1.658254506906370409e+02 2.038479566394717040e+02
5.736842105263157965e-01 3.487728273308631222e-01 5.346083455716544863e-01 1.081112862308331479e+00 1.589305768917182560e+00 1.683521178358564407e+00 1.718486879893242190e+02 2.121913695279221486e+02
6.210526315789474117e-01 3.741756311718246186e-01 5.777862589063642584e-01 1.085643447748364965e+00 1.590857671650558025e+00 1.682756812816879943e+00 1.789780112555878588e+02 2.220747665660292967e+02
6.684210526315789158e-01 3.987400730058514031e-01 6.207507957143760802e-01 1.090663340371676782e+00 1.592535889623417189e+00 1.681924716228912153e+00 1.872586536216017521e+02 2.335657712140113063e+02
7.157894736842105310e-01 4.224659183734653656e-01 6.635128076344530834e-01 1.096111581241118405e+00 1.594307648428599844e+00 1.681036297706737459e+00 1.967286169866305841e+02 2.467221957471358849e+02
7.631578947368421462e-01 4.453701659696137627e-01 7.060889396992096056e-01 1.101921290800646602e+00 1.596141373176645173e+00 1.680103513488127254e+00 2.074221421174283364e+02 2.615963848343677682e+02
8.105263157894736503e-01 4.674837057519038441e-01 7.484999472403665033e-01 1.108027296100044801e+00 1.598007845625310841e+00 1.679137843683242926e+00 2.193724886239904777e+02 2.782387004680298901e+02
8.578947368421052655e-01 4.888466182542826055e-01 7.907691412930996089e-01 1.114367985775803760e+00 1.599881547077096400e+00 1.678149713919225405e+00 2.326141806492228454e+02 2.967003046495939316e+02
9.052631578947368807e-01 5.095044987114576429e-01 8.329210952642865928e-01 1.120886807215461856e+00 1.601741009982057040e+00 1.677148326976978909e+00 2.471845975110837230e+02 3.170350848391350951e+02
9.526315789473683848e-01 5.295085803723403872e-01 8.749806425045983937e-01 1.127538779456330964e+00 1.603567281995815774e+00 1.676142106905681661e+00 2.631251704114317818e+02 3.393010675362498887e+02
1.000000000000000000e+00 5.489090746300208101e-01 9.169721360450029390e-01 1.134281992655255644e+00 1.605348983542077557e+00 1.675137476958026062e+00 2.804819150597588759e+02 3.635609891240268325e+02
