1.000000000000000056e-01 6.286211260713447935e-02 9.383153513187385275e-02 1.068212840962714960e+00 1.585584917137836225e+00 1.687973223540859546e+00 1.503142055988060122e+02 1.819818967824786000e+02
1.473684210526315930e-01 9.248847890830363960e-02 1.382581299007775710e-01 1.069347550286951831e+00 1.585322455782334217e+00 1.686864914331853038e+00 1.522901789620005388e+02 1.844763603398558018e+02
1.947368421052631526e-01 1.219744820495260035e-01 1.826638473508597205e-01 1.071283099604309896e+00 1.585541485729146993e+00 1.686071716446774893e+00 1.547798332634723693e+02 1.876239271344146005e+02
2.421052631578947401e-01 1.512866330872864873e-01 2.270418352488856872e-01 1.073729283769762732e+00 1.586002131180799024e+00 1.685370675805865748e+00 1.577456876317642696e+02 1.913835490755620583e+02
2.894736842105263275e-01 1.803898648432338547e-01 2.713846258650182142e-01 1.076576759702676966e+00 1.586621412080065019e+00 1.684689581160418337e+00 1.611881635119266036e+02 1.957605500857656011e+02
3.368421052631579427e-01 2.092496188424180781e-01 3.156842425549938880e-01 1.079777138953832427e+00 1.587360741984781276e+00 1.683998953250924746e+00 1.651213250521975056e+02 2.007773067395339979e+02
3.842105263157894468e-01 2.378303276330163418e-01 3.599322867798364634e-01 1.083296055534426205e+00 1.588198064046425051e+00 1.683285895464308624e+00 1.695655321984758359e+02 2.064644434048695985e+02
4.315789473684210620e-01 2.660972908862703212e-01 4.041200835648251499e-01 1.087109435281947922e+00 1.589118101439002784e+00 1.682544804517237091e+00 1.745447826609582194e+02 2.128575966419211056e+02
4.789473684210526772e-01 2.940151004250763922e-01 4.482388144757179504e-01 1.091190031796170246e+00 1.590108566454877526e+00 1.681773797609578569e+00 1.800852725866175490e+02 2.199957029472037675e+02
5.263157894736841813e-01 3.215522989741976256e-01 4.922796254439488206e-01 1.095520968388892902e+00 1.591158606783032559e+00 1.680973236520560521e+00 1.862143766917758967e+02 2.279198204497040479e+02
5.736842105263157965e-01 3.486756491114635925e-01 5.362337869198524620e-01 1.100073126393487533e+00 1.592258390000373280e+00 1.680145075053076864e+00 1.929604733730947146e+02 2.366728836928548390e+02
6.210526315789474117e-01 3.753567479549543839e-01 5.800927411019547453e-01 1.104825408395870179e+00 1.593398069644036186e+00 1.679291754747671561e+00 2.003520573308507267e+02 2.462987241432179246e+02
6.684210526315789158e-01 4.015677106252037998e-01 6.238482235307400980e-01 1.109750619157515938e+00 1.594568426364172620e+00 1.678416532909208447e+00 2.084178389573380912e+02 2.568421543569469350e+02
7.157894736842105310e-01 4.272859751197339850e-01 6.674922746556533060e-01 1.114827685466491358e+00 1.595760505384604677e+00 1.677522950976076066e+00 2.171861058162569407e+02 2.683482595545762024e+02
7.631578947368421462e-01 4.524884879087170408e-01 7.110173113589327576e-01 1.120027354850394730e+00 1.596965965792575437e+00 1.676614866321952668e+00 2.266849394419302826e+02 2.808626239500387669e+02
8.105263157894736503e-01 4.771571180595753359e-01 7.544160827744851305e-01 1.125325455783546813e+00 1.598176884413945897e+00 1.675696114753591592e+00 2.369415931839712357e+02 2.944306330001318770e+02
8.578947368421052655e-01 5.012776378618100104e-01 7.976816629780948409e-01 1.130699932807281316e+00 1.599385874676783947e+00 1.674770413165215466e+00 2.479823902497219024e+02 3.090973326962819101e+02
9.052631578947368807e-01 5.248374365258092755e-01 8.408074199577846297e-01 1.136126928913438583e+00 1.600586090723286281e+00 1.673841532508750340e+00 2.598326654779103819e+02 3.249073443043440648e+02
9.526315789473683848e-01 5.478267770745144372e-01 8.837869572312135880e-01 1.141583992726076024e+00 1.601771586935207159e+00 1.672912964015097481e+00 2.725164884738235855e+02 3.419045132125039572e+02
1.000000000000000000e+00 5.702379252976960133e-01 9.266140613706275175e-01 1.147049103300695982e+00 1.602937222313222554e+00 1.671987952505461283e+00 2.860565241630823152e+02 3.601316963542740268e+02
