1.000000000000000056e-01 6.294229786146096628e-02 9.383602656034353839e-02 1.068425416852591514e+00 1.585027106241029049e+00 1.687856794057065457e+00 1.490994985857639676e+02 1.804539032457356598e+02
1.473684210526315930e-01 9.274169525722231189e-02 1.382793644868048899e-01 1.067599530439296895e+00 1.584177963547704460e+00 1.686974620768220356e+00 1.490625875425674565e+02 1.804281709636103983e+02
1.947368421052631526e-01 1.224991183245038862e-01 1.827075168031248031e-01 1.067315831296171025e+00 1.583807162472328889e+00 1.686510336738584526e+00 1.492249715103171184e+02 1.806756055579443228e+02
2.421052631578947401e-01 1.521572790069001535e-01 2.271006846187088868e-01 1.067387843544197912e+00 1.583689175868749022e+00 1.686189424386588698e+00 1.496695716499555147e+02 1.813219013542800440e+02
2.894736842105263275e-01 1.816264956811536879e-01 2.714283929132172424e-01 1.067827298574249184e+00 1.583777831565722272e+00 1.685906082974260034e+00 1.505315165305796938e+02 1.825610487684029124e+02
3.368421052631579427e-01 2.107857410898892614e-01 3.156500551717899561e-01 1.068713751387592170e+00 1.584080157908211550e+00 1.685603518985532956e+00 1.519727613709027594e+02 1.846228663819338465e+02
3.842105263157894468e-01 2.394877272946148994e-01 3.597178751891282333e-01 1.070138855634257702e+00 1.584616898164326049e+00 1.685243148948169845e+00 1.541658517679872773e+02 1.877513788090739979e+02
4.315789473684210620e-01 2.675722103909870531e-01 4.035819209823969800e-01 1.072183795977388998e+00 1.585409598875767934e+00 1.684800750447023931e+00 1.572791670140525753e+02 1.921851033623437957e+02
4.789473684210526772e-01 2.948847378404260700e-01 4.471963918863129939e-01 1.074908696517420603e+00 1.586465995268244722e+00 1.684260385209298327e+00 1.614642780021027022e+02 1.981403510992051054e+02
5.263157894736841813e-01 3.212931094447030733e-01 4.905256549802118338e-01 1.078334974603913698e+00 1.587779320799187488e+00 1.683616989581916856e+00 1.668479018624882428e+02 2.058005857579074132e+02
5.736842105263157965e-01 3.467001328812375771e-01 5.335484605782545575e-01 1.082444849662771214e+00 1.589325572665414521e+00 1.682873285997723789e+00 1.735293732350301070e+02 2.153131196822438085e+02
6.210526315789474117e-01 3.710488102042007186e-01 5.762595458289904160e-01 1.087184298966973550e+00 1.591068210377234005e+00 1.682038671906255223e+00 1.815832084948209229e+02 2.267924426616704920e+02
6.684210526315789158e-01 3.943263443683073244e-01 6.186687650241952108e-01 1.092488460151750163e+00 1.592964356367885692e+00 1.681127469620414594e+00 1.910654877403621015e+02 2.403284204684891279e+02
7.157894736842105310e-01 4.165499150011159890e-01 6.607984444694579018e-01 1.098267536792038035e+00 1.594967837671011024e+00 1.680155571034322781e+00 2.020211018557932050e+02 2.559956704440844817e+02
7.631578947368421462e-01 4.377644309744356255e-01 7.026800609322197966e-01 1.104434392213600624e+00 1.597035496446524760e+00 1.679138894875059851e+00 2.144909346750905286e+02 2.738627287528470333e+02
8.105263157894736503e-01 4.580317467275850651e-01 7.443509534036313324e-01 1.110906765914710048e+00 1.599130059468169440e+00 1.678092583686304762e+00 2.285175688397496856e+02 2.939992970024468377e+02
8.578947368421052655e-01 4.774251834940212991e-01 7.858515806377708302e-01 1.117613924581921880e+00 1.601220166427395508e+00 1.677029770907026984e+00 2.441496272327235033e+02 3.164816207891298632e+02
9.052631578947368807e-01 4.960179468068853237e-01 8.272233599281839656e-01 1.124486510718464505e+00 1.603280212677544725e+00 1.675961740336967098e+00 2.614441815895686432e+02 3.413953896540663777e+02
9.526315789473683848e-01 5.138864752243815781e-01 8.685072266804048091e-01 1.131472154772069638e+00 1.605291460230236611e+00 1.674897029981005758e+00 2.804688343790771228e+02 3.688380215358876626e+02
1.000000000000000000e+00 5.311043746070062133e-01 9.097426479455362758e-01 1.138527642051943012e+00 1.607239931446637682e+00 1.673842519026913278e+00 3.013025721294907271e+02 3.989193413941342783e+02
