1.000000000000000056e-01 6.293908390992550284e-02 9.383650936598456060e-02 1.066500107914324591e+00 1.584674881674883684e+00 1.687757359114611111e+00 1.485463175758613943e+02 1.797866151581140173e+02
1.473684210526315930e-01 9.268657178670532126e-02 1.382720904501480996e-01 1.066449928155984272e+00 1.584212134977472042e+00 1.687007216085661065e+00 1.491493523942148443e+02 1.805737305413794616e+02
1.947368421052631526e-01 1.223498960519718987e-01 1.826897852930330912e-01 1.067026431786239016e+00 1.584162332555898889e+00 1.686533476492809491e+00 1.501280869843085952e+02 1.818459449847511564e+02
2.421052631578947401e-01 1.518907646494187247e-01 2.270805101184872055e-01 1.068044493460885258e+00 1.584337070416492521e+00 1.686138360261566271e+00 1.514912071426909961e+02 1.836202858223558110e+02
2.894736842105263275e-01 1.812651069365702194e-01 2.714334565992448378e-01 1.069452298058828577e+00 1.584677035031437198e+00 1.685753522586477704e+00 1.532687228241142918e+02 1.859402112544143222e+02
3.368421052631579427e-01 2.104248075642106419e-01 3.157361508540619810e-01 1.071239849970098801e+00 1.585158871240126999e+00 1.685348363312982878e+00 1.554977047748677990e+02 1.888585505979187644e+02
3.842105263157894468e-01 2.393173746134288626e-01 3.599746244200788259e-01 1.073404853548829641e+00 1.585771501223227853e+00 1.684907076259451353e+00 1.582184856127962576e+02 1.924329757695787464e+02
4.315789473684210620e-01 2.678873593399603847e-01 4.041336603141230110e-01 1.075946339764442206e+00 1.586507868058149695e+00 1.684421024886090912e+00 1.614728394565443921e+02 1.967238802652929337e+02
4.789473684210526772e-01 2.960766147468660292e-01 4.481971515019366192e-01 1.078856768577235670e+00 1.587361740952332401e+00 1.683885839199727119e+00 1.653030489622057928e+02 2.017932670787893699e+02
5.263157894736841813e-01 3.238275528164862860e-01 4.921484783171832245e-01 1.082126941395350928e+00 1.588325940719916396e+00 1.683299940013315066e+00 1.697509523265293296e+02 2.077036594473340756e+02
5.736842105263157965e-01 3.510847758611607694e-01 5.359709433137018753e-01 1.085743883948094624e+00 1.589391678010847908e+00 1.682663747271431420e+00 1.748573081941502210e+02 2.145173311203826074e+02
6.210526315789474117e-01 3.777953075448207687e-01 5.796481819191373619e-01 1.089686586408523894e+00 1.590548591649195709e+00 1.681979442201693598e+00 1.806612341412522369e+02 2.222956285657872968e+02
6.684210526315789158e-01 4.039092118678160315e-01 6.231645038869415565e-01 1.093925263240433043e+00 1.591784785190402118e+00 1.681250531946236970e+00 1.871996427587716880e+02 2.310982915022403574e+02
7.157894736842105310e-01 4.293861746326739226e-01 6.665051528789348589e-01 1.098436079232234075e+00 1.593087319599548302e+00 1.680481735406788246e+00 1.945067389689050970e+02 2.409828237693537858e+02
7.631578947368421462e-01 4.541881186835108331e-01 7.096565235875211819e-01 1.103180888379959201e+00 1.594442277510776496e+00 1.679678181550902316e+00 2.026139730800984466e+02 2.520043427820679653e+02
8.105263157894736503e-01 4.782859572259059444e-01 7.526061677422396512e-01 1.108124883638349045e+00 1.595835684873292637e+00 1.678845712007644320e+00 2.115494988090642892e+02 2.642149098734404902e+02
8.578947368421052655e-01 5.016567717694011552e-01 7.953427823942116337e-01 1.113230487959981696e+00 1.597253778557128800e+00 1.677990357869360016e+00 2.213380866847803361e+02 2.776633039133516831e+02
9.052631578947368807e-01 5.242846168683787944e-01 8.378560861913774138e-01 1.118460775228157233e+00 1.598683423222172051e+00 1.677118132034397080e+00 2.320009043385223890e+02 2.923946307685155261e+02
9.526315789473683848e-01 5.461621728872390058e-01 8.801366346742059976e-01 1.123783981352943773e+00 1.600112526464654517e+00 1.676234938640235095e+00 2.435553737769540703e+02 3.084499894582888260e+02
1.000000000000000000e+00 5.672820191710649107e-01 9.221756365470139549e-01 1.129159849315557462e+00 1.601530291396316530e+00 1.675346417420777723e+00 2.560151048130864524e+02 3.258661487190050252e+02
