1.000000000000000056e-01 6.291860040944440013e-02 9.383057930306572259e-02 1.069423147428362642e+00 1.585362129580070167e+00 1.687967958136748603e+00 1.496402878378528669e+02 1.811410545678561448e+02
1.473684210526315930e-01 9.266960142651846366e-02 1.382633241704203098e-01 1.068815175799564754e+00 1.584507497807861043e+00 1.686926638720357641e+00 1.499597822067787831e+02 1.815812599493394259e+02
1.947368421052631526e-01 1.223347823824980224e-01 1.826736613251314090e-01 1.068982090523573625e+00 1.584237402974743469e+00 1.686328529689037792e+00 1.506876925377714542e+02 1.825582764852667594e+02
2.421052631578947401e-01 1.518568691555491346e-01 2.270464065586313140e-01 1.069692913160536829e+00 1.584283045302853132e+00 1.685870524888283262e+00 1.518786548089514952e+02 1.841519281075272829e+02
2.894736842105263275e-01 1.811668608839639982e-01 2.713627970366490061e-01 1.070910516471407448e+00 1.584565354064117582e+00 1.685443739235589211e+00 1.536109565596961488e+02 1.864713718254938328e+02
3.368421052631579427e-01 2.101855487019056445e-01 3.156010535257708360e-01 1.072642791923774208e+00 1.585057545263278467e+00 1.684997486319570470e+00 1.559680841624951597e+02 1.896330540358449355e+02
3.842105263157894468e-01 2.388266838845206630e-01 3.597373048135126816e-01 1.074904839292319281e+00 1.585748177207010778e+00 1.684504667698253355e+00 1.590332056567779375e+02 1.937540768432800746e+02
4.315789473684210620e-01 2.670021449418470416e-01 4.037467627674061199e-01 1.077709178975926552e+00 1.586628468417965010e+00 1.683950160660496742e+00 1.628860689034322604e+02 1.989484758509425149e+02
4.789473684210526772e-01 2.946242142173932654e-01 4.476050611671595902e-01 1.081049662354520269e+00 1.587687864809730343e+00 1.683326813045006753e+00 1.676011355356959029e+02 2.053249177160923580e+02
5.263157894736841813e-01 3.216118892391117146e-01 4.912895223109129961e-01 1.084907792399456117e+00 1.588911351666274951e+00 1.682632999210668334e+00 1.732461620154413424e+02 2.129849677074251701e+02
5.736842105263157965e-01 3.478953724766694067e-01 5.347802431803756473e-01 1.089254059471856717e+00 1.590279511889375108e+00 1.681871183750551557e+00 1.798815894469473164e+02 2.220222682375356840e+02
6.210526315789474117e-01 3.734167769607132925e-01 5.780608038459343900e-01 1.094043228975740467e+00 1.591769392330132371e+00 1.681047138285314491e+00 1.875604408451321206e+02 2.325223632383069798e+02
6.684210526315789158e-01 3.981312919839180009e-01 6.211185667085056261e-01 1.099217927118277816e+00 1.593355353240910821e+00 1.680168839220189669e+00 1.963286387361780783e+02 2.445630226157385891e+02
7.157894736842105310e-01 4.220122089968709744e-01 6.639445868214506330e-01 1.104724568390507811e+00 1.595011155838466754e+00 1.679245717368261115e+00 2.062256569840874647e+02 2.582149681170126883e+02
7.631578947368421462e-01 4.450434744556165390e-01 7.065332421017944675e-01 1.110499420095784506e+00 1.596711289211797613e+00 1.678287678643362701e+00 2.172854367841673309e+02 2.735428889786468858e+02
8.105263157894736503e-01 4.672208084768673109e-01 7.488816393072603717e-01 1.116479601617416773e+00 1.598432143166967467e+00 1.677304596477332543e+00 2.295370963702920903e+02 2.906062251610197222e+02
8.578947368421052655e-01 4.885506355814926982e-01 7.909889460591824628e-01 1.122607106335459459e+00 1.600152538250690926e+00 1.676305876965758612e+00 2.430056342676601560e+02 3.094599148080387181e+02
9.052631578947368807e-01 5.090471816136785677e-01 8.328557378595762284e-01 1.128828339005696346e+00 1.601854384051817792e+00 1.675300116643590798e+00 2.577124486061026687e+02 3.301548813015794508e+02
9.526315789473683848e-01 5.287320250057231386e-01 8.744834032472332819e-01 1.135097786377304629e+00 1.603522747362432055e+00 1.674294939031151008e+00 2.736756877580312448e+02 3.527382921090286345e+02
1.000000000000000000e+00 5.476261605786321152e-01 9.158736382112301344e-01 1.141367461190925248e+00 1.605145353752280180e+00 1.673297050633452798e+00 2.909103557065258201e+02 3.772534842242344553e+02
