1.000000000000000056e-01 6.291255328707659467e-02 9.383000542253425169e-02 1.068009992072226355e+00 1.584421730483038804e+00 1.687078624282611239e+00 1.494235203458658248e+02 1.808845598050412775e+02
1.473684210526315930e-01 9.264150703910804807e-02 1.382601111082193412e-01 1.068019020248663020e+00 1.583997773343724491e+00 1.686356340732861669e+00 1.500609830893908168e+02 1.817226139400685838e+02
1.947368421052631526e-01 1.222721043325249168e-01 1.826684801372252531e-01 1.068674600908288141e+00 1.583987858891300116e+00 1.685886901385980075e+00 1.511374715271061859e+02 1.831303347407730371e+02
2.421052631578947401e-01 1.517589728958059492e-01 2.270446964602578221e-01 1.069826908119378750e+00 1.584217001869389962e+00 1.685480876344758849e+00 1.526787591241831024e+02 1.851454474700065873e+02
2.894736842105263275e-01 1.810523651022321878e-01 2.713774052702415673e-01 1.071433084009711045e+00 1.584628392677495556e+00 1.685072151388584238e+00 1.547221164782345113e+02 1.878194609935987955e+02
3.368421052631579427e-01 2.101013574727903788e-01 3.156547681409834216e-01 1.073482724231617835e+00 1.585197628645782952e+00 1.684632129208063267e+00 1.573059576855751516e+02 1.912053190693347062e+02
3.842105263157894468e-01 2.388543296736191646e-01 3.598649162732835416e-01 1.075966209564370724e+00 1.585909669071181138e+00 1.684146767449242743e+00 1.604671997299046495e+02 1.953543273466595735e+02
4.315789473684210620e-01 2.672613309283929373e-01 4.039964378983662008e-01 1.078872136173862240e+00 1.586752487624339292e+00 1.683609696402973199e+00 1.642407307566237193e+02 2.003155119842708700e+02
4.789473684210526772e-01 2.952745171038329008e-01 4.480387854292070537e-01 1.082180393244235095e+00 1.587713999850786983e+00 1.683019064703325407e+00 1.686590036363758713e+02 2.061351811665460616e+02
5.263157894736841813e-01 3.228521053710153854e-01 4.919826481432916232e-01 1.085871350216505826e+00 1.588781040352843510e+00 1.682375749839492229e+00 1.737522314398479750e+02 2.128571388326676583e+02
5.736842105263157965e-01 3.499565539182865614e-01 5.358201872821661826e-01 1.089915671424789290e+00 1.589939417449914183e+00 1.681682604815703419e+00 1.795484617618279799e+02 2.205228019409962599e+02
6.210526315789474117e-01 3.765575395345266418e-01 5.795451618892938361e-01 1.094283397597162422e+00 1.591174201141728251e+00 1.680943865939113158e+00 1.860737653021049880e+02 2.291714417141962201e+02
6.684210526315789158e-01 4.026322064640648901e-01 6.231529571716589722e-01 1.098943842272892768e+00 1.592470110192768074e+00 1.680164625174080939e+00 1.933525959497437725e+02 2.388406176342143681e+02
7.157894736842105310e-01 4.281602248843829894e-01 6.666405350177011524e-01 1.103855008036116025e+00 1.593812230171655075e+00 1.679350653993624931e+00 2.014081646690567027e+02 2.495666117243372071e+02
7.631578947368421462e-01 4.531305392825767941e-01 7.100062372593052284e-01 1.108982890003085808e+00 1.595185975247069399e+00 1.678507716946189721e+00 2.102625279790647426e+02 2.613845951546825859e+02
8.105263157894736503e-01 4.775365131431183463e-01 7.532496319048942457e-01 1.114291374519982281e+00 1.596577839657409958e+00 1.677641649920280198e+00 2.199370377670636287e+02 2.743291349958321916e+02
8.578947368421052655e-01 5.013763940208163516e-01 7.963712858487390633e-01 1.119745917254142631e+00 1.597975612784398258e+00 1.676758079433783744e+00 2.304525336228692822e+02 2.884344424327139791e+02
9.052631578947368807e-01 5.246524022335717907e-01 8.393725401837510702e-01 1.125313717601487351e+00 1.599367428177706385e+00 1.675862725237955209e+00 2.418295315000944186e+02 3.037346080828935442e+02
9.526315789473683848e-01 5.473697429076718191e-01 8.822553014060726673e-01 1.130963724415063210e+00 1.600745314746681913e+00 1.674960089399299745e+00 2.540883792275381552e+02 3.202637911862927353e+02
1.000000000000000000e+00 5.695354460274500985e-01 9.250218505267512326e-01 1.136666252160619894e+00 1.602100655128495976e+00 1.674054629758078061e+00 2.672493590943307709e+02 3.380563464184466511e+02
