1.000000000000000056e-01 6.297804574156402879e-02 9.384347109170063095e-02 1.064538213034583292e+00 1.584017867924751188e+00 1.687536743385317228e+00 1.475017288630641303e+02 1.784779476415906458e+02
1.473684210526315930e-01 9.277444808733988080e-02 1.382858379960537343e-01 1.064270192495142098e+00 1.583656821629026323e+00 1.687070354990207743e+00 1.476948404349405450e+02 1.787493775822737803e+02
1.947368421052631526e-01 1.225059675243132945e-01 1.827103759922975579e-01 1.064456219921024571e+00 1.583591589855274373e+00 1.686787312912884307e+00 1.481803264029864806e+02 1.794087253285630936e+02
2.421052631578947401e-01 1.521254187303722749e-01 2.271044709761650127e-01 1.065011585942525318e+00 1.583710355398537217e+00 1.686545704616745578e+00 1.490182425634339154e+02 1.805397233205896441e+02
2.894736842105263275e-01 1.815767349597648683e-01 2.714531939184888221e-01 1.065949955989782927e+00 1.583987761665285543e+00 1.686292425109902515e+00 1.502799159972469454e+02 1.822389334916562689e+02
3.368421052631579427e-01 2.107971817208617038e-01 3.157403166133830874e-01 1.067302506502529225e+00 1.584419813579458047e+00 1.686000713420250596e+00 1.520352565214156755e+02 1.846004146038052909e+02
3.842105263157894468e-01 2.397195297634322209e-01 3.599494678031709416e-01 1.069090088613876999e+00 1.585007020371538067e+00 1.685656086999955505e+00 1.543487226882511720e+02 1.877108442108328461e+02
4.315789473684210620e-01 2.682795673806350756e-01 4.040653341900068973e-01 1.071335031629035761e+00 1.585747722922005165e+00 1.685249821118663949e+00 1.572775872092843485e+02 1.916474114445477142e+02
4.789473684210526772e-01 2.964164819313456767e-01 4.480747446509845133e-01 1.074041909428294694e+00 1.586636684288665888e+00 1.684778297499227584e+00 1.608714830475942392e+02 1.964773031609149712e+02
5.263157894736841813e-01 3.240772760686214671e-01 4.919675231768650403e-01 1.077202879407320735e+00 1.587664413297298349e+00 1.684241025345781351e+00 1.651723753036486642e+02 2.022577170620215270e+02
5.736842105263157965e-01 3.512197015629388019e-01 5.357370562943905012e-01 1.080801698188151638e+00 1.588817163858309955e+00 1.683640559411173188e+00 1.702154596406159328e+02 2.090369747388849362e+02
6.210526315789474117e-01 3.778120697419811158e-01 5.793804697843208951e-01 1.084810021354842391e+00 1.590078401074294767e+00 1.682981312778011329e+00 1.760300121657107013e+02 2.168556384855062333e+02
6.684210526315789158e-01 4.038338839687613535e-01 6.228985143327059326e-01 1.089191922550948766e+00 1.591429282494161823e+00 1.682268953175572790e+00 1.826406292445756492e+02 2.257480654478987958e+02
7.157894736842105310e-01 4.292780065965117187e-01 6.662952281268692545e-01 1.093913750890520342e+00 1.592850752007625159e+00 1.681510588299940157e+00 1.900686466861638735e+02 2.357441541520893509e+02
7.631578947368421462e-01 4.541440074911800018e-01 7.095773820954055511e-01 1.098931569631898197e+00 1.594323496925702299e+00 1.680713295684667985e+00 1.983330930752825623e+02 2.468705734401931977e+02
8.105263157894736503e-01 4.784395555984279347e-01 7.527539115023819116e-01 1.104201650661008172e+00 1.595829236395818196e+00 1.679884161851750601e+00 2.074518516982928702e+02 2.591521756184359901e+02
8.578947368421052655e-01 5.021798160627073404e-01 7.958353090526408824e-01 1.109683876979374206e+00 1.597351353953482267e+00 1.679029961090928502e+00 2.174424731627072163e+02 2.726130121307094214e+02
9.052631578947368807e-01 5.253858632803820594e-01 8.388330744010628059e-01 1.115342348011991502e+00 1.598875179294596771e+00 1.678157157898355845e+00 2.283227919839852404e+02 2.872770906966238726e+02
9.526315789473683848e-01 5.480796940014478480e-01 8.817592428221646683e-01 1.121139034962574499e+00 1.600387791987696540e+00 1.677271520752105838e+00 2.401114237196928229e+02 3.031689778554005557e+02
1.000000000000000000e+00 5.702860964817740852e-01 9.246259779279324409e-01 1.127040739083245535e+00 1.601877270009639531e+00 1.676378828516192243e+00 2.528280106719252274e+02 3.203141093872956731e+02
