1.000000000000000056e-01 6.290672313259514092e-02 9.383363728736227038e-02 1.066257777350804847e+00 1.584473306065585785e+00 1.687350124195347245e+00 1.490233070612835888e+02 1.803909516513067786e+02
1.473684210526315930e-01 9.259369807445025358e-02 1.382634015928296822e-01 1.067036770179829563e+00 1.584341407586871142e+00 1.686645759484347140e+00 1.503418919925375974e+02 1.820709320309716759e+02
1.947368421052631526e-01 1.221650574310854664e-01 1.826736916330345961e-01 1.068443558906883029e+00 1.584552983675360904e+00 1.686119985867276405e+00 1.521175266182982853e+02 1.843338238886361182e+02
2.421052631578947401e-01 1.515871149836753307e-01 2.270580965380094851e-01 1.070293471613349645e+00 1.584955740071145591e+00 1.685631363956694440e+00 1.543283486585773687e+02 1.871559676839305837e+02
2.894736842105263275e-01 1.808285854880980481e-01 2.714099057543515880e-01 1.072531927088465453e+00 1.585495956462734002e+00 1.685134463839183194e+00 1.569750312792542104e+02 1.905413425139963124e+02
3.368421052631579427e-01 2.098556941459655267e-01 3.157221920858991338e-01 1.075115363345056751e+00 1.586147206877447147e+00 1.684610908126742412e+00 1.600665067152965264e+02 1.945043160931537045e+02
3.842105263157894468e-01 2.386362059387751033e-01 3.599879566998149816e-01 1.078019584599450020e+00 1.586893623717255508e+00 1.684053330572971685e+00 1.636158275081420186e+02 1.990645591387703064e+02
4.315789473684210620e-01 2.671386443815369494e-01 4.042002184212769578e-01 1.081223015723525194e+00 1.587723072847877059e+00 1.683458961819740196e+00 1.676381535927368986e+02 2.042446659003182958e+02
4.789473684210526772e-01 2.953335447483462217e-01 4.483521521736847926e-01 1.084707386815097818e+00 1.588625173871663909e+00 1.682827602640732501e+00 1.721500051737750994e+02 2.100692063610377147e+02
5.263157894736841813e-01 3.231914136986177577e-01 4.924372019789715615e-01 1.088447861134486550e+00 1.589590373871844653e+00 1.682160609720743771e+00 1.771687999370716113e+02 2.165641631004197905e+02
5.736842105263157965e-01 3.506861156769553456e-01 5.364491447998849250e-01 1.092424089691362621e+00 1.590609498630968899e+00 1.681460368895676183e+00 1.827123332907458746e+02 2.237563392801465625e+02
6.210526315789474117e-01 3.777940058319548822e-01 5.803821972100959847e-01 1.096614966745350417e+00 1.591673424956983940e+00 1.680729633384920207e+00 1.887987938178206093e+02 2.316733317446370961e+02
6.684210526315789158e-01 4.044933011226851671e-01 6.242310314000479865e-01 1.100997008080543793e+00 1.592773390792528332e+00 1.679971710542522700e+00 1.954464598917907665e+02 2.403432065411982137e+02
7.157894736842105310e-01 4.307642945429214776e-01 6.679908085672877638e-01 1.105545347831906611e+00 1.593900856339884209e+00 1.679190051206365997e+00 2.026736417170470759e+02 2.497944184879217460e+02
7.631578947368421462e-01 4.565941371351315836e-01 7.116571454591351653e-01 1.110244708768237221e+00 1.595047836577220268e+00 1.678388457162782732e+00 2.104984556295899267e+02 2.600555767932615367e+02
8.105263157894736503e-01 4.819680751020016807e-01 7.552261582716139898e-01 1.115069007360656839e+00 1.596206598596247916e+00 1.677570439865990748e+00 2.189390613855836136e+02 2.711556708946684466e+02
8.578947368421052655e-01 5.068745265678261669e-01 7.986943895708376040e-01 1.119994786714049839e+00 1.597370050776023565e+00 1.676739556668952247e+00 2.280134545699711168e+02 2.831238658245957822e+02
9.052631578947368807e-01 5.313054610960925572e-01 8.420587519654043618e-01 1.125001789697244625e+00 1.598531710341797973e+00 1.675899261943032625e+00 2.377393513897725086e+02 2.959893737053609470e+02
9.526315789473683848e-01 5.552552808426088893e-01 8.853164856126179982e-01 1.130070925469013554e+00 1.599685741185850940e+00 1.675052835489059699e+00 2.481341821862016275e+02 3.097814353036214925e+02
1.000000000000000000e+00 5.787211845634022689e-01 9.284650942528938078e-01 1.135185257379327517e+00 1.600826940931314502e+00 1.674203320303307319e+00 2.592150247977297681e+02 3.245292446830644053e+02
