1.000000000000000056e-01 6.288724543396000122e-02 9.382594797459349600e-02 1.071190122986455773e+00 1.587447196811426320e+00 1.689925944474413688e+00 1.502463706297596389e+02 1.819099159041312532e+02
1.473684210526315930e-01 9.254924069306448564e-02 1.382443743771035183e-01 1.070776078899721817e+00 1.586217989095521030e+00 1.688142939823058519e+00 1.513871403934491298e+02 1.834023575578738985e+02
1.947368421052631526e-01 1.220514417067284224e-01 1.826288987227665528e-01 1.071705186996391168e+00 1.585944104623818518e+00 1.687065691242610299e+00 1.532703893254872298e+02 1.858532936055031826e+02
2.421052631578947401e-01 1.513238646837039014e-01 2.269628842725423534e-01 1.073518278061123876e+00 1.586158340443043713e+00 1.686214992271944713e+00 1.559045065140824704e+02 1.892865207985279028e+02
2.894736842105263275e-01 1.802898538727553679e-01 2.712273155794668322e-01 1.076071994968103906e+00 1.586704490618612517e+00 1.685428047731725831e+00 1.593438520064380270e+02 1.937828221000778797e+02
3.368421052631579427e-01 2.088674882810729050e-01 3.154014227743218157e-01 1.079298171538101592e+00 1.587512296073866347e+00 1.684635552242738310e+00 1.636562587643633719e+02 1.994410365723653626e+02
3.842105263157894468e-01 2.369742719508449724e-01 3.594634827138589728e-01 1.083153696052440162e+00 1.588540113040189494e+00 1.683805240580848572e+00 1.689137328119130075e+02 2.063669791064701258e+02
4.315789473684210620e-01 2.645304246171091278e-01 4.033917221164536326e-01 1.087597388994823167e+00 1.589755794381472853e+00 1.682922690254565756e+00 1.751885289325214501e+02 2.146687623296639345e+02
4.789473684210526772e-01 2.914600292776409196e-01 4.471651763494807752e-01 1.092574867837992514e+00 1.591129853928796800e+00 1.681983691641445899e+00 1.825509551156061434e+02 2.244541947927804699e+02
5.263157894736841813e-01 3.176972901154034301e-01 4.907643968782660626e-01 1.098030760652010773e+00 1.592633031523155163e+00 1.680990301873287462e+00 1.910678816188165854e+02 2.358289991124570690e+02
5.736842105263157965e-01 3.431860471389773792e-01 5.341719573346438432e-01 1.103899467309202853e+00 1.594235847121957983e+00 1.679948357549181814e+00 2.008020180759133666e+02 2.488958899801799873e+02
6.210526315789474117e-01 3.678813320451675972e-01 5.773726395487199792e-01 1.110110130999041544e+00 1.595909368941955897e+00 1.678866210039376528e+00 2.118111900353365513e+02 2.637536903808177158e+02
6.684210526315789158e-01 3.917510178954285438e-01 6.203533954628513980e-01 1.116593154150224532e+00 1.597625998555816995e+00 1.677753461981280836e+00 2.241479797412784194e+02 2.804968025074846878e+02
7.157894736842105310e-01 4.147750061187199244e-01 6.631031091904547869e-01 1.123281364038857699e+00 1.599360543907208942e+00 1.676620321841953976e+00 2.378596155730027988e+02 2.992149314424411273e+02
7.631578947368421462e-01 4.369405093192984535e-01 7.056122298649011304e-01 1.130103714736510057e+00 1.601090412914951466e+00 1.675476475128372167e+00 2.529876285240965217e+02 3.199924450862257572e+02
8.105263157894736503e-01 4.582448811655829291e-01 7.478722941804065716e-01 1.136997881044983227e+00 1.602796403229081568e+00 1.674331142827980790e+00 2.695675684553230553e+02 3.429077829907355977e+02
8.578947368421052655e-01 4.786932009124233445e-01 7.898754729596175750e-01 1.143908465096989291e+00 1.604463253361939845e+00 1.673193059958380857e+00 2.876285289804461058e+02 3.680324753204609465e+02
9.052631578947368807e-01 4.982971298105921543e-01 8.316141371603242849e-01 1.150787915066953326e+00 1.606077347079749806e+00 1.672068897456881587e+00 3.071926203025962536e+02 3.954299829729235967e+02
9.526315789473683848e-01 5.170694784644803699e-01 8.730805050442392856e-01 1.157589441647936868e+00 1.607629967297557805e+00 1.670964895532045524e+00 3.282744849950047978e+02 4.251544006564043343e+02
1.000000000000000000e+00 5.350299415451300611e-01 9.142662748163964404e-01 1.164279421802611347e+00 1.609114361195000731e+00 1.669886189092989692e+00 3.508801468042423721e+02 4.572482168695541986e+02
