1.000000000000000056e-01 6.293237990903192969e-02 9.383516695430098309e-02 1.066472409940427690e+00 1.584317777361248236e+00 1.687310824372351581e+00 1.486934298920915296e+02 1.799726790881784382e+02
1.473684210526315930e-01 9.267639124130321038e-02 1.382704254163992230e-01 1.066571040943111282e+00 1.583975475053799542e+00 1.686671143960160268e+00 1.493361420318219928e+02 1.808072149074201036e+02
1.947368421052631526e-01 1.223391197648513729e-01 1.826892197613049496e-01 1.067227248965262554e+00 1.583983867503248488e+00 1.686250744786554900e+00 1.503364601635708482e+02 1.821017619815322632e+02
2.421052631578947401e-01 1.518871317256979825e-01 2.270844735276878190e-01 1.068279374106602786e+00 1.584186206005546049e+00 1.685888505763688316e+00 1.516952659693550345e+02 1.838612182681407035e+02
2.894736842105263275e-01 1.812864266386909617e-01 2.714484066504428417e-01 1.069688051241985738e+00 1.584530884713029719e+00 1.685529469590101748e+00 1.534286145957434542e+02 1.861089629677790356e+02
3.368421052631579427e-01 2.105008062772627531e-01 3.157726792770617630e-01 1.071435803561015199e+00 1.584995648393328072e+00 1.685149916503244638e+00 1.555569204047870073e+02 1.888738875439025833e+02
3.842105263157894468e-01 2.394925719532658426e-01 3.600485736958750627e-01 1.073510929437029526e+00 1.585568231000024531e+00 1.684738129231537540e+00 1.581020891466976934e+02 1.921869514769105081e+02
4.315789473684210620e-01 2.682225000645556134e-01 4.042671733186941618e-01 1.075899346864160666e+00 1.586240298612796584e+00 1.684288551354283126e+00 1.610864019769540789e+02 1.960798797174325045e+02
4.789473684210526772e-01 2.966549304400610265e-01 4.484195976497155622e-01 1.078598360510684584e+00 1.587004189752283301e+00 1.683798339483836726e+00 1.645320924192130576e+02 2.005846142219286321e+02
5.263157894736841813e-01 3.247529328683381733e-01 4.924971853407720812e-01 1.081592602389809477e+00 1.587852508622872971e+00 1.683266994232385017e+00 1.684610606320289321e+02 2.057330088979743721e+02
5.736842105263157965e-01 3.524814132481453033e-01 5.364916815977124331e-01 1.084864794967253410e+00 1.588777372389471587e+00 1.682695369298210952e+00 1.728946368672405924e+02 2.115565421073168295e+02
6.210526315789474117e-01 3.798116058312675514e-01 5.803953968466438740e-01 1.088405940117590287e+00 1.589770483612370278e+00 1.682085470208687594e+00 1.778535097227733388e+02 2.180862303203364263e+02
6.684210526315789158e-01 4.067127882953443518e-01 6.242013453025254677e-01 1.092189719932586733e+00 1.590822844595827679e+00 1.681439775740693809e+00 1.833577813553204123e+02 2.253526790018648001e+02
7.157894736842105310e-01 4.331604315117423276e-01 6.679032952618184638e-01 1.096196251325613824e+00 1.591925280373333473e+00 1.680761499627691835e+00 1.894267786302705474e+02 2.333858867966020512e+02
7.631578947368421462e-01 4.591342322757087091e-01 7.114958162538099762e-01 1.100405168263396183e+00 1.593068445092052032e+00 1.680054184067782952e+00 1.960791005070182678e+02 2.422152905372945781e+02
8.105263157894736503e-01 4.846169076857431701e-01 7.549742822246062746e-01 1.104793323644961411e+00 1.594243088363123562e+00 1.679321610090308337e+00 2.033327340099756668e+02 2.518699021118397070e+02
8.578947368421052655e-01 5.095934820660809050e-01 7.983348327933184052e-01 1.109334658442383992e+00 1.595440325430455220e+00 1.678567759501131684e+00 2.112050224080269345e+02 2.623782713983811163e+02
9.052631578947368807e-01 5.340541888519213520e-01 8.415742964038503970e-01 1.114006758370799544e+00 1.596651543914281213e+00 1.677796455455211611e+00 2.197126408460496236e+02 2.737684667772966804e+02
9.526315789473683848e-01 5.579913770437633369e-01 8.846901264022324352e-01 1.118785578315706797e+00 1.597868774968342453e+00 1.677011497504563797e+00 2.288717380561606944e+02 2.860682286784035000e+02
1.000000000000000000e+00 5.814011465237736154e-01 9.276802938512290764e-01 1.123649428949475615e+00 1.599084715611094332e+00 1.676216531696861134e+00 2.386978818443602961e+02 2.993049102524040563e+02
