1.000000000000000056e-01 6.298375173521895964e-02 9.384517496782129875e-02 1.064739519335257789e+00 1.584087153522421243e+00 1.687602350353016645e+00 1.475127533963996598e+02 1.784815058070339546e+02
1.473684210526315930e-01 9.280939637716133228e-02 1.382953066732937886e-01 1.064252588164327218e+00 1.583623580993362534e+00 1.687126080876753642e+00 1.474830267431333937e+02 1.784558693101688789e+02
1.947368421052631526e-01 1.226145955850259511e-01 1.827386179133345667e-01 1.064085999525862913e+00 1.583423300689832836e+00 1.686877402268205373e+00 1.475659744241960993e+02 1.785803046041229720e+02
2.421052631578947401e-01 1.523752237595357717e-01 2.271676323645765161e-01 1.064107750151299436e+00 1.583354967783447087e+00 1.686707703309154205e+00 1.477844272215101000e+02 1.788911840384134564e+02
2.894736842105263275e-01 1.820589351634318565e-01 2.715716223667634099e-01 1.064317903646651686e+00 1.583386388037092862e+00 1.686562707698890495e+00 1.481848501040674080e+02 1.794542645240784964e+02
3.368421052631579427e-01 2.116203308625930757e-01 3.159367551536557683e-01 1.064732031039657523e+00 1.583513496484369565e+00 1.686414684376266848e+00 1.488231620509554318e+02 1.803472054587171272e+02
3.842105263157894468e-01 2.410050759444216373e-01 3.602466572148652069e-01 1.065384151720425443e+00 1.583741428835764520e+00 1.686245230311679055e+00 1.497595426770417077e+02 1.816528398374873063e+02
4.315789473684210620e-01 2.701516544353635974e-01 4.044832760223776580e-01 1.066311158139152448e+00 1.584080523556135045e+00 1.686043001345946868e+00 1.510547668488464694e+02 1.834544407755369093e+02
4.789473684210526772e-01 2.989946091027330666e-01 4.486280434469637202e-01 1.067549999219451262e+00 1.584538330027037256e+00 1.685797661176601459e+00 1.527677025694789563e+02 1.858324022392205563e+02
5.263157894736841813e-01 3.274658021991845858e-01 4.926631706676048994e-01 1.069123448240247853e+00 1.585122010279641946e+00 1.685503494293859372e+00 1.549531649483431863e+02 1.888614576831290606e+02
5.736842105263157965e-01 3.555035062889812525e-01 5.365729470512783372e-01 1.071057567817253586e+00 1.585833903988290272e+00 1.685156131285501901e+00 1.576604137811918065e+02 1.926087392374219576e+02
6.210526315789474117e-01 3.830501142417737093e-01 5.803448879988797326e-01 1.073359028531031045e+00 1.586671990212258798e+00 1.684753278878972527e+00 1.609324780322705806e+02 1.971328957242427578e+02
6.684210526315789158e-01 4.100587301916076566e-01 6.239705545794129726e-01 1.076029120920679816e+00 1.587631104215151634e+00 1.684295547258547465e+00 1.648058252052082366e+02 2.024837159224890399e+02
7.157894736842105310e-01 4.364942083556509478e-01 6.674460227958046721e-01 1.079060214724508526e+00 1.588701800812731380e+00 1.683784889797365070e+00 1.693108119201910142e+02 2.087027108156725603e+02
7.631578947368421462e-01 4.623357077781106161e-01 7.107719932029189502e-01 1.082440528099840815e+00 1.589871214877013772e+00 1.683224419007285588e+00 1.744726505439840594e+02 2.158243255414801069e+02
8.105263157894736503e-01 4.875680653167590584e-01 7.539534858760993385e-01 1.086138662389156240e+00 1.591125754110392476e+00 1.682619001926556335e+00 1.803122440782684066e+02 2.238770628493687411e+02
8.578947368421052655e-01 5.121945790785858987e-01 7.969993562749841942e-01 1.090135113961286706e+00 1.592449918435282719e+00 1.681973811327742485e+00 1.868475488297013101e+02 2.328851792956297686e+02
9.052631578947368807e-01 5.362239869717376761e-01 8.399216386454931849e-01 1.094398693260853594e+00 1.593828091926296597e+00 1.681294473734763928e+00 1.940946478853338419e+02 2.428700330859544181e+02
9.526315789473683848e-01 5.596741176911645965e-01 8.827348261779743854e-01 1.098899651794787768e+00 1.595245120368866010e+00 1.680586512540886757e+00 2.020687955161652951e+02 2.538513837099941952e+02
1.000000000000000000e+00 5.825670414560111254e-01 9.254551442893925728e-01 1.103605092324204007e+00 1.596686692690075793e+00 1.679855177281993184e+00 2.107851860250026732e+02 2.658483504166141529e+02
