1.000000000000000056e-01 6.294379882253314795e-02 9.383588993703068093e-02 1.066496201851965697e+00 1.584084790448015534e+00 1.687109383226259807e+00 1.485685154969265511e+02 1.798126090237499852e+02
1.473684210526315930e-01 9.270944684783138934e-02 1.382712438190572546e-01 1.066315931528091232e+00 1.583696701808756213e+00 1.686552574128863613e+00 1.489039574621401130e+02 1.802707343798454929e+02
1.947368421052631526e-01 1.223893800612900207e-01 1.826840930874839564e-01 1.066677161209579783e+00 1.583657804556385607e+00 1.686200452529520666e+00 1.496196762498260853e+02 1.812319283962347072e+02
2.421052631578947401e-01 1.519281497591717101e-01 2.270605253743970819e-01 1.067493958918031005e+00 1.583840374418594044e+00 1.685891351668227234e+00 1.507871376147647027e+02 1.827935716029076616e+02
2.894736842105263275e-01 1.812638623886433376e-01 2.713852557288167766e-01 1.068777076977909468e+00 1.584211080777824243e+00 1.685565787600182386e+00 1.524813387506366382e+02 1.850557948661267744e+02
3.368421052631579427e-01 2.103315534840306256e-01 3.156429145373300660e-01 1.070548480898442456e+00 1.584757991722525183e+00 1.685194992717160334e+00 1.547703924536894817e+02 1.881091063887496659e+02
3.842105263157894468e-01 2.390666572258559885e-01 3.598193473501909989e-01 1.072820073045183564e+00 1.585474173816717514e+00 1.684764913820299359e+00 1.577132345875229191e+02 1.920317003591871980e+02
4.315789473684210620e-01 2.674095121140590003e-01 4.039027263998999917e-01 1.075591747198366921e+00 1.586350323151310082e+00 1.684268964871494578e+00 1.613591052864532855e+02 1.968889609939697323e+02
4.789473684210526772e-01 2.953099842395146002e-01 4.478843977542324994e-01 1.078854531181166143e+00 1.587373368621129543e+00 1.683705696846979682e+00 1.657482782701416966e+02 2.027344352266700866e+02
5.263157894736841813e-01 3.227266926499975930e-01 4.917593358657358360e-01 1.082580833594096514e+00 1.588526623196373944e+00 1.683077111830847405e+00 1.709130695950025824e+02 2.096111866971085931e+02
5.736842105263157965e-01 3.496337860865467717e-01 5.355262742819348887e-01 1.086746680665146902e+00 1.589790871424050955e+00 1.682388072241276067e+00 1.768794630979903388e+02 2.175538258971495509e+02
6.210526315789474117e-01 3.760129873329844385e-01 5.791874649687840382e-01 1.091307440447897736e+00 1.591145097385490592e+00 1.681644730928875120e+00 1.836684843377076675e+02 2.265902895409206224e+02
6.684210526315789158e-01 4.018578656237501434e-01 6.227482489439151170e-01 1.096218479832465897e+00 1.592567958217281587e+00 1.680854249450857818e+00 1.912977662167019162e+02 2.367437807315980933e+02
7.157894736842105310e-01 4.271726802154396929e-01 6.662164697589036955e-01 1.101436841549770618e+00 1.594038825566719941e+00 1.680024232311847054e+00 1.997828236283000649e+02 2.480343686383505428e+02
7.631578947368421462e-01 4.519664103303323577e-01 7.096018435249986656e-01 1.106912664621610309e+00 1.595538440744625808e+00 1.679162172417091758e+00 2.091381297112678510e+02 2.604803294349304679e+02
8.105263157894736503e-01 4.762567081818622206e-01 7.529153522295247702e-01 1.112604397619509466e+00 1.597049528788427208e+00 1.678275248135900011e+00 2.193778853591214784e+02 2.740990994133289291e+02
8.578947368421052655e-01 5.000639132564562717e-01 7.961686921298845032e-01 1.118469489703578290e+00 1.598556981634966068e+00 1.677370037958636262e+00 2.305166152328650355e+02 2.889080209734208324e+02
9.052631578947368807e-01 5.234137787524938412e-01 8.393738146496282360e-01 1.124473497665009480e+00 1.600047861658289827e+00 1.676452379319871566e+00 2.425695386072416113e+02 3.049248028892302500e+02
9.526315789473683848e-01 5.463324409123102576e-01 8.825425835862493740e-01 1.130582573344649955e+00 1.601511491770839068e+00 1.675527489261893654e+00 2.555528185635687066e+02 3.221678059218292560e+02
1.000000000000000000e+00 5.688473608316617636e-01 9.256864810667615462e-01 1.136767268034523326e+00 1.602939217136763572e+00 1.674599855655230840e+00 2.694836364783608929e+02 3.406561564514850033e+02
