1.000000000000000056e-01 6.285650617256173522e-02 9.382036199625677642e-02 1.070391350873992620e+00 1.585348796916505654e+00 1.687447732005938450e+00 1.508154171931312817e+02 1.826341611928512805e+02
1.473684210526315930e-01 9.249740374443353452e-02 1.382369150354594289e-01 1.070879686135223663e+00 1.584857645814864657e+00 1.686330365370617645e+00 1.522363427635791311e+02 1.844668865650344003e+02
1.947368421052631526e-01 1.219850873269588132e-01 1.826246306437326050e-01 1.072329165111172156e+00 1.584955882607818056e+00 1.685569013150522544e+00 1.543289749826827801e+02 1.871607492352658539e+02
2.421052631578947401e-01 1.512693179354613615e-01 2.269738939694771196e-01 1.074461284488505086e+00 1.585373958974400921e+00 1.684901667941328673e+00 1.570796813468788287e+02 1.907032127000045136e+02
2.894736842105263275e-01 1.803016296082279313e-01 2.712755131416852428e-01 1.077166386319631464e+00 1.586013686432601766e+00 1.684242236330977915e+00 1.604968023658543643e+02 1.951083562341597144e+02
3.368421052631579427e-01 2.090385997852744759e-01 3.155210403566965915e-01 1.080389341004206472e+00 1.586825284199230968e+00 1.683557022044485985e+00 1.645945379413267915e+02 2.003975008734037146e+02
3.842105263157894468e-01 2.374396954641499746e-01 3.597030408033271565e-01 1.084078231000045411e+00 1.587775786418543778e+00 1.682832303927842332e+00 1.693889559988797942e+02 2.065943879074208098e+02
4.315789473684210620e-01 2.654690991367462671e-01 4.038152866164735344e-01 1.088184746042708761e+00 1.588839497080263508e+00 1.682063889289302061e+00 1.748967241679234803e+02 2.137236312522528863e+02
4.789473684210526772e-01 2.930968755571591866e-01 4.478528385433191983e-01 1.092663846221432866e+00 1.589994221941495089e+00 1.681252500338845213e+00 1.811345416462698097e+02 2.218100526992398045e+02
5.263157894736841813e-01 3.202996179528353471e-01 4.918120480835788677e-01 1.097473482106908760e+00 1.591219675169016634e+00 1.680401291707743994e+00 1.881190738552230926e+02 2.308786090993048958e+02
5.736842105263157965e-01 3.470583229360224009e-01 5.356905137655639804e-01 1.102568202509142115e+00 1.592497436948622447e+00 1.679514968718423429e+00 1.958671128244384079e+02 2.409545593514529571e+02
6.210526315789474117e-01 3.733579885957471478e-01 5.794869614212440068e-01 1.107901059567018898e+00 1.593810717262759802e+00 1.678598897888686103e+00 2.043956496587070717e+02 2.520635611458736776e+02
6.684210526315789158e-01 3.991929382664385351e-01 6.232010472262279333e-01 1.113439394203066035e+00 1.595144500256618914e+00 1.677658827460871693e+00 2.137216824036944161e+02 2.642314934243481730e+02
7.157894736842105310e-01 4.245572423533491846e-01 6.668332657405355857e-01 1.119140547702420774e+00 1.596485457314377188e+00 1.676700254632209841e+00 2.238628528151445209e+02 2.774851392217977377e+02
7.631578947368421462e-01 4.494498037755543796e-01 7.103847212721021709e-01 1.124968358927364465e+00 1.597821979929688219e+00 1.675728491079845561e+00 2.348371592118069202e+02 2.918519128836453547e+02
8.105263157894736503e-01 4.738730110007909890e-01 7.538569758212986249e-01 1.130890750483300566e+00 1.599144203275874254e+00 1.674748492314870774e+00 2.466630490471949315e+02 3.073599627401792986e+02
8.578947368421052655e-01 4.978320430747599223e-01 7.972519032276546014e-01 1.136879253280606017e+00 1.600443896831073465e+00 1.673764755882787503e+00 2.593594467989096302e+02 3.240382090579657870e+02
9.052631578947368807e-01 5.213342630720769755e-01 8.405715600440006874e-01 1.142908692787091063e+00 1.601714352764549210e+00 1.672781300304020169e+00 2.729457762573570676e+02 3.419163802709022661e+02
9.526315789473683848e-01 5.443859575502757453e-01 8.838181140250139789e-01 1.148952413626555646e+00 1.602950302799739379e+00 1.671801676020366001e+00 2.874421721264308758e+02 3.610252424746749966e+02
1.000000000000000000e+00 5.669963262882716792e-01 9.269937111971734423e-01 1.154990169420523571e+00 1.604147417693593924e+00 1.670829100446919790e+00 3.028690897123203740e+02 3.813961791447639484e+02
