1.000000000000000056e-01 6.295453051404775735e-02 9.383877438740138854e-02 1.066244395654590615e+00 1.583759179794065997e+00 1.686813044384993354e+00 1.484531715345211751e+02 1.796560170185040022e+02
1.473684210526315930e-01 9.276322291490415872e-02 1.382847506139962546e-01 1.065876521542627131e+00 1.583365829165427563e+00 1.686390468000791287e+00 1.484677757822653064e+02 1.796881813281646032e+02
1.947368421052631526e-01 1.225415296661289261e-01 1.827209406322131691e-01 1.065791097592607706e+00 1.583210996946714966e+00 1.686160647883875541e+00 1.486169660076154742e+02 1.799033833018698942e+02
2.421052631578947401e-01 1.522582408211506921e-01 2.271369790472690942e-01 1.065925418864892116e+00 1.583190674272876297e+00 1.685991839144082016e+00 1.489507322331288037e+02 1.803739702002546892e+02
2.894736842105263275e-01 1.818663100168873836e-01 2.715184033792505391e-01 1.066287422591604583e+00 1.583284531285086061e+00 1.685832946673001320e+00 1.495389749980171530e+02 1.811972332515249207e+02
3.368421052631579427e-01 2.113059582375021173e-01 3.158472576131224341e-01 1.066916371200444580e+00 1.583496384596197126e+00 1.685656674016552614e+00 1.504594580080462833e+02 1.824801046147475745e+02
3.842105263157894468e-01 2.405073973814568777e-01 3.601032569039318010e-01 1.067860228326616534e+00 1.583836442274526579e+00 1.685444262974315599e+00 1.517916735774217329e+02 1.843311131651441883e+02
4.315789473684210620e-01 2.693941543744735601e-01 4.042653740921330341e-01 1.069161881152321136e+00 1.584316113948172733e+00 1.685183304255102765e+00 1.536124477255172280e+02 1.868546133813402434e+02
4.789473684210526772e-01 2.978921640687233197e-01 4.483136821974991193e-01 1.070869083251718701e+00 1.584943665934619439e+00 1.684864787957153220e+00 1.559926539498470106e+02 1.901464718989486471e+02
5.263157894736841813e-01 3.259279987907078291e-01 4.922311499073635521e-01 1.073001338486476275e+00 1.585721824013846648e+00 1.684483500028545189e+00 1.589949593039491447e+02 1.942911832785174511e+02
5.736842105263157965e-01 3.534389684009919819e-01 5.360051583313808488e-01 1.075570129309118439e+00 1.586647641940427178e+00 1.684037397288457916e+00 1.626726445399813770e+02 1.993603910284302856e+02
6.210526315789474117e-01 3.803769257170213081e-01 5.796285441302981845e-01 1.078577183074273860e+00 1.587712443733713341e+00 1.683526961973236036e+00 1.670697253767301333e+02 2.054130601127515092e+02
6.684210526315789158e-01 4.067071448304541703e-01 6.231000356193591161e-01 1.082007198707201301e+00 1.588902879377288802e+00 1.682955473290220549e+00 1.722218236107690643e+02 2.124966376102751724e+02
7.157894736842105310e-01 4.324094583909353084e-01 6.664241193053367374e-01 1.085832624116599199e+00 1.590202151981109813e+00 1.682328022212524310e+00 1.781575838581909181e+02 2.206488946754135156e+02
7.631578947368421462e-01 4.574825843996188079e-01 7.096104841862752588e-01 1.090028430187703012e+00 1.591591248275398440e+00 1.681650836102267066e+00 1.849006360950210990e+02 2.299003983420569455e+02
8.105263157894736503e-01 4.819337833948149075e-01 7.526731374454214141e-01 1.094554336674086858e+00 1.593050233434371910e+00 1.680930602827007458e+00 1.924713005888452244e+02 2.402766773522558026e+02
8.578947368421052655e-01 5.057831045597419584e-01 7.956293868194873609e-01 1.099373540330692789e+00 1.594559873272344719e+00 1.680174536334976931e+00 2.008882159982242115e+02 2.518002601197404715e+02
9.052631578947368807e-01 5.290585178185601700e-01 8.384988301132627608e-01 1.104448347821058496e+00 1.596101823089632665e+00 1.679389606196025841e+00 2.101696711839630325e+02 2.644923078067029678e+02
9.526315789473683848e-01 5.517941957031393674e-01 8.813024222253615925e-01 1.109742879296363283e+00 1.597659388712612039e+00 1.678582277922472610e+00 2.203346200296419113e+02 2.783738394683348361e+02
1.000000000000000000e+00 5.740301702399798200e-01 9.240616857553433094e-01 1.115226702424196858e+00 1.599217819032531906e+00 1.677758364143694614e+00 2.314034297403973142e+02 2.934666018683075208e+02
