1.000000000000000056e-01 6.299223342100458700e-02 9.384706577598089794e-02 1.065605972067582119e+00 1.585133439287185197e+00 1.688709556141331447e+00 1.475144957860941588e+02 1.784728725095629898e+02
1.473684210526315930e-01 9.282414903265306938e-02 1.382987486532879784e-01 1.064650850188554321e+00 1.584297127037669117e+00 1.687886735010360129e+00 1.473810105966007313e+02 1.783190328874916304e+02
1.947368421052631526e-01 1.226395310152255669e-01 1.827440505316959840e-01 1.064224621004289384e+00 1.583905433559759768e+00 1.687474102547377619e+00 1.473786698901547538e+02 1.783367561113425950e+02
2.421052631578947401e-01 1.524113855004422813e-01 2.271728743437375908e-01 1.064063995681994612e+00 1.583716483240645179e+00 1.687213822693512499e+00 1.475125547245345103e+02 1.785460512011945298e+02
2.894736842105263275e-01 1.820926354108218514e-01 2.715677288582571403e-01 1.064124621011221183e+00 1.583666170088314118e+00 1.687011847671106679e+00 1.478421588341622908e+02 1.790373244439975622e+02
3.368421052631579427e-01 2.116102810612042195e-01 3.159025236166358441e-01 1.064424327211968002e+00 1.583746728675707205e+00 1.686821115284651063e+00 1.484568401946741574e+02 1.799411602831448818e+02
3.842105263157894468e-01 2.408657265989603558e-01 3.601425774795288248e-01 1.065017401487986737e+00 1.583971676974037734e+00 1.686610174815535990e+00 1.494659635748834035e+02 1.814153659813517550e+02
4.315789473684210620e-01 2.697393286105667642e-01 4.042461771801824644e-01 1.065979325279193812e+00 1.584363063211471134e+00 1.686355740410315107e+00 1.509903824749459886e+02 1.836333857336325650e+02
4.789473684210526772e-01 2.980941766457684827e-01 4.481677777721536637e-01 1.067374538716063581e+00 1.584942622853243499e+00 1.686039361363195654e+00 1.531536604234179322e+02 1.867723124120790317e+02
5.263157894736841813e-01 3.257904428258749374e-01 4.918624717764935039e-01 1.069259701813991770e+00 1.585726199216196397e+00 1.685647765063392978e+00 1.560731876810468748e+02 1.910009044476200586e+02
5.736842105263157965e-01 3.526999717331958939e-01 5.352909296567125441e-01 1.071677303759370314e+00 1.586719823183754041e+00 1.685173279155311121e+00 1.598529683386092870e+02 1.964699081179657583e+02
6.210526315789474117e-01 3.787130049776245566e-01 5.784236788889141057e-01 1.074633703981118460e+00 1.587917937626756038e+00 1.684614095020290581e+00 1.645789711359983585e+02 2.033059590658904767e+02
6.684210526315789158e-01 4.037543151995490187e-01 6.212439627071270065e-01 1.078121552479987200e+00 1.589303248748771269e+00 1.683973053703423428e+00 1.703181382071481380e+02 2.116102420610482682e+02
7.157894736842105310e-01 4.277810031763540355e-01 6.637486229845233066e-01 1.082107593224357123e+00 1.590850911383132837e+00 1.683257845605724778e+00 1.771203413197146972e+02 2.214611317318155557e+02
7.631578947368421462e-01 4.507835251595005421e-01 7.059472894961438261e-01 1.086543166230894197e+00 1.592529342262088088e+00 1.682478187239441647e+00 1.850224801196829958e+02 2.329195756018270629e+02
8.105263157894736503e-01 4.727790560781507945e-01 7.478603592229950969e-01 1.091369879523851338e+00 1.594306154758990068e+00 1.681646179548887510e+00 1.940533396512668673e+02 2.460354744837613339e+02
8.578947368421052655e-01 4.938070465935278652e-01 7.895164485940056043e-01 1.096526797723387903e+00 1.596149386573424866e+00 1.680773668016600109e+00 2.042383083690285446e+02 2.608538324415004581e+02
9.052631578947368807e-01 5.139216065762973740e-01 8.309498842816908093e-01 1.101955184570861501e+00 1.598030650810010167e+00 1.679872054631316391e+00 2.156036008489815003e+02 2.774201656951467498e+02
9.526315789473683848e-01 5.331861233156622859e-01 8.721984506206295062e-01 1.107600526550061026e+00 1.599925088315329536e+00 1.678951395094168797e+00 2.281792537001261962e+02 2.957843233080849359e+02
1.000000000000000000e+00 5.516681536695832166e-01 9.133016200527855899e-01 1.113414534151237589e+00 1.601812074564132660e+00 1.678020637110273050e+00 2.420013447890326574e+02 3.160031865704042389e+02
