1.000000000000000056e-01 6.297523500021556808e-02 9.384239935348070993e-02 1.068427958989212501e+00 1.587109852458199910e+00 1.690459049638166622e+00 1.482550298728670271e+02 1.793946751879909982e+02
1.473684210526315930e-01 9.276151436856276689e-02 1.382798345821546759e-01 1.066946380557169283e+00 1.585650533397590767e+00 1.688914806508461153e+00 1.482614611895657504e+02 1.794543947455904345e+02
1.947368421052631526e-01 1.224440614055284787e-01 1.826832239286150239e-01 1.066586604907248326e+00 1.585078410467358090e+00 1.688087748294210488e+00 1.487643237292932099e+02 1.801845771510724603e+02
2.421052631578947401e-01 1.519132609304046644e-01 2.270177713175701162e-01 1.067005048690121027e+00 1.584991345630414550e+00 1.687491547010894877e+00 1.499134265580444207e+02 1.818074075693199063e+02
2.894736842105263275e-01 1.810208678336607258e-01 2.712378610567492965e-01 1.068205062774525205e+00 1.585294661998797316e+00 1.686943810515544540e+00 1.519277902889537017e+02 1.846303245037851184e+02
3.368421052631579427e-01 2.095931394095031375e-01 3.152926479264906989e-01 1.070258244015517723e+00 1.585971041160999517e+00 1.686355305461834320e+00 1.550367266349664703e+02 1.889720530852189313e+02
3.842105263157894468e-01 2.374553215287455721e-01 3.591339127004996024e-01 1.073237340934575013e+00 1.587014323942929517e+00 1.685678746109532833e+00 1.594510840012173958e+02 1.951257637857311522e+02
4.315789473684210620e-01 2.644544307342021061e-01 4.027240884611219540e-01 1.077168850093978669e+00 1.588402763127996220e+00 1.684891421058302363e+00 1.653477338524473055e+02 2.033391241386666195e+02
4.789473684210526772e-01 2.904763283960044018e-01 4.460420558132498492e-01 1.082018026447900905e+00 1.590097954943460623e+00 1.683990060626897378e+00 1.728649591952422782e+02 2.138084682786448525e+02
5.263157894736841813e-01 3.154579234641346486e-01 4.890853501950599425e-01 1.087709012292919830e+00 1.592043078275010348e+00 1.682983763767976093e+00 1.821070531982060459e+02 2.266846911990227511e+02
5.736842105263157965e-01 3.393844576811675950e-01 5.318688260232835585e-01 1.094132597045436528e+00 1.594172786869594738e+00 1.681889216991643510e+00 1.931542408415841692e+02 2.420859013774341975e+02
6.210526315789474117e-01 3.622801632498051094e-01 5.744210054290026513e-01 1.101161219505069733e+00 1.596422713892880596e+00 1.680727093240687697e+00 2.060739281489644270e+02 2.601116642146585605e+02
6.684210526315789158e-01 3.842006379796836235e-01 6.167796314142690584e-01 1.108673980283754190e+00 1.598733822850480157e+00 1.679517921271005187e+00 2.209308549502977996e+02 2.808556870789066693e+02
7.157894736842105310e-01 4.052187449465798896e-01 6.589874958370164348e-01 1.116555871839948422e+00 1.601056347194829366e+00 1.678280026721345797e+00 2.377945508892562998e+02 3.044149851878313484e+02
7.631578947368421462e-01 4.254153889214928874e-01 7.010891067791850118e-01 1.124703712122140820e+00 1.603349116179659806e+00 1.677029995972754595e+00 2.567440877639508017e+02 3.308955073625575665e+02
8.105263157894736503e-01 4.448758967731485381e-01 7.431282995902870336e-01 1.133034327578441802e+00 1.605582734745741869e+00 1.675780543656222310e+00 2.778709313293419996e+02 3.604152779905238049e+02
8.578947368421052655e-01 4.636841380365866461e-01 7.851466860339075815e-01 1.141479904363460252e+00 1.607736118381958512e+00 1.674541704929856101e+00 3.012800928488321119e+02 3.931053090137008894e+02
9.052631578947368807e-01 4.819220390386809716e-01 8.271827594139221640e-01 1.149989779388054911e+00 1.609794193089544745e+00 1.673320738621813630e+00 3.270905741054544364e+02 4.291095507104605531e+02
9.526315789473683848e-01 4.996634709263875762e-01 8.692713702760058725e-01 1.158519590978347669e+00 1.611747795671194972e+00 1.672123435142095049e+00 3.554346762510413669e+02 4.685834802109623070e+02
1.000000000000000000e+00 5.169795881414569472e-01 9.114435379172092233e-01 1.167039873972995911e+00 1.613591746720702158e+00 1.670953428517993222e+00 3.864574559822505080e+02 5.116928541079977322e+02
