1.000000000000000056e-01 6.291131456195375726e-02 9.382895917990416446e-02 1.070667397068736149e+00 1.585456119108725970e+00 1.687821673483265839e+00 1.501630743135554837e+02 1.817819564910220151e+02
1.473684210526315930e-01 9.267955409646476406e-02 1.382641222247507629e-01 1.069772766597695268e+00 1.584452582972943002e+00 1.686729391716248472e+00 1.502337266324629468e+02 1.819053736824940870e+02
1.947368421052631526e-01 1.223744271556684721e-01 1.826758901823387071e-01 1.069600406263044423e+00 1.584057017830849956e+00 1.686134141036004896e+00 1.506419922004506304e+02 1.824858277674886438e+02
2.421052631578947401e-01 1.519226152429247190e-01 2.270414080804332990e-01 1.069951981761635418e+00 1.583996033394228897e+00 1.685701085602615557e+00 1.514996118703493266e+02 1.836845193212828917e+02
2.894736842105263275e-01 1.812232552188526302e-01 2.713302177154842121e-01 1.070832321388623276e+00 1.584204834754351809e+00 1.685304058186260390e+00 1.529559163845035812e+02 1.857095519552555913e+02
3.368421052631579427e-01 2.101558000251605995e-01 3.155065370949064474e-01 1.072305931424436753e+00 1.584673899486962689e+00 1.684879456864365244e+00 1.551690136371774429e+02 1.887798529811658170e+02
3.842105263157894468e-01 2.385894055290719573e-01 3.595328943200836735e-01 1.074439433663950005e+00 1.585406114440484959e+00 1.684390803298769557e+00 1.582914449794320149e+02 1.931067658474676989e+02
4.315789473684210620e-01 2.663944424719844606e-01 4.033744335263813596e-01 1.077273631519406027e+00 1.586399785488169734e+00 1.683817148358258464e+00 1.624604473945998677e+02 1.988815923709247784e+02
4.789473684210526772e-01 2.934577686157770482e-01 4.470030689359621445e-01 1.080824582087680730e+00 1.587642801288982275e+00 1.683149672061257762e+00 1.677927625040109376e+02 2.062688696027307174e+02
5.263157894736841813e-01 3.196887994834797797e-01 4.904004996702128749e-01 1.085066639428385216e+00 1.589110306222368596e+00 1.682388356558759845e+00 1.743832189866870976e+02 2.154045673085695398e+02
5.736842105263157965e-01 3.450301218085412569e-01 5.335595926143736900e-01 1.089954566947109793e+00 1.590768184670388496e+00 1.681540325724383056e+00 1.823068156722734727e+02 2.263987161461813287e+02
6.210526315789474117e-01 3.694536233531278135e-01 5.764841157808855421e-01 1.095416015822168410e+00 1.592575469047200043e+00 1.680616960662622450e+00 1.916232717454567762e+02 2.393411376876124166e+02
6.684210526315789158e-01 3.929597900079572215e-01 6.191871905939567711e-01 1.101368985716983051e+00 1.594489165352884541e+00 1.679632212582807371e+00 2.023822125104356644e+02 2.543080097905185539e+02
7.157894736842105310e-01 4.155718966329773334e-01 6.616891096611872136e-01 1.107728554952156275e+00 1.596468795480779468e+00 1.678600748651081442e+00 2.146283407334657056e+02 2.713683518690062897e+02
7.631578947368421462e-01 4.373311101503188913e-01 7.040150349782823280e-01 1.114415400936857203e+00 1.598477900044328992e+00 1.677536595678559062e+00 2.284057802567494946e+02 2.905894353897487008e+02
8.105263157894736503e-01 4.582849037186808583e-01 7.461928930345620437e-01 1.121346647739880575e+00 1.600485374204724920e+00 1.676452366243922354e+00 2.437610716770471129e+02 3.120405078240346484e+02
8.578947368421052655e-01 4.784909486541459867e-01 7.882517300263297555e-01 1.128457940826118389e+00 1.602466200741601510e+00 1.675358980504760620e+00 2.607455725823237458e+02 3.357956709285300576e+02
9.052631578947368807e-01 4.980078165875627683e-01 8.302204415975685814e-01 1.135690976859314638e+00 1.604399915153421174e+00 1.674265810649172348e+00 2.794166504149511070e+02 3.619352824391220338e+02
9.526315789473683848e-01 5.168945296603199013e-01 8.721269452169411185e-01 1.142997803855375860e+00 1.606272456702603213e+00 1.673179943515020973e+00 2.998384988633663397e+02 3.905467953903878993e+02
1.000000000000000000e+00 5.352082520847043501e-01 9.139976144189323470e-01 1.150338789142668849e+00 1.608073504088197714e+00 1.672107240690116958e+00 3.220824049045681932e+02 4.217249449754861530e+02
