1.000000000000000056e-01 6.289177279616262051e-02 9.382488192820788442e-02 1.068201805296251417e+00 1.585952863286300918e+00 1.688755978025503479e+00 1.493519821666516236e+02 1.808315832331138608e+02
1.473684210526315930e-01 9.249305194399370933e-02 1.382260486555898504e-01 1.068728931407503246e+00 1.585434613015725969e+00 1.687479222521512057e+00 1.510556731316644630e+02 1.830728321742292337e+02
1.947368421052631526e-01 1.218364015446775916e-01 1.825697072659715481e-01 1.070691710901493510e+00 1.585704489584351951e+00 1.686569482117578289e+00 1.539134869617448373e+02 1.868174293914427437e+02
2.421052631578947401e-01 1.508118554535758382e-01 2.268319876600671248e-01 1.073802438304385598e+00 1.586458069894110867e+00 1.685713038075364434e+00 1.580096576107588078e+02 1.921846626412269359e+02
2.894736842105263275e-01 1.793149807581652933e-01 2.709910869743140105e-01 1.077946785642559080e+00 1.587577328602229665e+00 1.684809050343838877e+00 1.634355817588798061e+02 1.993011720422349811e+02
3.368421052631579427e-01 2.072542614077870493e-01 3.150293453242823394e-01 1.083027792461451533e+00 1.588987938590155080e+00 1.683822896726145268e+00 1.702724378317911658e+02 2.082805540948454848e+02
3.842105263157894468e-01 2.345567671872874904e-01 3.589345188009711585e-01 1.088939154487357230e+00 1.590626739034666226e+00 1.682747871929109351e+00 1.785898559539582209e+02 2.192220304035983247e+02
4.315789473684210620e-01 2.611709539657921519e-01 4.027001652086841799e-01 1.095564216744826957e+00 1.592434371330224696e+00 1.681590553395074794e+00 1.884482752541426294e+02 2.322134375779247648e+02
4.789473684210526772e-01 2.870664760175999364e-01 4.463252095679377529e-01 1.102781765939535141e+00 1.594355395595954850e+00 1.680364221592028251e+00 1.999018097826086660e+02 2.473348518837835286e+02
5.263157894736841813e-01 3.122315827034212177e-01 4.898130503238757316e-01 1.110471284884147147e+00 1.596339794793853351e+00 1.679084710869464869e+00 2.130013558890426566e+02 2.646623786932854046e+02
5.736842105263157965e-01 3.366683399342085825e-01 5.331703987410814083e-01 1.118514823231478328e+00 1.598344306090898614e+00 1.677768137134736826e+00 2.277969296247157729e+02 2.842710603203490223e+02
6.210526315789474117e-01 3.603916919581640621e-01 5.764061061993822621e-01 1.126809748104554476e+00 1.600331522806330176e+00 1.676430147233039181e+00 2.443392135923056401e+02 3.062368290459594391e+02
6.684210526315789158e-01 3.834254541461905585e-01 6.195301809664257586e-01 1.135267639470257439e+00 1.602275915326998534e+00 1.675083431066767936e+00 2.626807927212591380e+02 3.306380176951790304e+02
7.157894736842105310e-01 4.057970557085264773e-01 6.625529979101261180e-01 1.143808929462815316e+00 1.604155920406358682e+00 1.673739679206150077e+00 2.828767393340026501e+02 3.575561055679351057e+02
7.631578947368421462e-01 4.275374383988965188e-01 7.054846992803430750e-01 1.152368494386064368e+00 1.605956313832548110e+00 1.672408125014317237e+00 3.049847209447380578e+02 3.870759212314954993e+02
8.105263157894736503e-01 4.486787657485937220e-01 7.483348539236776009e-01 1.160893037756145940e+00 1.607667383555076990e+00 1.671096232609598609e+00 3.290651207159057776e+02 4.192857641086853846e+02
8.578947368421052655e-01 4.692545537241121223e-01 7.911122036199679242e-01 1.169342189826498846e+00 1.609282825604508860e+00 1.669809707923676667e+00 3.551806459949569899e+02 4.542769946885467220e+02
9.052631578947368807e-01 4.892939409040417131e-01 8.338246024633886311e-01 1.177677894331323305e+00 1.610800412308886820e+00 1.668552829582344188e+00 3.833966251570051895e+02 4.921443701678044249e+02
9.526315789473683848e-01 5.088279478738694239e-01 8.764789143684653672e-01 1.185875414206947864e+00 1.612220636656891193e+00 1.667329053299316799e+00 4.137799352712407313e+02 5.329848484392204000e+02
1.000000000000000000e+00 5.278843851198192771e-01 9.190811174808373174e-01 1.193914485081139842e+00 1.613544928218025865e+00 1.666140161454853663e+00 4.463993021396796053e+02 5.768978678226911825e+02
