1.000000000000000056e-01 6.296986227785288104e-02 9.384217164615901718e-02 1.066202694325154132e+00 1.584591366862141193e+00 1.687868625468699424e+00 1.480835776754792903e+02 1.791893397571167839e+02
1.473684210526315930e-01 9.278924769643544235e-02 1.382907816935673995e-01 1.065525437429346800e+00 1.583927050124993352e+00 1.687191793172216681e+00 1.480262293663755315e+02 1.791303898469746230e+02
1.947368421052631526e-01 1.225854903436363053e-01 1.827310923524465835e-01 1.065255877717045330e+00 1.583625755565175819e+00 1.686842427548518542e+00 1.480946720240365551e+02 1.792408473945623939e+02
2.421052631578947401e-01 1.523273681530548651e-01 2.271520522892560012e-01 1.065229197192596011e+00 1.583503107614068206e+00 1.686610337316216457e+00 1.483237140201158013e+02 1.795769913488408349e+02
2.894736842105263275e-01 1.819636760143192311e-01 2.715363278375187428e-01 1.065427980783038686e+00 1.583515155366059579e+00 1.686417432528056537e+00 1.487858273270977065e+02 1.802436154297239739e+02
3.368421052631579427e-01 2.114232426222474315e-01 3.158601577398566507e-01 1.065889965719815091e+00 1.583660356750426823e+00 1.686223212750138423e+00 1.495731513450272701e+02 1.813713873264090353e+02
3.842105263157894468e-01 2.406174507140053098e-01 3.600942686227747713e-01 1.066679096030227036e+00 1.583950793142450353e+00 1.685999753231399056e+00 1.507888419210494249e+02 1.831053357447516134e+02
4.315789473684210620e-01 2.694420192076739107e-01 4.042058334699535349e-01 1.067854962477056358e+00 1.584405087799266143e+00 1.685728562220245363e+00 1.525395707168364652e+02 1.855948166218882704e+02
4.789473684210526772e-01 2.977858271585256955e-01 4.481613806465969407e-01 1.069472844813197820e+00 1.585037549420784453e+00 1.685394512846656090e+00 1.549290193942513838e+02 1.889847282003543683e+02
5.263157894736841813e-01 3.255391555978526252e-01 4.919301124324344521e-01 1.071571580452329586e+00 1.585857490577630813e+00 1.684988673958253802e+00 1.580520709700340092e+02 1.934078714955258249e+02
5.736842105263157965e-01 3.526071118855915176e-01 5.354871525346320826e-01 1.074181633096131128e+00 1.586865000883291188e+00 1.684506157941271676e+00 1.619911260749673829e+02 1.989800540267230531e+02
6.210526315789474117e-01 3.789118988534759813e-01 5.788159926857073811e-01 1.077305282379674489e+00 1.588051036994321263e+00 1.683946668263511137e+00 1.668143289504349127e+02 2.057978433758460142e+02
6.684210526315789158e-01 4.043986618352998774e-01 6.219098400722166131e-01 1.080923199825702286e+00 1.589398418277732095e+00 1.683313831323193455e+00 1.725761042528260134e+02 2.139392816931754737e+02
7.157894736842105310e-01 4.290410399427774801e-01 6.647717493226014129e-01 1.085009224601792166e+00 1.590885098760778771e+00 1.682614606884391462e+00 1.793193973705568283e+02 2.234667955536930322e+02
7.631578947368421462e-01 4.528346858476381964e-01 7.074137412397909497e-01 1.089519840769634040e+00 1.592483885372214525e+00 1.681857531289328467e+00 1.870788650487709504e+02 2.344313042183179334e+02
8.105263157894736503e-01 4.757943311955204480e-01 7.498552432143893443e-01 1.094403436414510322e+00 1.594167191908646419e+00 1.681052447812854567e+00 1.958841915120388251e+02 2.468764777765417477e+02
8.578947368421052655e-01 4.979520412975251276e-01 7.921212890583604338e-01 1.099608941666800899e+00 1.595908538096280971e+00 1.680209114088262012e+00 2.057633450170503977e+02 2.608428306409775246e+02
9.052631578947368807e-01 5.193511759132835026e-01 8.342407126358711844e-01 1.105086542715712383e+00 1.597683725249310127e+00 1.679337107898607240e+00 2.167451585493552955e+02 2.763709355059514223e+02
9.526315789473683848e-01 5.400443488431839745e-01 8.762445829463968439e-01 1.110792707393548850e+00 1.599471295292036022e+00 1.678445022930542985e+00 2.288614341013165188e+02 2.935039468935542573e+02
1.000000000000000000e+00 5.600837400738470917e-01 9.181648564153680470e-01 1.116679296733640525e+00 1.601253467312922396e+00 1.677540037667915485e+00 2.421480653478139118e+02 3.122888972128114347e+02
