1.000000000000000056e-01 6.290794582181054306e-02 9.382886161926735913e-02 1.068280151910319775e+00 1.584287856563843633e+00 1.686853240900599626e+00 1.496013924950053138e+02 1.811060892696565361e+02
1.473684210526315930e-01 9.263636120533784435e-02 1.382584124430427386e-01 1.068293115544506566e+00 1.583886564134409314e+00 1.686165376274676664e+00 1.502151084802634102e+02 1.819150156326664955e+02
1.947368421052631526e-01 1.222654632735899888e-01 1.826654586944194691e-01 1.068933097042388258e+00 1.583885211485659639e+00 1.685715386455654663e+00 1.512683466131697401e+02 1.832962680541830878e+02
2.421052631578947401e-01 1.517468675307837300e-01 2.270384562970728937e-01 1.070070491163982007e+00 1.584120678181099695e+00 1.685321699802856621e+00 1.527975071397866600e+02 1.853018701661224270e+02
2.894736842105263275e-01 1.810268395292590760e-01 2.713644583982726122e-01 1.071676875426858411e+00 1.584541663329026573e+00 1.684920062603959989e+00 1.548497680217083428e+02 1.879969493408885342e+02
3.368421052631579427e-01 2.100467789998702040e-01 3.156296017806121124e-01 1.073739758439989700e+00 1.585127209024322470e+00 1.684482230411404435e+00 1.574733084159546195e+02 1.914481037366471980e+02
3.842105263157894468e-01 2.387490442749880259e-01 3.598196656043653463e-01 1.076262025798851329e+00 1.585864565206802634e+00 1.683993942512312714e+00 1.607147048541856122e+02 1.957203314393121616e+02
4.315789473684210620e-01 2.670736181517499030e-01 4.039206559652817052e-01 1.079226802032275057e+00 1.586742828139819705e+00 1.683448582611393629e+00 1.646181555762651101e+02 2.008761382576277583e+02
4.789473684210526772e-01 2.949679293529746116e-01 4.479193728774005234e-01 1.082629562349975982e+00 1.587750412519608023e+00 1.682844311853277874e+00 1.692250024386666780e+02 2.069749731490244073e+02
5.263157894736841813e-01 3.223805056742641839e-01 4.918039026907009004e-01 1.086442882990952263e+00 1.588873757253282948e+00 1.682182109364441569e+00 1.745737521273995867e+02 2.140732574048795129e+02
5.736842105263157965e-01 3.492680424866971833e-01 5.355639766807038793e-01 1.090639887342796710e+00 1.590097699661579878e+00 1.681465284209519462e+00 1.807000238780697714e+02 2.222243350549931620e+02
6.210526315789474117e-01 3.755937918154922395e-01 5.791911938050141595e-01 1.095185735465877608e+00 1.591405807315413146e+00 1.680698715032499013e+00 1.876368174114448095e+02 2.314787953629408150e+02
6.684210526315789158e-01 4.013290605756134610e-01 6.226790876937725594e-01 1.100042639739874595e+00 1.592780961971434150e+00 1.679888307459611818e+00 1.954147423909442409e+02 2.418847552414808320e+02
7.157894736842105310e-01 4.264509850481966180e-01 6.660230683193399948e-01 1.105166096733614989e+00 1.594206113050835594e+00 1.679040652263659839e+00 2.040624025175657437e+02 2.534883207417056212e+02
7.631578947368421462e-01 4.509460464506340749e-01 7.092202403399524568e-01 1.110516143169461234e+00 1.595664733798288548e+00 1.678162543706830823e+00 2.136066855407363505e+02 2.663339536455427492e+02
8.105263157894736503e-01 4.748069286488558749e-01 7.522691799901849441e-01 1.116052039173151877e+00 1.597141370388547754e+00 1.677260721321772063e+00 2.240731667991726965e+02 2.804649451345931652e+02
8.578947368421052655e-01 4.980316267427522536e-01 7.951696546435270685e-01 1.121733611258289631e+00 1.598622040145571077e+00 1.676341707475375031e+00 2.354863438051339983e+02 2.959237044121024951e+02
9.052631578947368807e-01 5.206229714225716343e-01 8.379223439688467945e-01 1.127523063612546617e+00 1.600094394811463205e+00 1.675411596680820514e+00 2.478698716154113697e+02 3.127520365004119753e+02
9.526315789473683848e-01 5.425877668045585578e-01 8.805285688081392337e-01 1.133385577284097945e+00 1.601547809139632017e+00 1.674475965397431931e+00 2.612467160910984489e+02 3.309913232662547102e+02
1.000000000000000000e+00 5.639361258330677362e-01 9.229900516416700285e-01 1.139289888820856245e+00 1.602973357245286889e+00 1.673539806066826952e+00 2.756392394494337168e+02 3.506826132887220524e+02
