1.000000000000000056e-01 6.296126319803026228e-02 9.383978837120085514e-02 1.067838236740878077e+00 1.585784282904836751e+00 1.688943399594678541e+00 1.484917931695858897e+02 1.796964962684436102e+02
1.473684210526315930e-01 9.275549598970521392e-02 1.382805829039055745e-01 1.066823721253173485e+00 1.584741143814832220e+00 1.687835177763332917e+00 1.485040973491576040e+02 1.797464706968112580e+02
1.947368421052631526e-01 1.224782228784897092e-01 1.826975471392644212e-01 1.066570730063010730e+00 1.584323287646205669e+00 1.687240432964741021e+00 1.488496978174776189e+02 1.802489081537791549e+02
2.421052631578947401e-01 1.520501571713544497e-01 2.270650531908801062e-01 1.066854425437926412e+00 1.584248731513627773e+00 1.686812245368014329e+00 1.496443328044105670e+02 1.813742330133657958e+02
2.894736842105263275e-01 1.813588169928071481e-01 2.713477913942142217e-01 1.067687902630423569e+00 1.584456292047743409e+00 1.686419022481997487e+00 1.510556364447340911e+02 1.833581251103555303e+02
3.368421052631579427e-01 2.102662003393440671e-01 3.155035511830201478e-01 1.069149683564790232e+00 1.584942518331100558e+00 1.685992434926330885e+00 1.532662622104772936e+02 1.864550041315725082e+02
3.842105263157894468e-01 2.386205874796403503e-01 3.594880107918438927e-01 1.071319335000940898e+00 1.585716721606652335e+00 1.685493133529704313e+00 1.564540127040710331e+02 1.909123315831317029e+02
4.315789473684210620e-01 2.662738517685757089e-01 4.032606664047542200e-01 1.074251095310775339e+00 1.586780626624741952e+00 1.684898590079690006e+00 1.607785813919639963e+02 1.969533192744854375e+02
4.789473684210526772e-01 2.930982939259096365e-01 4.467903823777160666e-01 1.077960213905889253e+00 1.588120842153479373e+00 1.684199520275208251e+00 1.663734597432058422e+02 2.047665292722104198e+02
5.263157894736841813e-01 3.190017731676408341e-01 4.900592978127742416e-01 1.082429382371428161e+00 1.589708263440250624e+00 1.683397389046305870e+00 1.733445302524225724e+02 2.145039762647727741e+02
5.736842105263157965e-01 3.439284159319078160e-01 5.330641733694188034e-01 1.087596629173429585e+00 1.591501756170101922e+00 1.682501641831116057e+00 1.817731175082864468e+02 2.262851278527496106e+02
6.210526315789474117e-01 3.678614866075243794e-01 5.758154963086513645e-01 1.093378526113016447e+00 1.593452659297790674e+00 1.681526287888448490e+00 1.917227256872799046e+02 2.402054265415403336e+02
6.684210526315789158e-01 3.908174019920159226e-01 6.183349667166885277e-01 1.099681701205888595e+00 1.595511136983930323e+00 1.680487993772021404e+00 2.032465459034859521e+02 2.563458100979343612e+02
7.157894736842105310e-01 4.128360600412421810e-01 6.606523208179601037e-01 1.106407829754393557e+00 1.597631151792953563e+00 1.679403746243053774e+00 2.163942423004369573e+02 2.747812567079677137e+02
7.631578947368421462e-01 4.339739268453705057e-01 7.028022397951265710e-01 1.113463826521530864e+00 1.599772462822344643e+00 1.678289288418448155e+00 2.312173938676506850e+02 2.955875409701575904e+02
8.105263157894736503e-01 4.542990084885626390e-01 7.448217460485635488e-01 1.120770031352532170e+00 1.601901362690751673e+00 1.677157968130740251e+00 2.477734029222364143e+02 3.188459866599685597e+02
8.578947368421052655e-01 4.738821567091757170e-01 7.867482412583116647e-01 1.128255477136918206e+00 1.603991638026603272e+00 1.676021470703157323e+00 2.661277911368100035e+02 3.446460972170892774e+02
9.052631578947368807e-01 4.927952418493379283e-01 8.286181266198965334e-01 1.135861674341976713e+00 1.606023008687445186e+00 1.674889085963569002e+00 2.863556165006923493e+02 3.730870363801250278e+02
9.526315789473683848e-01 5.111080206172093909e-01 8.704659092497807338e-01 1.143540443725813205e+00 1.607981707343141276e+00 1.673767900062216984e+00 3.085420543984481014e+02 4.042780055438510658e+02
1.000000000000000000e+00 5.288862155788857100e-01 9.123236452798008100e-01 1.151252153135134515e+00 1.609857470943020674e+00 1.672663673894443814e+00 3.327823927237438966e+02 4.383378783307889535e+02
