1.000000000000000056e-01 6.296935277301668465e-02 9.384148629501619376e-02 1.066659426607826422e+00 1.585264011002972540e+00 1.688580492556464918e+00 1.480895677736634468e+02 1.792002011821068379e+02
1.473684210526315930e-01 9.276401577789841757e-02 1.382828326346451087e-01 1.065868701345849212e+00 1.584431159603972850e+00 1.687666654255430387e+00 1.481664067621490233e+02 1.793300988659043185e+02
1.947368421052631526e-01 1.224900368266522294e-01 1.827029167683149324e-01 1.065764626608554533e+00 1.584125415387827251e+00 1.687165382893292209e+00 1.485699538737601983e+02 1.798978719918372633e+02
2.421052631578947401e-01 1.520820799260744483e-01 2.270821718866655181e-01 1.066144896867957437e+00 1.584112159110542262e+00 1.686793415009577579e+00 1.493857415984171837e+02 1.810282283785901711e+02
2.894736842105263275e-01 1.814543232197302347e-01 2.713946812918230922e-01 1.067016676040205780e+00 1.584335289703346028e+00 1.686444280664446405e+00 1.507347651270133895e+02 1.828898842061495316e+02
3.368421052631579427e-01 2.105011393462125624e-01 3.156096069272675830e-01 1.068423119455782277e+00 1.584787180102382731e+00 1.686065039142221833e+00 1.527468747583536981e+02 1.856628801946098974e+02
3.842105263157894468e-01 2.391066685807888836e-01 3.596936078518169211e-01 1.070419726537292560e+00 1.585470985524609189e+00 1.685624222628312241e+00 1.555496096819690877e+02 1.895244872727785150e+02
4.315789473684210620e-01 2.671532141488840995e-01 4.036138625299113269e-01 1.073047109207204475e+00 1.586388510246157235e+00 1.685104300251158094e+00 1.592607508607847535e+02 1.946398015460307249e+02
4.789473684210526772e-01 2.945322613313135496e-01 4.473412652979302795e-01 1.076325753846121724e+00 1.587532304276720652e+00 1.684496221809314020e+00 1.639840580788135753e+02 2.011562340295759554e+02
5.263157894736841813e-01 3.211494231151044709e-01 4.908530697968987444e-01 1.080239771526838144e+00 1.588885264443330225e+00 1.683798853379548932e+00 1.698069868188053988e+02 2.092006340711723169e+02
5.736842105263157965e-01 3.469356766072776432e-01 5.341346256519269309e-01 1.084757824454451125e+00 1.590421236711906827e+00 1.683016970134744383e+00 1.768011985874064464e+02 2.188798321283779842e+02
6.210526315789474117e-01 3.718447576130454180e-01 5.771799047850836306e-01 1.089819725104476111e+00 1.592107041654219568e+00 1.682159377369999209e+00 1.850245987904949629e+02 2.302831879458143476e+02
6.684210526315789158e-01 3.958564511088050186e-01 6.199909736033994978e-01 1.095357347833232797e+00 1.593907152692844997e+00 1.681238005137448477e+00 1.945245425942540294e+02 2.434866052682917825e+02
7.157894736842105310e-01 4.189723599967642431e-01 6.625767455973502473e-01 1.101295769052226481e+00 1.595784882547740757e+00 1.680265817656207084e+00 2.053413922802390346e+02 2.585569758539969030e+02
7.631578947368421462e-01 4.412113698982348953e-01 7.049513819307121620e-01 1.107558541370603944e+00 1.597706244797991060e+00 1.679255778016993217e+00 2.175118211460784892e+02 2.755563084496087640e+02
8.105263157894736503e-01 4.626053529681097287e-01 7.471326517296063008e-01 1.114072958387160694e+00 1.599641369578225003e+00 1.678220037954969213e+00 2.310715329620857688e+02 2.945451351945017109e+02
8.578947368421052655e-01 4.831934024685152762e-01 7.891404664124078705e-01 1.120770120750151477e+00 1.601565086615772238e+00 1.677169724702988862e+00 2.460572313417999055e+02 3.155849775805013451e+02
9.052631578947368807e-01 5.030216421424870132e-01 8.309957073557785456e-01 1.127592821247643595e+00 1.603456988775180170e+00 1.676114479395421686e+00 2.625081313147155697e+02 3.387402190503365205e+02
9.526315789473683848e-01 5.221378382647967609e-01 8.727193304553070297e-01 1.134490240504363534e+00 1.605300565586628148e+00 1.675062221837553045e+00 2.804669311065851502e+02 3.640793214109470455e+02
1.000000000000000000e+00 5.405903969329217684e-01 9.143317600150439040e-01 1.141420107373366299e+00 1.607084263089576526e+00 1.674019223532567935e+00 2.999802380826500894e+02 3.916753181456931543e+02
