1.000000000000000056e-01 6.270506357653175822e-02 9.380560805703645755e-02 1.075787916363607932e+00 1.586893575807383883e+00 1.687326044242524192e+00 1.549873103927056661e+02 1.878153676726056460e+02
1.473684210526315930e-01 9.216578649921428057e-02 1.382083377055848827e-01 1.077818865495374867e+00 1.586498254076532666e+00 1.685551564667166602e+00 1.583951159112936296e+02 1.921140708436878981e+02
1.947368421052631526e-01 1.214027304675370927e-01 1.825786724793886096e-01 1.080981405263841566e+00 1.586830580999078366e+00 1.684276184546364519e+00 1.626396806088218625e+02 1.974798001908333447e+02
2.421052631578947401e-01 1.503685138355031203e-01 2.269071533481761549e-01 1.084871240938117598e+00 1.587519189767987227e+00 1.683157131988796573e+00 1.676816586057613279e+02 2.038717908519421940e+02
2.894736842105263275e-01 1.790163640125711775e-01 2.711841121081927652e-01 1.089317632422760251e+00 1.588428298865617316e+00 1.682084004888465545e+00 1.735276849889317532e+02 2.113060074856301185e+02
3.368421052631579427e-01 2.073019549855690813e-01 3.153998963542084533e-01 1.094224544579578406e+00 1.589490421847492563e+00 1.681013536329523106e+00 1.802020328074208066e+02 2.198207617329744039e+02
3.842105263157894468e-01 2.351851730763331594e-01 3.595450370675640772e-01 1.099528735520308054e+00 1.590664103464767720e+00 1.679928289111746187e+00 1.877373063020909569e+02 2.294655120973892224e+02
4.315789473684210620e-01 2.626280072685766576e-01 4.036104545165875024e-01 1.105170883370588664e+00 1.591919557139627184e+00 1.678822296287067584e+00 1.961711727865579746e+02 2.402968440168546636e+02
4.789473684210526772e-01 2.895965180255999361e-01 4.475875661596628308e-01 1.111098537692812638e+00 1.593233138370345303e+00 1.677695077584567374e+00 2.055440809068921340e+02 2.523757786999212840e+02
5.263157894736841813e-01 3.160609691660470899e-01 4.914683693764183015e-01 1.117262856754805078e+00 1.594585059714791475e+00 1.676549240937853069e+00 2.158982853934323884e+02 2.657666191064710688e+02
5.736842105263157965e-01 3.419952035201195284e-01 5.352454818867163899e-01 1.123615614192498446e+00 1.595958357276981765e+00 1.675388978022143815e+00 2.272771782711787694e+02 2.805361636285500708e+02
6.210526315789474117e-01 3.673779639539731523e-01 5.789121110240602608e-01 1.130113312837297324e+00 1.597338278130689959e+00 1.674219267821782209e+00 2.397245466300177270e+02 2.967528703610162211e+02
6.684210526315789158e-01 3.921925439531745439e-01 6.224620117145159837e-01 1.136715956647207593e+00 1.598712075225434903e+00 1.673045247634499244e+00 2.532843153261432008e+02 3.144865701647072456e+02
7.157894736842105310e-01 4.164255502489986327e-01 6.658894177436024409e-01 1.143384910624608342e+00 1.600068996128873655e+00 1.671872064261382906e+00 2.680002027428265023e+02 3.338080704088915240e+02
7.631578947368421462e-01 4.400670596128579692e-01 7.091889462648814924e-01 1.150084538486083385e+00 1.601399998859893259e+00 1.670704630427771065e+00 2.839153860515249903e+02 3.547887770880647622e+02
8.105263157894736503e-01 4.631107898139755763e-01 7.523554841848211217e-01 1.156783372525790998e+00 1.602697468541164127e+00 1.669547514158051360e+00 3.010720871353910297e+02 3.775002204789581697e+02
8.578947368421052655e-01 4.855550317623019696e-01 7.953840727666783295e-01 1.163456228429902595e+00 1.603955687860039614e+00 1.668404745312750403e+00 3.195110513310166880e+02 4.020134307673055787e+02
9.052631578947368807e-01 5.073966448198231616e-01 8.382698975224619486e-01 1.170073810622786592e+00 1.605170434456707484e+00 1.667279924386285694e+00 3.392721694963938717e+02 4.283995745568738585e+02
9.526315789473683848e-01 5.286374884207593050e-01 8.810080781890281543e-01 1.176615400956782409e+00 1.606338437013816289e+00 1.666176118201926792e+00 3.603928597326171257e+02 4.567280804621098014e+02
1.000000000000000000e+00 5.492802784293150387e-01 9.235936536721517376e-01 1.183061562776248632e+00 1.607457490133496147e+00 1.665095927508526419e+00 3.829084377464297404e+02 4.870669424179400266e+02
