1.000000000000000056e-01 6.292745875206121053e-02 9.383220051921109528e-02 1.068668670019223832e+00 1.585267261244174275e+00 1.688036315931388476e+00 1.492746148175189091e+02 1.806886231764300987e+02
1.473684210526315930e-01 9.267510422036430440e-02 1.382632297451110714e-01 1.068128734802993751e+00 1.584476063400596102e+00 1.687042326461442032e+00 1.496381058965169473e+02 1.811911783520692438e+02
1.947368421052631526e-01 1.223206426977730688e-01 1.826669552270453745e-01 1.068399391909685914e+00 1.584264595412231635e+00 1.686457928722587152e+00 1.504753109030382916e+02 1.823195377437776870e+02
2.421052631578947401e-01 1.517943270695469027e-01 2.270252305075308452e-01 1.069275480636023623e+00 1.584384299623408765e+00 1.685991857008023009e+00 1.518666371707425640e+02 1.841870590484646470e+02
2.894736842105263275e-01 1.810155300220388230e-01 2.713168785869423116e-01 1.070738689823773182e+00 1.584763882483237962e+00 1.685538517310701367e+00 1.539097265702051232e+02 1.869274950601272280e+02
3.368421052631579427e-01 2.098968723011670479e-01 3.155191516946570518e-01 1.072807388697680109e+00 1.585377795232965514e+00 1.685049130603802681e+00 1.567005291200038073e+02 1.906722866484407461e+02
3.842105263157894468e-01 2.383470400919089349e-01 3.596094564650132441e-01 1.075486144900995811e+00 1.586211503693987002e+00 1.684498569940504176e+00 1.603278065013429057e+02 1.955439186523344688e+02
4.315789473684210620e-01 2.662824904584550345e-01 4.035670863696617650e-01 1.078783202784458384e+00 1.587250180387639764e+00 1.683874807903240178e+00 1.648706823391029559e+02 2.016529670742302187e+02
4.789473684210526772e-01 2.936264149326465178e-01 4.473747279753526596e-01 1.082675459670610074e+00 1.588475025704238375e+00 1.683174465963609201e+00 1.703981385879569359e+02 2.090974856296321036e+02
5.263157894736841813e-01 3.203164448901318906e-01 4.910194789651392555e-01 1.087126724616321649e+00 1.589861850256175435e+00 1.682399473762880904e+00 1.769692604980371584e+02 2.179633613075471601e+02
5.736842105263157965e-01 3.463068436229067570e-01 5.344933589417575348e-01 1.092089488095278282e+00 1.591382907812495251e+00 1.681556002223520752e+00 1.846346497742077304e+02 2.283260258553164590e+02
6.210526315789474117e-01 3.715671794451633203e-01 5.777932582553988450e-01 1.097503111849086110e+00 1.593008473972434835e+00 1.680652824690176628e+00 1.934381137210299642e+02 2.402525442538788809e+02
6.684210526315789158e-01 3.960817827295119442e-01 6.209204194177861957e-01 1.103300322653236742e+00 1.594708747786406366e+00 1.679700260576484583e+00 2.034183590535792518e+02 2.538037513666673135e+02
7.157894736842105310e-01 4.198495281783361510e-01 6.638797426354576814e-01 1.109415428072609178e+00 1.596455246601732325e+00 1.678708816630522627e+00 2.146110352056225850e+02 2.690367041764356486e+02
7.631578947368421462e-01 4.428800358682249971e-01 7.066788718665230062e-01 1.115783890505271048e+00 1.598222235665896607e+00 1.677688937909041167e+00 2.270500725707238132e+02 2.860063965646663178e+02
8.105263157894736503e-01 4.651909849185503765e-01 7.493273593210270089e-01 1.122344357457279118e+00 1.599987183119327971e+00 1.676650396696884426e+00 2.407689468418916761e+02 3.047673017398102502e+02
8.578947368421052655e-01 4.868058161132893247e-01 7.918359030159148881e-01 1.129040475342531824e+00 1.601729964646865678e+00 1.675602249827201184e+00 2.558015739085248583e+02 3.253744854867429126e+02
9.052631578947368807e-01 5.077529986316444699e-01 8.342157242144119245e-01 1.135824183980815860e+00 1.603436671246516232e+00 1.674551685556307623e+00 2.721828912909545579e+02 3.478843245019659207e+02
9.526315789473683848e-01 5.280644049582876587e-01 8.764781038949850389e-01 1.142655608975735371e+00 1.605095814264513310e+00 1.673505450141319573e+00 2.899493851688972654e+02 3.723551451618907322e+02
1.000000000000000000e+00 5.477703329897475326e-01 9.186339894137903750e-01 1.149496054451135452e+00 1.606698144969156639e+00 1.672468816278869230e+00 3.091390103965542266e+02 3.988471733589809674e+02
