1.000000000000000056e-01 6.245154644309695857e-02 9.378590076343604198e-02 1.085303623557487773e+00 1.589182214470252763e+00 1.686645318958033046e+00 1.628095451301458638e+02 1.974942507035948438e+02
1.473684210526315930e-01 9.164045249798079273e-02 1.381727519857833264e-01 1.089627486774637610e+00 1.588886228418409763e+00 1.683911594803716216e+00 1.694971442360274239e+02 2.058523908186076881e+02
1.947368421052631526e-01 1.205159832017744098e-01 1.825247078470536854e-01 1.095181128375059210e+00 1.589465084178220078e+00 1.681899489557110439e+00 1.772525635285279293e+02 2.155671013783988883e+02
2.421052631578947401e-01 1.490401734393489164e-01 2.268344566099906034e-01 1.101408791430651180e+00 1.590418847720656226e+00 1.680152085645434834e+00 1.860236236918954091e+02 2.265824523491235709e+02
2.894736842105263275e-01 1.771797700985579815e-01 2.710950985498017385e-01 1.108081409975385956e+00 1.591564758655068967e+00 1.678521938774125477e+00 1.958155397777481994e+02 2.389129798015771939e+02
3.368421052631579427e-01 2.049054812276627502e-01 3.153002017171139815e-01 1.115068268156076625e+00 1.592814899640966786e+00 1.676951118798950091e+00 2.066550142784957416e+02 2.526001981606395077e+02
3.842105263157894468e-01 2.321939216938558870e-01 3.594438051826048808e-01 1.122287834362961423e+00 1.594118646531108352e+00 1.675415162007935610e+00 2.185790310671480654e+02 2.676990827403008097e+02
4.315789473684210620e-01 2.590236013863592146e-01 4.035204572010168134e-01 1.129668804380699054e+00 1.595443477374163921e+00 1.673903773485451607e+00 2.316308871325759355e+02 2.842731886423880496e+02
4.789473684210526772e-01 2.853773483673112676e-01 4.475251537237462940e-01 1.137155940894342798e+00 1.596767019352420158e+00 1.672413500568376010e+00 2.458575958827499903e+02 3.023916234563289436e+02
5.263157894736841813e-01 3.112405986760075627e-01 4.914533139082394864e-01 1.144700329383545823e+00 1.598072964668109330e+00 1.670944213770123365e+00 2.613089663874677058e+02 3.221279295480175051e+02
5.736842105263157965e-01 3.366020779933531770e-01 5.353007018787944160e-01 1.152261055723648342e+00 1.599349411102215734e+00 1.669497372796111767e+00 2.780365026207878145e+02 3.435588357526456775e+02
6.210526315789474117e-01 3.614542174471788716e-01 5.790633525244092139e-01 1.159805313444608910e+00 1.600587514323301042e+00 1.668075161106925552e+00 2.960927829391634418e+02 3.667635667688678609e+02
6.684210526315789158e-01 3.857911161687192503e-01 6.227375280670407465e-01 1.167302838111698104e+00 1.601780856179136681e+00 1.666679977303806348e+00 3.155313969104111038e+02 3.918237750687337666e+02
7.157894736842105310e-01 4.096094855007657021e-01 6.663196282243463164e-01 1.174728765997811619e+00 1.602925353106824380e+00 1.665314094630279129e+00 3.364062437392926199e+02 4.188227788452209097e+02
7.631578947368421462e-01 4.329080664408567758e-01 7.098061327068457826e-01 1.182062214741623984e+00 1.604018308891048239e+00 1.663979586394822352e+00 3.587712700076649526e+02 4.478452796478935625e+02
8.105263157894736503e-01 4.556845884315902095e-01 7.531936176318058118e-01 1.189280866710744844e+00 1.605058240810742332e+00 1.662678228224144794e+00 3.826811118178200672e+02 4.789780695170357490e+02
8.578947368421052655e-01 4.779407207474250519e-01 7.964785711369861687e-01 1.196370852635744386e+00 1.606044476250581221e+00 1.661411519943665427e+00 4.081890170369240423e+02 5.123077506958677532e+02
9.052631578947368807e-01 4.996784229986275250e-01 8.396574414438782163e-01 1.203319406090563870e+00 1.606977224865499654e+00 1.660180603113556641e+00 4.353476994847718515e+02 5.479216479513768263e+02
9.526315789473683848e-01 5.209002629669575724e-01 8.827265811655171657e-01 1.210115761910759868e+00 1.607857532328231143e+00 1.658986297284478439e+00 4.642088403809273700e+02 5.859072441017995061e+02
1.000000000000000000e+00 5.416066095882944298e-01 9.256823109736712629e-01 1.216747243753222296e+00 1.608686935147632280e+00 1.657829144182233039e+00 4.948239618595396223e+02 6.263530936043658812e+02
