1.000000000000000056e-01 6.287033118274923393e-02 9.382025155392062499e-02 1.071816275236699090e+00 1.585472974214336750e+00 1.687446816292334839e+00 1.510496225128631522e+02 1.829092732650173616e+02
1.473684210526315930e-01 9.256586534686464529e-02 1.382415560746245997e-01 1.071473570703930678e+00 1.584639976496481584e+00 1.686278131881876474e+00 1.517301278241724560e+02 1.838165116259172294e+02
1.947368421052631526e-01 1.221371526132536550e-01 1.826337183043731105e-01 1.072066217052155546e+00 1.584465604806685635e+00 1.685566038347217299e+00 1.529898373458771630e+02 1.854787527765008974e+02
2.421052631578947401e-01 1.515207259776404081e-01 2.269819113413178158e-01 1.073343824348034881e+00 1.584654451968282807e+00 1.684988503712065322e+00 1.548758132235755056e+02 1.879634426440528330e+02
2.894736842105263275e-01 1.806481218027924107e-01 2.712703379036364160e-01 1.075238633064649729e+00 1.585109809210283549e+00 1.684433553762483493e+00 1.574492705494374150e+02 1.913544814877581928e+02
3.368421052631579427e-01 2.094512976026378648e-01 3.154832574325154293e-01 1.077731633390816901e+00 1.585787757406678100e+00 1.683852501127870882e+00 1.607697359395869796e+02 1.957333697244096413e+02
3.842105263157894468e-01 2.378632789517841628e-01 3.596059836306335633e-01 1.080798991005372800e+00 1.586660553665341311e+00 1.683222722308454156e+00 1.648915863260641856e+02 2.011751571710440487e+02
4.315789473684210620e-01 2.658237407036417310e-01 4.036257204152545186e-01 1.084415346756520515e+00 1.587704498352967342e+00 1.682534385821464973e+00 1.698631401051582941e+02 2.077474581828977023e+02
4.789473684210526772e-01 2.932800897927070882e-01 4.475322077503171014e-01 1.088543971851160252e+00 1.588896071858181269e+00 1.681785282619792765e+00 1.757271203688557080e+02 2.155110351024841009e+02
5.263157894736841813e-01 3.201887948184584665e-01 4.913180680135635359e-01 1.093137528020684979e+00 1.590210884836581240e+00 1.680977841105963932e+00 1.825213010518169483e+02 2.245206327845222063e+02
5.736842105263157965e-01 3.465195368504486173e-01 5.349788830602364431e-01 1.098151006832939425e+00 1.591624066480164412e+00 1.680117400347516998e+00 1.902794160722858976e+02 2.348261071600827563e+02
6.210526315789474117e-01 3.722518786681253689e-01 5.785130476812029299e-01 1.103532454481420011e+00 1.593111082575323412e+00 1.679211022559593536e+00 1.990323325435713855e+02 2.464738548229540811e+02
6.684210526315789158e-01 3.973721515247127245e-01 6.219214217704521763e-01 1.109220833890007807e+00 1.594648501686585895e+00 1.678266606615676615e+00 2.088088711747212756e+02 2.595078441714611017e+02
7.157894736842105310e-01 4.218785493426037703e-01 6.652068850452411697e-01 1.115165185847828866e+00 1.596214745411941971e+00 1.677292288080821869e+00 2.196366232009698365e+02 2.739706321648490643e+02
7.631578947368421462e-01 4.457751598133145032e-01 7.083738793524055888e-01 1.121313553032809329e+00 1.597790660795893602e+00 1.676295956593419012e+00 2.315427407043584367e+02 2.899043218569114515e+02
8.105263157894736503e-01 4.690714824473269373e-01 7.514279420425012956e-01 1.127617120015546259e+00 1.599358460496832723e+00 1.675285472798539343e+00 2.445544431087396617e+02 3.073512017661006439e+02
8.578947368421052655e-01 4.917813194741691984e-01 7.943753006187724841e-01 1.134031573426337092e+00 1.600906039828055016e+00 1.674267054498401741e+00 2.586993974176836559e+02 3.263542140744630160e+02
9.052631578947368807e-01 5.139217079035195423e-01 8.372225226184893954e-01 1.140517632012610694e+00 1.602421270464602809e+00 1.673246747077386631e+00 2.740059658878628852e+02 3.469572727380124775e+02
9.526315789473683848e-01 5.355118890820563804e-01 8.799762457525608372e-01 1.147040988380045645e+00 1.603895115785175962e+00 1.672229720846957646e+00 2.905033581497737600e+02 3.692054523723244870e+02
1.000000000000000000e+00 5.565723973506657707e-01 9.226429668028101050e-01 1.153571973593598976e+00 1.605320732366648517e+00 1.671220361976495594e+00 3.082216977458062956e+02 3.931450822673165248e+02
