1.000000000000000056e-01 6.284873657239384293e-02 9.381702123302211593e-02 1.072136154137257158e+00 1.586394196072754337e+00 1.688353405373971938e+00 1.512492080392779314e+02 1.831760678716857456e+02
1.473684210526315930e-01 9.247241440275898172e-02 1.382263387106265340e-01 1.072228172114287892e+00 1.585529148827412582e+00 1.686853527649196494e+00 1.526438947930442396e+02 1.849979255265246820e+02
1.947368421052631526e-01 1.219084410176622391e-01 1.825958868540294711e-01 1.073589011162723761e+00 1.585489951980000534e+00 1.685885706887644719e+00 1.548922352746803313e+02 1.879247450231582377e+02
2.421052631578947401e-01 1.510793563610240420e-01 2.269086981453917184e-01 1.075863028203423610e+00 1.585902433193815408e+00 1.685066393621778236e+00 1.580238275809445554e+02 1.920041727030447589e+02
2.894736842105263275e-01 1.799067865727230764e-01 2.711474274406691087e-01 1.078927334635895408e+00 1.586634459962204202e+00 1.684266883724979458e+00 1.620930728949493300e+02 1.973141290391423865e+02
3.368421052631579427e-01 2.083149276475985689e-01 3.152953749143071471e-01 1.082710929981646641e+00 1.587619121408754719e+00 1.683435141231971688e+00 1.671579646501647574e+02 2.039373990859956507e+02
3.842105263157894468e-01 2.362331859061242711e-01 3.593373930961796803e-01 1.087148202016388066e+00 1.588810373907217466e+00 1.682549884264632922e+00 1.732749161379209397e+02 2.119554880715628258e+02
4.315789473684210620e-01 2.636028812248679132e-01 4.032605906112882721e-01 1.092184092360010350e+00 1.590169648772006061e+00 1.681605029203305346e+00 1.804973879106371157e+02 2.214469964230347045e+02
4.789473684210526772e-01 2.903728520209499231e-01 4.470547456793873553e-01 1.097743378446645934e+00 1.591660950575500832e+00 1.680602233824251002e+00 1.888757078170360728e+02 2.324874343494057314e+02
5.263157894736841813e-01 3.165055704529924352e-01 4.907124334179518432e-01 1.103755603345366820e+00 1.593250414013679839e+00 1.679547849330224052e+00 1.984574641337086405e+02 2.451497080843680578e+02
5.736842105263157965e-01 3.419732663349355217e-01 5.342288914197453886e-01 1.110143083713232004e+00 1.594906380583129835e+00 1.678450587956848539e+00 2.092881382797726815e+02 2.595049037378322510e+02
6.210526315789474117e-01 3.667587738397846686e-01 5.776017017255312691e-01 1.116830360131334521e+00 1.596600202038310545e+00 1.677320358231813247e+00 2.214116640558077336e+02 2.756229724129753436e+02
6.684210526315789158e-01 3.908558671258475226e-01 6.208303281314058175e-01 1.123749863846791985e+00 1.598306344408182200e+00 1.676166975609061138e+00 2.348709036621073381e+02 2.935733624733265401e+02
7.157894736842105310e-01 4.142652084381057143e-01 6.639156779295080080e-01 1.130836539099056015e+00 1.600003085258766333e+00 1.674999890271990921e+00 2.497081997277778100e+02 3.134256585938055650e+02
7.631578947368421462e-01 4.369933872008017195e-01 7.068596356971454941e-01 1.138030982880370301e+00 1.601673402522106215e+00 1.673828268381801765e+00 2.659656423869212745e+02 3.352499359416388529e+02
8.105263157894736503e-01 4.590513350845908391e-01 7.496646655880347954e-01 1.145279892348256556e+00 1.603301842135204769e+00 1.672659259399297049e+00 2.836852320084809662e+02 3.591169598388033819e+02
8.578947368421052655e-01 4.804533377076237177e-01 7.923334692375676447e-01 1.152536899969595741e+00 1.604877478760627252e+00 1.671499694534349212e+00 3.029088565816871323e+02 3.850981703693017835e+02
9.052631578947368807e-01 5.012189023306681257e-01 8.348687059264044974e-01 1.159767559249219815e+00 1.606392939675629794e+00 1.670355114017422649e+00 3.236780233002571663e+02 4.132653670564434947e+02
9.526315789473683848e-01 5.213647938000253168e-01 8.772728596731218520e-01 1.166935639915112066e+00 1.607842892861353068e+00 1.669230211895576854e+00 3.460342615854450514e+02 4.436911260588167920e+02
1.000000000000000000e+00 5.409103887459817406e-01 9.195480592191465075e-01 1.174014018754653499e+00 1.609223635262000407e+00 1.668128541275685661e+00 3.700184346383933303e+02 4.764479794057247091e+02
