1.000000000000000056e-01 6.294953499207338321e-02 9.383786424283582783e-02 1.066810608544817240e+00 1.583862216703241454e+00 1.686806720210844990e+00 1.486998731593249090e+02 1.799599941159762579e+02
1.473684210526315930e-01 9.276369980376890367e-02 1.382859535099921489e-01 1.066353700163922058e+00 1.583402968603228933e+00 1.686340153129410657e+00 1.486562033544185226e+02 1.799121765810693034e+02
1.947368421052631526e-01 1.225661715868227863e-01 1.827297807328470691e-01 1.066154395048140024e+00 1.583186815527475089e+00 1.686100475076114158e+00 1.486805992402536845e+02 1.799556500156414813e+02
2.421052631578947401e-01 1.523401638377976375e-01 2.271632030358164411e-01 1.066099172895563107e+00 1.583085706294502515e+00 1.685945022701028639e+00 1.487892517694381809e+02 1.801181070199175451e+02
2.894736842105263275e-01 1.820571539658264737e-01 2.715760618702926510e-01 1.066173415531862068e+00 1.583066836321553428e+00 1.685821447500326808e+00 1.490224278836701046e+02 1.804586125816082927e+02
3.368421052631579427e-01 2.116751198627908614e-01 3.159536154857244261e-01 1.066397619928815210e+00 1.583126574826105637e+00 1.685702331896368200e+00 1.494346290395180574e+02 1.810553660518699814e+02
3.842105263157894468e-01 2.411365158663719699e-01 3.602764745982266481e-01 1.066803516733153323e+00 1.583273712875648886e+00 1.685569811461901990e+00 1.500903945199370639e+02 1.820001081134093113e+02
4.315789473684210620e-01 2.703706995066410546e-01 4.045211475398470258e-01 1.067434465770077612e+00 1.583522077441046338e+00 1.685409925962351174e+00 1.510610458626853756e+02 1.833935838042555702e+02
4.789473684210526772e-01 2.992963803731907291e-01 4.486611806454438578e-01 1.068337629135109657e+00 1.583886336105825299e+00 1.685211003087397241e+00 1.524209325068449346e+02 1.853404487034843271e+02
5.263157894736841813e-01 3.278269694375741672e-01 4.926688958211003500e-01 1.069561445607175809e+00 1.584379651349196783e+00 1.684963344492503623e+00 1.542439675076354888e+02 1.879445190300126285e+02
5.736842105263157965e-01 3.558703230842513165e-01 5.365174461965157571e-01 1.071132920331669069e+00 1.585012988402587641e+00 1.684660665288096215e+00 1.566000797993774256e+02 1.913040853451627186e+02
6.210526315789474117e-01 3.833433165255536457e-01 5.801830338067490711e-01 1.073083065490305188e+00 1.585790358801825173e+00 1.684297875723550053e+00 1.595525944632134383e+02 1.955083857152540929e+02
6.684210526315789158e-01 4.101718088671970075e-01 6.236468426543809729e-01 1.075425561884344017e+00 1.586711013435001760e+00 1.683873230261072163e+00 1.631564582747797942e+02 2.006352998248723054e+02
7.157894736842105310e-01 4.362961860489419919e-01 6.668964628961269181e-01 1.078160105430307825e+00 1.587769083875504972e+00 1.683387583234644547e+00 1.674576062794096742e+02 2.067505384687885908e+02
7.631578947368421462e-01 4.616742497699476422e-01 7.099266313340231171e-01 1.081275063454199881e+00 1.588952881880468571e+00 1.682843887115607062e+00 1.724933881132141948e+02 2.139082180735894951e+02
8.105263157894736503e-01 4.862835379722959539e-01 7.527392759402389277e-01 1.084751620162262675e+00 1.590246630875488787e+00 1.682246617244432363e+00 1.782938652460033495e+02 2.221525536267529617e+02
8.578947368421052655e-01 5.101201544252264020e-01 7.953430062503257236e-01 1.088566210200806017e+00 1.591632839051216219e+00 1.681602054733068785e+00 1.848837155129006078e+02 2.315202921088452399e+02
9.052631578947368807e-01 5.331905744120135626e-01 8.377520957586895856e-01 1.092680438546698385e+00 1.593092527481090537e+00 1.680917025329497161e+00 1.922838496240156587e+02 2.420428671546441990e+02
9.526315789473683848e-01 5.555177512242377436e-01 8.799853818442161524e-01 1.097062110135627711e+00 1.594607272300572198e+00 1.680198458708007658e+00 2.005135584007833813e+02 2.537490835635204860e+02
1.000000000000000000e+00 5.771322509594573047e-01 9.220650711737923277e-01 1.101674954135904771e+00 1.596159376059033574e+00 1.679453094804320479e+00 2.095920076935741463e+02 2.666670083156176361e+02
