1.000000000000000056e-01 6.287154948538950516e-02 9.381950547316383893e-02 1.071017420634896133e+00 1.585136003663891291e+00 1.687212769542046242e+00 1.507794309819904299e+02 1.825852341796494898e+02
1.473684210526315930e-01 9.253839829290468055e-02 1.382313491529477412e-01 1.070934972442430411e+00 1.584490333028665265e+00 1.686153675700922561e+00 1.516651014531432793e+02 1.837759005237897156e+02
1.947368421052631526e-01 1.220220566180451743e-01 1.825971805722292896e-01 1.071917440082256201e+00 1.584506393127110613e+00 1.685455868189863926e+00 1.533706980770026860e+02 1.860482565164422795e+02
2.421052631578947401e-01 1.512195470202599423e-01 2.268923254750980223e-01 1.073799439033751302e+00 1.584941378666324674e+00 1.684828067193292922e+00 1.560272100447237449e+02 1.895805092209264444e+02
2.894736842105263275e-01 1.800240106011526398e-01 2.710922005009381852e-01 1.076555392688673063e+00 1.585715594549155227e+00 1.684167171580735145e+00 1.597607496479076588e+02 1.945423720853431178e+02
3.368421052631579427e-01 2.083351183318091215e-01 3.151752335850481757e-01 1.080170196796686355e+00 1.586784519717268083e+00 1.683431284800626537e+00 1.646787253624579819e+02 2.010788217528559301e+02
3.842105263157894468e-01 2.360663588722982931e-01 3.591251516725245119e-01 1.084602731873183457e+00 1.588107522539850880e+00 1.682605123352186371e+00 1.708684110983469111e+02 2.093087357314700512e+02
4.315789473684210620e-01 2.631519903864757981e-01 4.029323468752203929e-01 1.089789865446363581e+00 1.589641205801001655e+00 1.681688144063362644e+00 1.783995776823283279e+02 2.193282942529582442e+02
4.789473684210526772e-01 2.895465265537047750e-01 4.465941476555728151e-01 1.095640155535967830e+00 1.591339249746276607e+00 1.680688208937197947e+00 1.873283426558780604e+02 2.312158845612441951e+02
5.263157894736841813e-01 3.152302950618441346e-01 4.901142141772280580e-01 1.102065382749428002e+00 1.593155059205698443e+00 1.679617800112881199e+00 1.977014571998057875e+02 2.450374548729170670e+02
5.736842105263157965e-01 3.401997045286326293e-01 5.335013652790840943e-01 1.108961798437539059e+00 1.595044228552563670e+00 1.678491293817318653e+00 2.095603914307277194e+02 2.608515790805431038e+02
6.210526315789474117e-01 3.644681785522397299e-01 5.767681410977575363e-01 1.116233561986947453e+00 1.596967070102089936e+00 1.677323285525299745e+00 2.229444068985501985e+02 2.787132922232894998e+02
6.684210526315789158e-01 3.880614365745692074e-01 6.199294159220005707e-01 1.123793436239395982e+00 1.598890004034789092e+00 1.676127430883472158e+00 2.378929454760803139e+02 2.986770383991894846e+02
7.157894736842105310e-01 4.110099703444039521e-01 6.630012107277512001e-01 1.131556021148929059e+00 1.600783815306443980e+00 1.674916494842487724e+00 2.544472914401807202e+02 3.207987096240919982e+02
7.631578947368421462e-01 4.333522403117741062e-01 7.059997347475505114e-01 1.139454590486292274e+00 1.602629703472752354e+00 1.673700290774199351e+00 2.726512679632178902e+02 3.451365306067471010e+02
8.105263157894736503e-01 4.551269412593741959e-01 7.489407302475428185e-01 1.147427950036392197e+00 1.604410504549849126e+00 1.672487684038302280e+00 2.925518554010077992e+02 3.717517960659660616e+02
8.578947368421052655e-01 4.763742348605233268e-01 7.918390220355747688e-01 1.155426860037105374e+00 1.606114845858423124e+00 1.671285693188892862e+00 3.141991782284601982e+02 4.007088600584128812e+02
9.052631578947368807e-01 4.971338156810472531e-01 8.347082610975297134e-01 1.163411206990279334e+00 1.607735583311344696e+00 1.670100085483233077e+00 3.376464238560370745e+02 4.320750289374983026e+02
9.526315789473683848e-01 5.174453184545925177e-01 8.775607736416697335e-01 1.171350820508470614e+00 1.609267954770774889e+00 1.668934933890877215e+00 3.629494800004488297e+02 4.659201504460017986e+02
1.000000000000000000e+00 5.373403654525928941e-01 9.204075952850131470e-01 1.179212039890241037e+00 1.610710449556850277e+00 1.667793381854056456e+00 3.901671859052603963e+02 5.023168501202337666e+02
