1.000000000000000056e-01 6.295247830352827811e-02 9.383836334872078244e-02 1.067124125039134119e+00 1.584441384010959908e+00 1.687447815413233965e+00 1.486434773238818536e+02 1.798887087487615304e+02
1.473684210526315930e-01 9.276105207336529657e-02 1.382844490201974863e-01 1.066509022828943776e+00 1.583807099509527916e+00 1.686787979721994901e+00 1.486185047536074535e+02 1.798718626841360333e+02
1.947368421052631526e-01 1.225426765492609871e-01 1.827215695301064313e-01 1.066296452917800508e+00 1.583528127823289111e+00 1.686441710741646283e+00 1.487341360573195743e+02 1.800435634352887746e+02
2.421052631578947401e-01 1.522669704127075085e-01 2.271401209592399661e-01 1.066332045277010643e+00 1.583427456907040787e+00 1.686206515197293365e+00 1.490260075963225574e+02 1.804580750022459767e+02
2.894736842105263275e-01 1.818904293082583279e-01 2.715267353038123832e-01 1.066600280432895564e+00 1.583459269314412277e+00 1.686007853380592447e+00 1.495556280237206863e+02 1.812015845508896632e+02
3.368421052631579427e-01 2.113598347182697457e-01 3.158649157227406135e-01 1.067138307006827436e+00 1.583615609270502489e+00 1.685808462973755972e+00 1.503938523098689473e+02 1.823714982431164344e+02
3.842105263157894468e-01 2.406092775199743516e-01 3.601361707016444424e-01 1.067976089338059653e+00 1.583901190858981289e+00 1.685585852447885724e+00 1.516137522980276913e+02 1.840672272951963464e+02
4.315789473684210620e-01 2.695703677727747105e-01 4.043215358853791686e-01 1.069159493849890286e+00 1.584322984036823367e+00 1.685324394809479820e+00 1.532859653461342475e+02 1.863841018488039651e+02
4.789473684210526772e-01 2.981724649238103320e-01 4.484032828351811606e-01 1.070720121755799559e+00 1.584887077413577927e+00 1.685013837878676091e+00 1.554755105004731774e+02 1.894092183937880804e+02
5.263157894736841813e-01 3.263499718879546707e-01 4.923665629597750448e-01 1.072682627220649554e+00 1.585595870410416497e+00 1.684648067214103095e+00 1.582395013650951796e+02 1.932185329610051667e+02
5.736842105263157965e-01 3.540461866742853903e-01 5.362007974405486044e-01 1.075060414484299898e+00 1.586446077755145234e+00 1.684223561830079152e+00 1.616263758642782022e+02 1.978758751376784346e+02
6.210526315789474117e-01 3.812161723074568576e-01 5.799005589776163871e-01 1.077853090182133045e+00 1.587430347662060370e+00 1.683740356369592739e+00 1.656756950793226792e+02 2.034327952017856660e+02
6.684210526315789158e-01 4.078300064389321911e-01 6.234659475927417649e-01 1.081052073702134297e+00 1.588536603095053623e+00 1.683200554397491722e+00 1.704190511339911041e+02 2.099297646897960306e+02
7.157894736842105310e-01 4.338727984373393909e-01 6.669024742438299791e-01 1.084640115568335617e+00 1.589749392809191475e+00 1.682607987208397660e+00 1.758815624580622625e+02 2.173980902490656035e+02
7.631578947368421462e-01 4.593402686702360849e-01 7.102204606678900189e-01 1.088585739737635061e+00 1.591051733906591270e+00 1.681967986854639774e+00 1.820832634377407544e+02 2.258617570048357948e+02
8.105263157894736503e-01 4.842433394684983461e-01 7.534342333150793047e-01 1.092860437080508618e+00 1.592425257121942384e+00 1.681286455763095100e+00 1.890408759499327687e+02 2.353396499127897528e+02
8.578947368421052655e-01 5.086011310353321102e-01 7.965611743983168624e-01 1.097429198524548788e+00 1.593851797795694747e+00 1.680569634731646778e+00 1.967692153598081575e+02 2.458473152897528280e+02
9.052631578947368807e-01 5.324413037234507762e-01 8.396207587077272327e-01 1.102257977558859681e+00 1.595314007748079188e+00 1.679823595488999510e+00 2.052823771714539021e+02 2.573984308838749939e+02
9.526315789473683848e-01 5.557981843846854231e-01 8.826336670355726666e-01 1.107315347732717337e+00 1.596796358630949930e+00 1.679054208414062055e+00 2.145946404349631393e+02 2.700059032130520791e+02
1.000000000000000000e+00 5.787087611303826096e-01 9.256210121251806644e-01 1.112569271142085814e+00 1.598284785181648182e+00 1.678266879637968723e+00 2.247210337583484829e+02 2.836825408605077996e+02
