1.000000000000000056e-01 6.292496183804253962e-02 9.383091462080928036e-02 1.068173427915230622e+00 1.585133492960500323e+00 1.687966341496296208e+00 1.491241144898729374e+02 1.805133647265675734e+02
1.473684210526315930e-01 9.263906988677848842e-02 1.382519314204333771e-01 1.067880136083351861e+00 1.584477184360885138e+00 1.687008384058993116e+00 1.497322921525609445e+02 1.813484925212794963e+02
1.947368421052631526e-01 1.221893357825115378e-01 1.826286159212526239e-01 1.068562772896176849e+00 1.584438141413168522e+00 1.686395693834182419e+00 1.510616107491806872e+02 1.831435034987822519e+02
2.421052631578947401e-01 1.514677278172683328e-01 2.269333261756275866e-01 1.070091446977554650e+00 1.584801246058948232e+00 1.685848277273084506e+00 1.532705687563785943e+02 1.861144328732764848e+02
2.894736842105263275e-01 1.803564791167976689e-01 2.711373789396663292e-01 1.072476146276219344e+00 1.585505248742570927e+00 1.685263365952463399e+00 1.565152432286735404e+02 1.904709624928767653e+02
3.368421052631579427e-01 2.087413517804418972e-01 3.152150305585224022e-01 1.075733317972003666e+00 1.586519273954412723e+00 1.684596762584833929e+00 1.609297203751068537e+02 1.963929443888206094e+02
3.842105263157894468e-01 2.365229039175114900e-01 3.591468860944668218e-01 1.079847928497347009e+00 1.587811012798787669e+00 1.683831026256699115e+00 1.666222093186811435e+02 2.040259330269512077e+02
4.315789473684210620e-01 2.636261634621615002e-01 4.029220713987294866e-01 1.084774799438442239e+00 1.589340759155199123e+00 1.682964363603578706e+00 1.736769119633922571e+02 2.134837415739163191e+02
4.789473684210526772e-01 2.900029193762692636e-01 4.465388377447460089e-01 1.090437082100545352e+00 1.591061494221090111e+00 1.682004464835455515e+00 1.821584984143344457e+02 2.248542397538063256e+02
5.263157894736841813e-01 3.156317765242654949e-01 4.900038686323722192e-01 1.096738424664064127e+00 1.592923349478659434e+00 1.680964409901677836e+00 1.921180374331043197e+02 2.382067894348089112e+02
5.736842105263157965e-01 3.405160579657003361e-01 5.333306692768200463e-01 1.103577534187979658e+00 1.594877413130625143e+00 1.679859770185830659e+00 2.035985439466897162e+02 2.535991951092682086e+02
6.210526315789474117e-01 3.646752033592016717e-01 5.765375842762939795e-01 1.110845909009222199e+00 1.596879259841149867e+00 1.678706840513255916e+00 2.166395530125208211e+02 2.710833945193852514e+02
6.684210526315789158e-01 3.881457782742683826e-01 6.196458414847207941e-01 1.118451520898060103e+00 1.598890116658011173e+00 1.677520480156473148e+00 2.312805967394985203e+02 2.907097766874524609e+02
7.157894736842105310e-01 4.109715648141451516e-01 6.626779086574362543e-01 1.126307398491436684e+00 1.600878368826127662e+00 1.676314100825478937e+00 2.475633333207412079e+02 3.125297729139736020e+02
7.631578947368421462e-01 4.332011410722251821e-01 7.056562216395706466e-01 1.134337717206456597e+00 1.602819069094626903e+00 1.675099157918940929e+00 2.655328341808550476e+02 3.365974137328515781e+02
8.105263157894736503e-01 4.548841620862497659e-01 7.486022848913110872e-01 1.142476293930319686e+00 1.604692682152978556e+00 1.673885205153123001e+00 2.852380984168125906e+02 3.629699364181142869e+02
8.578947368421052655e-01 4.760735326623265484e-01 7.915360810702464223e-01 1.150674597965064772e+00 1.606487113563983993e+00 1.672679827100294947e+00 3.067319166459057556e+02 3.917076074346300061e+02
9.052631578947368807e-01 4.968172581631637996e-01 8.344757817915412490e-01 1.158886383544452503e+00 1.608193085161220282e+00 1.671488690348717387e+00 3.300708835746399927e+02 4.228736792732906906e+02
9.526315789473683848e-01 5.171625650865844248e-01 8.774376010936455472e-01 1.167076928024969762e+00 1.609805668489216135e+00 1.670316229087920101e+00 3.553147420580901326e+02 4.565335730058373542e+02
1.000000000000000000e+00 5.371541740765670703e-01 9.204357474812977502e-01 1.175218857997770039e+00 1.611321967966744761e+00 1.669165804041532697e+00 3.825257924432698360e+02 4.927542017648275987e+02
