1.000000000000000056e-01 6.297478055981900469e-02 9.384281737855285077e-02 1.067059827709160080e+00 1.585790903357965131e+00 1.689149849662156644e+00 1.480649196294031924e+02 1.791628130565260903e+02
1.473684210526315930e-01 9.277945373168146326e-02 1.382868811410917498e-01 1.066015398097034605e+00 1.584757813261816750e+00 1.688065331604645447e+00 1.480498747102222978e+02 1.791734321523076972e+02
1.947368421052631526e-01 1.225294121730406277e-01 1.827135017115379678e-01 1.065713252438790448e+00 1.584328566451995934e+00 1.687491831813488607e+00 1.483206101977054061e+02 1.795647784122934354e+02
2.421052631578947401e-01 1.521689749213012421e-01 2.271051744487490309e-01 1.065881988253369883e+00 1.584208458312634793e+00 1.687093170345502324e+00 1.489364618889619294e+02 1.804285789452450217e+02
2.894736842105263275e-01 1.816195622174424928e-01 2.714376101887494563e-01 1.066490671664315659e+00 1.584321396249929625e+00 1.686746037088135974e+00 1.500035688166030354e+02 1.819149694211440647e+02
3.368421052631579427e-01 2.107831596549090969e-01 3.156805629896594079e-01 1.067580639426455758e+00 1.584652561688095984e+00 1.686389493708111420e+00 1.516438272568229024e+02 1.841944470718747766e+02
3.842105263157894468e-01 2.395451415241943716e-01 3.597996812913118458e-01 1.069202965272569195e+00 1.585205281243359465e+00 1.685987364767961294e+00 1.539822065307282060e+02 1.874419448806683874e+02
4.315789473684210620e-01 2.677849595645201419e-01 4.037592910044232597e-01 1.071407531753877374e+00 1.585985038536612324e+00 1.685517866386394781e+00 1.571387963153648002e+02 1.918266083191266205e+02
4.789473684210526772e-01 2.953831487829183255e-01 4.475255991709311543e-01 1.074219038665565895e+00 1.586990247041919710e+00 1.684967550175574313e+00 1.612225164049537511e+02 1.975037913889352978e+02
5.263157894736841813e-01 3.222365665804930446e-01 4.910698580920526690e-01 1.077653246409111532e+00 1.588211111573902823e+00 1.684331902725140662e+00 1.663276648658719523e+02 2.046105126914462176e+02
5.736842105263157965e-01 3.482577151576102259e-01 5.343707227095012557e-01 1.081683279608486314e+00 1.589627411315090111e+00 1.683612175463875760e+00 1.725323130947579955e+02 2.132634184294849433e+02
6.210526315789474117e-01 3.733856418962147039e-01 5.774155769852418185e-01 1.086265756379363401e+00 1.591210419725683112e+00 1.682814348480171862e+00 1.798993035955519133e+02 2.235599251405279517e+02
6.684210526315789158e-01 3.975870075411939153e-01 6.202006344400480264e-01 1.091345713122403804e+00 1.592927359009193022e+00 1.681948603276868459e+00 1.884786805825350484e+02 2.355812521465992120e+02
7.157894736842105310e-01 4.208495966370612851e-01 6.627300755810381361e-01 1.096849028806559989e+00 1.594742884981850573e+00 1.681026912123941397e+00 1.983109065620088813e+02 2.493964494474295179e+02
7.631578947368421462e-01 4.431838610559485359e-01 7.050145811975577770e-01 1.102703134052098521e+00 1.596622152499314051e+00 1.680061911868969027e+00 2.094303277587692662e+02 2.650667530690637363e+02
8.105263157894736503e-01 4.646157650572424469e-01 7.470696359117351415e-01 1.108835396231710124e+00 1.598533160912464224e+00 1.679065743805640443e+00 2.218682108467295393e+02 2.826494171814699712e+02
8.578947368421052655e-01 4.851822744430928092e-01 7.889139284253391393e-01 1.115177770093051191e+00 1.600449051959179858e+00 1.678050023824785297e+00 2.356552617213030203e+02 3.022008641444626846e+02
9.052631578947368807e-01 5.049281437370345405e-01 8.305679586146192950e-01 1.121669761699561896e+00 1.602346769333174548e+00 1.677024830026492497e+00 2.508234644967399447e+02 3.237790110206100849e+02
9.526315789473683848e-01 5.239018097481580316e-01 8.720529451439154034e-01 1.128258006904956590e+00 1.604207955484868720e+00 1.675998745358039166e+00 2.674073329980232643e+02 3.474448530617648316e+02
1.000000000000000000e+00 5.421516083247170936e-01 9.133900220345870791e-01 1.134894330410537888e+00 1.606018426295172441e+00 1.674978926485833686e+00 2.854445754130885575e+02 3.732633050775774564e+02
