1.000000000000000056e-01 6.288716332509020068e-02 9.382497931804546776e-02 1.069097629165753016e+00 1.584957813174236785e+00 1.687390820216144505e+00 1.500019119498974192e+02 1.816167437159604390e+02
1.473684210526315930e-01 9.256530198618798111e-02 1.382452430792302789e-01 1.069331360826107469e+00 1.584486994796248549e+00 1.686445057158023175e+00 1.510532140112914021e+02 1.829896087968612903e+02
1.947368421052631526e-01 1.220998526657929711e-01 1.826350419981991602e-01 1.070449258457119024e+00 1.584554272900309257e+00 1.685806473205244682e+00 1.527420836229181589e+02 1.851877273178481857e+02
2.421052631578947401e-01 1.514306457527480054e-01 2.269814363717963246e-01 1.072240238050784278e+00 1.584933190039101936e+00 1.685238796432596331e+00 1.550949004405863718e+02 1.882506965787034403e+02
2.894736842105263275e-01 1.804973732409549392e-01 2.712711807701247979e-01 1.074642500611946216e+00 1.585545386382918309e+00 1.684662420635548719e+00 1.581514831557867069e+02 1.922342034600650322e+02
3.368421052631579427e-01 2.092389253459993881e-01 3.154914059743806898e-01 1.077611501926727611e+00 1.586351383978832130e+00 1.684044459286222040e+00 1.619525134020220776e+02 1.971950329982468872e+02
3.842105263157894468e-01 2.376003304516583481e-01 3.596302478749801024e-01 1.081121633105783353e+00 1.587324025635134195e+00 1.683371359828278901e+00 1.665365983974674293e+02 2.031875959413688975e+02
4.315789473684210620e-01 2.655296570044181070e-01 4.036773529634764546e-01 1.085130630114450101e+00 1.588439762585398540e+00 1.682639064989799316e+00 1.719396431434581984e+02 2.102632232103175056e+02
4.789473684210526772e-01 2.929837515582519036e-01 4.476242224877808873e-01 1.089599118578693071e+00 1.589675654939711968e+00 1.681848637973363481e+00 1.781948559596246469e+02 2.184702085007960761e+02
5.263157894736841813e-01 3.199265291068410511e-01 4.914644113087102695e-01 1.094479464537339020e+00 1.591009078950550659e+00 1.681004391999978420e+00 1.853332348436264283e+02 2.278543823871775373e+02
5.736842105263157965e-01 3.463294753317422980e-01 5.351935138741311659e-01 1.099719362139769396e+00 1.592417844287822515e+00 1.680112576818650449e+00 1.933838753908059118e+02 2.384595341593920068e+02
6.210526315789474117e-01 3.721740245610834497e-01 5.788090534241590035e-01 1.105270967820197958e+00 1.593880635796826040e+00 1.679180394444349744e+00 2.023745461604754610e+02 2.503280943637136318e+02
6.684210526315789158e-01 3.974472401789024278e-01 6.223102605663308751e-01 1.111081317037427851e+00 1.595377523141946696e+00 1.678215374908389457e+00 2.123322285304464287e+02 2.635017945805354316e+02
7.157894736842105310e-01 4.221434431055327008e-01 6.656977680117995844e-01 1.117101304496366243e+00 1.596890456040205297e+00 1.677225070144604091e+00 2.232833862540104235e+02 2.780220267719470257e+02
7.631578947368421462e-01 4.462627981048747361e-01 7.089733079972468932e-01 1.123285094992403588e+00 1.598403449880411831e+00 1.676216647158601081e+00 2.352543353571702767e+02 2.939302951765542957e+02
8.105263157894736503e-01 4.698118095615311240e-01 7.521394121880640160e-01 1.129593704749917382e+00 1.599903554704050990e+00 1.675197309011182689e+00 2.482714534080327553e+02 3.112684790618876036e+02
8.578947368421052655e-01 4.927965025040401681e-01 7.951991565195717371e-01 1.135983569774124069e+00 1.601378840436437079e+00 1.674172683176450516e+00 2.623616098389692866e+02 3.300793533279492635e+02
9.052631578947368807e-01 5.152275960478430727e-01 8.381559233827938771e-01 1.142419589800577118e+00 1.602819940675275223e+00 1.673148181363430798e+00 2.775519471524959840e+02 3.504063264573793504e+02
9.526315789473683848e-01 5.371196933103522531e-01 8.810131658859244874e-01 1.148874078978576518e+00 1.604219263981353727e+00 1.672128553681941465e+00 2.938698958334023246e+02 3.722935186640201550e+02
1.000000000000000000e+00 5.584869640268799174e-01 9.237743121345601827e-01 1.155319871072005622e+00 1.605571608747779822e+00 1.671117704243993307e+00 3.113434180704997516e+02 3.957860077019934124e+02
