1.000000000000000056e-01 6.294295299871899285e-02 9.383613215929405282e-02 1.066863851726329582e+00 1.584419699959880967e+00 1.687428294832686859e+00 1.486492414984249137e+02 1.799097256675090932e+02
1.473684210526315930e-01 9.271344950252337347e-02 1.382739986342748362e-01 1.066576610579950124e+00 1.583916169546204511e+00 1.686759547219999877e+00 1.489629863503248828e+02 1.803333550732552055e+02
1.947368421052631526e-01 1.224153631567558020e-01 1.826950504074814907e-01 1.066838563775820647e+00 1.583797192465152381e+00 1.686359243093091598e+00 1.495964939148893222e+02 1.811746315086865877e+02
2.421052631578947401e-01 1.520090054745434904e-01 2.270895030802676795e-01 1.067502329040219022e+00 1.583892648048688567e+00 1.686037032024233273e+00 1.505809706083092863e+02 1.824786054776196522e+02
2.894736842105263275e-01 1.814485968663859250e-01 2.714460457946535343e-01 1.068539237808411535e+00 1.584151392587018536e+00 1.685724987593377078e+00 1.519603897644014125e+02 1.843055087183415424e+02
3.368421052631579427e-01 2.106844168647918902e-01 3.157522714197761315e-01 1.069952954716447024e+00 1.584555223245862177e+00 1.685392213009136553e+00 1.537800316384173698e+02 1.867170848054602175e+02
3.842105263157894468e-01 2.396647544222610393e-01 3.599951507155360053e-01 1.071754473257529039e+00 1.585095301600032869e+00 1.685021813434131932e+00 1.560834678267462436e+02 1.897730655534734581e+02
4.315789473684210620e-01 2.683359745479237946e-01 4.041616069492289243e-01 1.073946343542816262e+00 1.585765969577383139e+00 1.684604787845183083e+00 1.589117489364426774e+02 1.935301729128153170e+02
4.789473684210526772e-01 2.966445563634382832e-01 4.482390394518170895e-01 1.076522882005022996e+00 1.586561136096499292e+00 1.684136679289284011e+00 1.623027730957316521e+02 1.980414261936026890e+02
5.263157894736841813e-01 3.245426768831108366e-01 4.922158759431571884e-01 1.079481332144038186e+00 1.587472662328704098e+00 1.683615735469589092e+00 1.662913294525200740e+02 2.033561512826953219e+02
5.736842105263157965e-01 3.519855843938400342e-01 5.360819737238734506e-01 1.082805950270899764e+00 1.588490674845536299e+00 1.683042641015488838e+00 1.709089760003467973e+02 2.095198814089866630e+02
6.210526315789474117e-01 3.789334518198233526e-01 5.798289384584046635e-01 1.086472705082703882e+00 1.589603370792193493e+00 1.682419759104760271e+00 1.761842632134027440e+02 2.165746209813633243e+02
6.684210526315789158e-01 4.053571287187753835e-01 6.234502969779864845e-01 1.090463531973777656e+00 1.590797725462464118e+00 1.681750899392273624e+00 1.821430403045912954e+02 2.245592246870444626e+02
7.157894736842105310e-01 4.312312215332699816e-01 6.669415511710246047e-01 1.094746707972017674e+00 1.592059733528592869e+00 1.681040651037355893e+00 1.888088759690872394e+02 2.335099000836427763e+02
7.631578947368421462e-01 4.565370737506864174e-01 7.103000855748105025e-01 1.099287897051680396e+00 1.593374998006932053e+00 1.680294136430062757e+00 1.962033791562164424e+02 2.434606178040236273e+02
8.105263157894736503e-01 4.812639803143712869e-01 7.535250063049536706e-01 1.104054801143717679e+00 1.594729436834941394e+00 1.679516888519735351e+00 2.043466755026665567e+02 2.544436874557518422e+02
8.578947368421052655e-01 5.054082678539516538e-01 7.966169083034054799e-01 1.109016648521326864e+00 1.596109584506213874e+00 1.678714478503740004e+00 2.132577673312996751e+02 2.664902018806450883e+02
9.052631578947368807e-01 5.289675222788385867e-01 8.395776214974685070e-01 1.114135469960644498e+00 1.597502936495615922e+00 1.677892324677902058e+00 2.229549488408740956e+02 2.796305402527568162e+02
9.526315789473683848e-01 5.519478319626239804e-01 8.824099270959139263e-01 1.119382883758989866e+00 1.598898255458894857e+00 1.677055643320125800e+00 2.334559776005778815e+02 2.938945915687704087e+02
1.000000000000000000e+00 5.743558566454142200e-01 9.251173124996096009e-01 1.124726884686125361e+00 1.600285648650321191e+00 1.676209287944297133e+00 2.447783950981333305e+02 3.093121385890962642e+02
