1.000000000000000056e-01 6.284000495994926383e-02 9.381387359122460301e-02 1.073464743371158159e+00 1.585996272456687173e+00 1.687625565959040008e+00 1.518970673020069455e+02 1.839749127997683615e+02
1.473684210526315930e-01 9.248777519436399142e-02 1.382250451747156494e-01 1.073258975981622232e+00 1.585076267169759356e+00 1.686226157859195274e+00 1.529170176266408987e+02 1.853249774671826913e+02
1.947368421052631526e-01 1.219657357206694326e-01 1.825967566865541181e-01 1.074212427326131314e+00 1.584946968495153818e+00 1.685348766450302627e+00 1.547129883492061424e+02 1.876887391004914321e+02
2.421052631578947401e-01 1.511886000062025448e-01 2.269082919186848069e-01 1.076039285714279314e+00 1.585263409171632665e+00 1.684617095932119391e+00 1.573575910232778483e+02 1.911712296606894768e+02
2.894736842105263275e-01 1.800624643943119496e-01 2.711368325134567159e-01 1.078654788715402768e+00 1.585910937291757250e+00 1.683900551713376048e+00 1.609434626956964109e+02 1.959024028653516325e+02
3.368421052631579427e-01 2.084926405030451402e-01 3.152588963174993153e-01 1.082026883031400155e+00 1.586834939723813509e+00 1.683143559650313259e+00 1.655637837126182887e+02 2.020138667086163480e+02
3.842105263157894468e-01 2.363875801981118185e-01 3.592518566574569583e-01 1.086120423186701212e+00 1.587997403693997001e+00 1.682321733031759248e+00 1.713068251563623221e+02 2.096324163975825172e+02
4.315789473684210620e-01 2.636632563095860915e-01 4.030953337568588535e-01 1.090883653385541940e+00 1.589363416897057180e+00 1.681426786502793647e+00 1.782540790893782514e+02 2.188778091272599227e+02
4.789473684210526772e-01 2.902478014379893945e-01 4.467722144445683274e-01 1.096250502680102379e+00 1.590897163924312352e+00 1.680459906993023056e+00 1.864796924805232550e+02 2.298621286935247952e+02
5.263157894736841813e-01 3.160854939831053700e-01 4.902692557865495071e-01 1.102147684328545818e+00 1.592561695827259260e+00 1.679427983686572645e+00 1.960509842191745520e+02 2.426903638781119810e+02
5.736842105263157965e-01 3.411359283735169168e-01 5.335771528320801815e-01 1.108492259062413110e+00 1.594320196599074979e+00 1.678341330213549920e+00 2.070291872825862924e+02 2.574613391303518029e+02
6.210526315789474117e-01 3.653747451648776678e-01 5.766902293875499907e-01 1.115200518051297829e+00 1.596137561659568771e+00 1.677211926406312337e+00 2.194705161685484143e+02 2.742689903943992249e+02
6.684210526315789158e-01 3.887919915263318149e-01 6.196058532403606600e-01 1.122191343813023323e+00 1.597981820785768337e+00 1.676052182187321327e+00 2.334272223533961892e+02 2.932036287367477598e+02
7.157894736842105310e-01 4.113853603627700695e-01 6.623237290113572762e-01 1.129378648976417487e+00 1.599825119507190196e+00 1.674874077888777180e+00 2.489485534309628179e+02 3.143530698524745617e+02
7.631578947368421462e-01 4.331658303316421876e-01 7.048451412300745789e-01 1.136693752367302856e+00 1.601643678886344846e+00 1.673688753310264676e+00 2.660811355610694022e+02 3.378030863147834566e+02
8.105263157894736503e-01 4.541490309165652772e-01 7.471723162398192786e-01 1.144070743608373686e+00 1.603419074572117742e+00 1.672505761057239138e+00 2.848695527731684365e+02 3.636380236572827016e+02
8.578947368421052655e-01 4.743558111981946435e-01 7.893078566774796023e-01 1.151453341576215594e+00 1.605137044476611763e+00 1.671333696978703598e+00 3.053563608445437580e+02 3.919407438554330838e+02
9.052631578947368807e-01 4.938102781553865839e-01 8.312543130677464420e-01 1.158793995366897089e+00 1.606787369860363412e+00 1.670179033926712187e+00 3.275820039527404219e+02 4.227924028073583713e+02
9.526315789473683848e-01 5.125383603791152654e-01 8.730138705548855516e-01 1.166053124918414952e+00 1.608362657229498449e+00 1.669047409680372018e+00 3.515845588016901502e+02 4.562719823226973972e+02
1.000000000000000000e+00 5.305667877568915891e-01 9.145881323039477540e-01 1.173198387990102010e+00 1.609858634758279505e+00 1.667943254903650807e+00 3.773993503740225037e+02 4.924556274158007909e+02
