1.000000000000000056e-01 6.297173314647358522e-02 9.384265503104637085e-02 1.065211574273214890e+00 1.583792076299643803e+00 1.687115114127957671e+00 1.478829104416655298e+02 1.789438414428157955e+02
1.473684210526315930e-01 9.279511360770185957e-02 1.382925265010987170e-01 1.064818573873032914e+00 1.583403244863143433e+00 1.686717407440768479e+00 1.478528685346368547e+02 1.789142997513731643e+02
1.947368421052631526e-01 1.226028471179185647e-01 1.827371152000696053e-01 1.064661642505175809e+00 1.583228556501245610e+00 1.686510631250135894e+00 1.479020110508367054e+02 1.789914954151697088e+02
2.421052631578947401e-01 1.523762943390407631e-01 2.271695719551670989e-01 1.064657304204092103e+00 1.583161164345280758e+00 1.686371700379110772e+00 1.480531341456606356e+02 1.792116200280685803e+02
2.894736842105263275e-01 1.820841541828142618e-01 2.715791017545201580e-01 1.064799675455550432e+00 1.583175810596997080e+00 1.686254195128226829e+00 1.483514104024517906e+02 1.796398277912110757e+02
3.368421052631579427e-01 2.116799187302229046e-01 3.159506216841227455e-01 1.065104380133185202e+00 1.583272939887604647e+00 1.686133581832454098e+00 1.488545943898186295e+02 1.803579929308392309e+02
3.842105263157894468e-01 2.411067607276926872e-01 3.602648763720930902e-01 1.065618656690335619e+00 1.583462696824188276e+00 1.685993117314938061e+00 1.496285912748514306e+02 1.814588888541346705e+02
4.315789473684210620e-01 2.702922900934237038e-01 4.044990572933011008e-01 1.066378732218491665e+00 1.583758877490758721e+00 1.685819977616589416e+00 1.507440284460756743e+02 1.830415874989687381e+02
4.789473684210526772e-01 2.991583595300013609e-01 4.486279651248072931e-01 1.067436782712144261e+00 1.584174853409056727e+00 1.685603209534822788e+00 1.522729267972334810e+02 1.852069655665123662e+02
5.263157894736841813e-01 3.276185109641670534e-01 4.926256042147201253e-01 1.068826742276175912e+00 1.584723563520443079e+00 1.685335103939661128e+00 1.542855851631579753e+02 1.880535420724579865e+02
5.736842105263157965e-01 3.555880697368908883e-01 5.364670497800895221e-01 1.070581290222849091e+00 1.585411554815238322e+00 1.685009123379283880e+00 1.568476818776199764e+02 1.916736484069070343e+02
6.210526315789474117e-01 3.829889469729063078e-01 5.801303443529398640e-01 1.072725564651971997e+00 1.586242281139440768e+00 1.684621976834850043e+00 1.600182083573133127e+02 1.961506920745906939e+02
6.684210526315789158e-01 4.097497493995329032e-01 6.235980977678642345e-01 1.075261794991461350e+00 1.587213209844672068e+00 1.684172997420787521e+00 1.638480991009598426e+02 2.015574095243013915e+02
7.157894736842105310e-01 4.358162831765718948e-01 6.668586743549597129e-01 1.078188971510488869e+00 1.588316112004291902e+00 1.683663256691871224e+00 1.683799814734452980e+02 2.079555048545736042e+02
7.631578947368421462e-01 4.611500173084662757e-01 7.099067527766209640e-01 1.081492874880352506e+00 1.589537750793516002e+00 1.683096556545034428e+00 1.736487442990874399e+02 2.153963941422635457e+02
8.105263157894736503e-01 4.857287026258165219e-01 7.527433004587020804e-01 1.085149639433615310e+00 1.590862176310581910e+00 1.682477937644538013e+00 1.796827356948835757e+02 2.239227550128439361e+02
8.578947368421052655e-01 5.095455704556299814e-01 7.953750724517624215e-01 1.089128234143027729e+00 1.592271614338565122e+00 1.681813769825158733e+00 1.865053403914068326e+02 2.335705485704376088e+02
9.052631578947368807e-01 5.326060284499015696e-01 8.378137725453655982e-01 1.093391049512148827e+00 1.593747358157530325e+00 1.681110658565043936e+00 1.941366133926769066e+02 2.443711152763921461e+02
9.526315789473683848e-01 5.549321765215450286e-01 8.800750861646271517e-01 1.097908682109649314e+00 1.595271517816828855e+00 1.680375882873283544e+00 2.025950674828671652e+02 2.563534218856198663e+02
1.000000000000000000e+00 5.765498235565488239e-01 9.221776418833879108e-01 1.102642500238784962e+00 1.596826826721514214e+00 1.679615854259836505e+00 2.118988812197478353e+02 2.695456050212400783e+02
