1.000000000000000056e-01 6.286548325106842972e-02 9.383385292952997614e-02 1.067176885345298532e+00 1.584446503556979691e+00 1.686811529066267079e+00 1.502193468217799079e+02 1.818548727303422368e+02
1.473684210526315930e-01 9.252012235539462670e-02 1.382673073678941655e-01 1.068547809632290013e+00 1.584496378616800483e+00 1.686104662374286800e+00 1.520206587998361840e+02 1.841129237249364792e+02
1.947368421052631526e-01 1.220651085330630714e-01 1.826864193715307949e-01 1.070361390349851005e+00 1.584799409700950346e+00 1.685543345823318440e+00 1.541528177694667932e+02 1.867917346097204074e+02
2.421052631578947401e-01 1.514797839624367204e-01 2.270867848528603516e-01 1.072487356729132424e+00 1.585236634350371876e+00 1.685018365785028616e+00 1.565960000704979223e+02 1.898696652741139701e+02
2.894736842105263275e-01 1.807413817564187675e-01 2.714635807860555361e-01 1.074868875592374540e+00 1.585766252849905023e+00 1.684493884878849101e+00 1.593505482848968313e+02 1.933497939983917888e+02
3.368421052631579427e-01 2.098261631367634439e-01 3.158116109828471574e-01 1.077476952897817863e+00 1.586369533105558283e+00 1.683955831218573618e+00 1.624246299707700985e+02 1.972449466598870913e+02
3.842105263157894468e-01 2.387113522150701161e-01 3.601253131351090930e-01 1.080300316609569711e+00 1.587035417986131902e+00 1.683397552942427877e+00 1.658300791836966823e+02 2.015727367551385782e+02
4.315789473684210620e-01 2.673716719589193658e-01 4.043988337781111997e-01 1.083321537663067602e+00 1.587756655913586723e+00 1.682816258230212636e+00 1.695811769004609459e+02 2.063540382046318200e+02
4.789473684210526772e-01 2.957830016217504188e-01 4.486260584482481550e-01 1.086531392309808997e+00 1.588527505457723921e+00 1.682211013038001690e+00 1.736935640921927870e+02 2.116117241165331109e+02
5.263157894736841813e-01 3.239208154376448934e-01 4.928007027639436100e-01 1.089918879637314930e+00 1.589342823135088567e+00 1.681581794845603328e+00 1.781840263364800592e+02 2.173703702967687263e+02
5.736842105263157965e-01 3.517602116629629516e-01 5.369163439314318387e-01 1.093471009264597393e+00 1.590197777645524058e+00 1.680929348737833395e+00 1.830699962818669064e+02 2.236557117093879299e+02
6.210526315789474117e-01 3.792800835774365886e-01 5.809664790926619693e-01 1.097183558055448982e+00 1.591087716861624202e+00 1.680255022828131217e+00 1.883692760242735460e+02 2.304943167851365047e+02
6.684210526315789158e-01 4.064565055858251341e-01 6.249446170337359385e-01 1.101040746918177549e+00 1.592007943683738880e+00 1.679560392036141492e+00 1.941001501197845869e+02 2.379136976497624687e+02
7.157894736842105310e-01 4.332677609206198599e-01 6.688442942888116471e-01 1.105029889924453279e+00 1.592953680264246774e+00 1.678847249218934579e+00 2.002809366909430651e+02 2.459418214145979107e+02
7.631578947368421462e-01 4.596943483582655587e-01 7.126591239619047835e-01 1.109139935860595116e+00 1.593920206030398079e+00 1.678117648248060423e+00 2.069299377485987748e+02 2.546070534429853467e+02
8.105263157894736503e-01 4.857159283724036825e-01 7.563828565705529305e-01 1.113354454968456642e+00 1.594902861779980308e+00 1.677373749276127590e+00 2.140655027273610358e+02 2.639382190984157432e+02
8.578947368421052655e-01 5.113162057362784507e-01 8.000093558048695375e-01 1.117662130490133965e+00 1.595897057416444609e+00 1.676617824090042008e+00 2.217055669191651930e+02 2.739641002664654934e+02
9.052631578947368807e-01 5.364777336766721749e-01 8.435326645481360242e-01 1.122046092118837324e+00 1.596898440414608267e+00 1.675852246028830095e+00 2.298679315835074135e+02 2.847137319331069989e+02
9.526315789473683848e-01 5.611876990410936683e-01 8.869469589640579521e-01 1.126494938858519701e+00 1.597902666090648571e+00 1.675079241546539199e+00 2.385697605314953762e+02 2.962158398110487383e+02
1.000000000000000000e+00 5.854337596218016637e-01 9.302465730470049765e-01 1.130994989489805036e+00 1.598905708019777938e+00 1.674301085506691988e+00 2.478277633464571466e+02 3.084990363688682464e+02
