1.000000000000000056e-01 6.290634818695105268e-02 9.382835663310507002e-02 1.071105699892752838e+00 1.585275214463401694e+00 1.687501077279992989e+00 1.504411951408543189e+02 1.821225734989746741e+02
1.473684210526315930e-01 9.269280861998029086e-02 1.382696716560637418e-01 1.070151026098462577e+00 1.584269657166934575e+00 1.686463803228698932e+00 1.503797840945641440e+02 1.820618385017860135e+02
1.947368421052631526e-01 1.224521272646901110e-01 1.827016935215318438e-01 1.069764981766657685e+00 1.583801457652734390e+00 1.685926028053333470e+00 1.504771307918470598e+02 1.822125428873033002e+02
2.421052631578947401e-01 1.521511252357111432e-01 2.271134597726607862e-01 1.069694986528477054e+00 1.583587256355731387e+00 1.685575063128969653e+00 1.507637509535539380e+02 1.826251660873713547e+02
2.894736842105263275e-01 1.817393257770300030e-01 2.714883175159512052e-01 1.069897005378991572e+00 1.583547297946116927e+00 1.685297709852033865e+00 1.513084615636184367e+02 1.833990492186471783e+02
3.368421052631579427e-01 2.111494071873862011e-01 3.158036006921260963e-01 1.070400107497022857e+00 1.583662095058920194e+00 1.685038349972731719e+00 1.521983351852140913e+02 1.846577656621583401e+02
3.842105263157894468e-01 2.402936413068555987e-01 3.600309942835451249e-01 1.071242385248816653e+00 1.583934454759283961e+00 1.684763440446726657e+00 1.535305988702257309e+02 1.865388551511374828e+02
4.315789473684210620e-01 2.690711955221572471e-01 4.041377164861392202e-01 1.072477746689997735e+00 1.584375031131176614e+00 1.684449621584697354e+00 1.554065498011104296e+02 1.891859380653812650e+02
4.789473684210526772e-01 2.973704517863456354e-01 4.480884984935227799e-01 1.074149776617866259e+00 1.584994486049022822e+00 1.684080809704573412e+00 1.579262717879215074e+02 1.927417982626276114e+02
5.263157894736841813e-01 3.250778489402337268e-01 4.918481422746113219e-01 1.076291463009898086e+00 1.585798548563546406e+00 1.683646024176252753e+00 1.611836511094238347e+02 1.973418860693562351e+02
5.736842105263157965e-01 3.520899118203263956e-01 5.353843181826782871e-01 1.078930841634558213e+00 1.586786718950877306e+00 1.683139312392184506e+00 1.652626536676749822e+02 2.031093892098082847e+02
6.210526315789474117e-01 3.783122504535533226e-01 5.786700393933891240e-01 1.082061257402932686e+00 1.587949998102158755e+00 1.682559515897223523e+00 1.702347635883620853e+02 2.101518854843468205e+02
6.684210526315789158e-01 4.036728919245518021e-01 6.216854545428143197e-01 1.085666254609886527e+00 1.589272291752129584e+00 1.681909146038067959e+00 1.761581811385531182e+02 2.185602269147185268e+02
7.157894736842105310e-01 4.281215268407182473e-01 6.644187188716159653e-01 1.089710692008752702e+00 1.590730846787242303e+00 1.681194265342170979e+00 1.830785975860004555e+02 2.284094388260478183e+02
7.631578947368421462e-01 4.516307064512258829e-01 7.068659184436349996e-01 1.094147323484718326e+00 1.592299714227078056e+00 1.680423252603865381e+00 1.910310439400735731e+02 2.397610248092647964e+02
8.105263157894736503e-01 4.741942253223797588e-01 7.490302661027554709e-01 1.098922105531018545e+00 1.593951559744714475e+00 1.679605723415841023e+00 2.000423648126136982e+02 2.526660759981790534e+02
8.578947368421052655e-01 4.958240048093599528e-01 7.909208467948890542e-01 1.103978820699525576e+00 1.595659329708116303e+00 1.678751684089829332e+00 2.101338236322469299e+02 2.671685685010767202e+02
9.052631578947368807e-01 5.165460038969337253e-01 8.325511984720096459e-01 1.109261869641189113e+00 1.597398180600608786e+00 1.677871079066082238e+00 2.213234814685108063e+02 2.833083893755201075e+02
9.526315789473683848e-01 5.363960446137731042e-01 8.739379460039093939e-01 1.114718529605970065e+00 1.599145739285075418e+00 1.676973148533680291e+00 2.336281524467805752e+02 3.011238358872795402e+02
1.000000000000000000e+00 5.554162420364125996e-01 9.150996157347514037e-01 1.120300542310381120e+00 1.600883200158395914e+00 1.676066078944666193e+00 2.470649005689812157e+02 3.206535412704724308e+02
