1.000000000000000056e-01 6.292998969456491121e-02 9.383454156952154845e-02 1.066464381665170658e+00 1.584950675384023455e+00 1.688045422237007598e+00 1.485711541889142495e+02 1.798297156154013123e+02
1.473684210526315930e-01 9.263716748073472229e-02 1.382617755055675635e-01 1.066663344745690134e+00 1.584530614441185925e+00 1.687187066593283769e+00 1.495304814192641061e+02 1.810802050011810422e+02
1.947368421052631526e-01 1.222161502064207650e-01 1.826625210753865802e-01 1.067689979935610545e+00 1.584600412808206071e+00 1.686607909695547969e+00 1.510592376488531556e+02 1.830647405498274907e+02
2.421052631578947401e-01 1.516162765157779979e-01 2.270258182877385456e-01 1.069332712829264231e+00 1.584949014858018757e+00 1.686093218987122722e+00 1.531652723783097940e+02 1.857989490587867465e+02
2.894736842105263275e-01 1.807841389054382075e-01 2.713403325601524418e-01 1.071515009476039060e+00 1.585504336563791306e+00 1.685571444645739270e+00 1.558756170919036492e+02 1.893215425822687337e+02
3.368421052631579427e-01 2.096669146027411723e-01 3.155948346035195029e-01 1.074198930180453759e+00 1.586231311896025842e+00 1.685012840409853219e+00 1.592209284148974859e+02 1.936757141093320058e+02
3.842105263157894468e-01 2.382167720544714762e-01 3.597786497122269500e-01 1.077367521920804982e+00 1.587107344529556041e+00 1.684405100025394564e+00 1.632316976221127334e+02 1.989046423898101921e+02
4.315789473684210620e-01 2.663851682969098356e-01 4.038820485150483308e-01 1.080980615824296276e+00 1.588113075051401868e+00 1.683743558634389403e+00 1.679372141846075976e+02 2.050502804965867085e+02
4.789473684210526772e-01 2.941323492326902711e-01 4.478965624292033376e-01 1.085012485315990816e+00 1.589230346186774057e+00 1.683028362690430768e+00 1.733652476288285698e+02 2.121529749333591894e+02
5.263157894736841813e-01 3.214214321401155927e-01 4.918152072106835027e-01 1.089422031360293808e+00 1.590441429928837636e+00 1.682262667764285125e+00 1.795422270459602885e+02 2.202516664257377670e+02
5.736842105263157965e-01 3.482234739456885331e-01 5.356325199625701083e-01 1.094171370003425459e+00 1.591728223135333353e+00 1.681450943653538976e+00 1.864931380562746881e+02 2.293838430842703247e+02
6.210526315789474117e-01 3.745153767594125993e-01 5.793445859567573075e-01 1.099218977765924476e+00 1.593073233077690443e+00 1.680598873211347488e+00 1.942419888764285076e+02 2.395860514233844185e+02
6.684210526315789158e-01 4.002814505390973610e-01 6.229489187501291436e-01 1.104525794265565297e+00 1.594459687881927490e+00 1.679712636608767351e+00 2.028119716130797769e+02 2.508941233281054508e+02
7.157894736842105310e-01 4.255093363371267312e-01 6.664443170985998588e-01 1.110046996813247144e+00 1.595871998294478233e+00 1.678798621340737762e+00 2.122258379904927210e+02 2.633436164751724959e+02
7.631578947368421462e-01 4.501930507066080889e-01 7.098306415434341154e-01 1.115742777645870154e+00 1.597295999954437162e+00 1.677863167409514356e+00 2.225059541424616896e+02 2.769699135684035696e+02
8.105263157894736503e-01 4.743322349792657988e-01 7.531086010216734294e-01 1.121577681141186833e+00 1.598718866751586809e+00 1.676912091900537582e+00 2.336745825281438442e+02 2.918085710534351733e+02
8.578947368421052655e-01 4.979292194376528369e-01 7.962795620307930866e-01 1.127516483363495636e+00 1.600129568712901129e+00 1.675950925815685721e+00 2.457540023206918818e+02 3.078954479790508003e+02
9.052631578947368807e-01 5.209892778162077409e-01 8.393453409255351438e-01 1.133526759556512387e+00 1.601520017994825906e+00 1.674985206042138630e+00 2.587666200008130772e+02 3.252668619569793123e+02
9.526315789473683848e-01 5.435193413779298988e-01 8.823080425952952721e-01 1.139577986215541516e+00 1.602880753846361861e+00 1.674018991902719744e+00 2.727350535109883936e+02 3.439596858106463628e+02
1.000000000000000000e+00 5.655299770054470487e-01 9.251698800500300912e-01 1.145646027880598217e+00 1.604205949308555201e+00 1.673056443785954750e+00 2.876819462468649249e+02 3.640111585509128531e+02
