1.000000000000000056e-01 6.298240985643692447e-02 9.384409882241516454e-02 1.065051088532783741e+00 1.584687923099132867e+00 1.688251829336933296e+00 1.474902253938031151e+02 1.784600451177452101e+02
1.473684210526315930e-01 9.276853566006219853e-02 1.382826764696756250e-01 1.064529629428732083e+00 1.584115907869305673e+00 1.687558334342456723e+00 1.476940595400520522e+02 1.787592757910039154e+02
1.947368421052631526e-01 1.224604126028498163e-01 1.826939411409739811e-01 1.064697789086519242e+00 1.583991440537982243e+00 1.687147908975601851e+00 1.483269451102200094e+02 1.796313096715644235e+02
2.421052631578947401e-01 1.519830447187640599e-01 2.270565599461661921e-01 1.065427360869190210e+00 1.584146557298243163e+00 1.686802499882532391e+00 1.494911329198022258e+02 1.812207195080702888e+02
2.894736842105263275e-01 1.812425429373189512e-01 2.713448079805589330e-01 1.066732356170877916e+00 1.584545519496745491e+00 1.686439684144305451e+00 1.513125985559656215e+02 1.837000596809245963e+02
3.368421052631579427e-01 2.101343955663815821e-01 3.155309649612093037e-01 1.068656890426057160e+00 1.585182657083659574e+00 1.686018261767717519e+00 1.539157643826396225e+02 1.872388771753720391e+02
3.842105263157894468e-01 2.385547797970753447e-01 3.595881854084038154e-01 1.071249826275359807e+00 1.586057002088670620e+00 1.685516829421887852e+00 1.574140651748066659e+02 1.919920154662470111e+02
4.315789473684210620e-01 2.664035747743246918e-01 4.034933221861500829e-01 1.074517323495441490e+00 1.587158927502948957e+00 1.684924437220084670e+00 1.619056046402810694e+02 1.980942650791708957e+02
4.789473684210526772e-01 2.935995603023271450e-01 4.472292528191181837e-01 1.078456667848450179e+00 1.588470875945206640e+00 1.684239568803220122e+00 1.674721024142228600e+02 2.056590446889707948e+02
5.263157894736841813e-01 3.200787584880454006e-01 4.907862451592507336e-01 1.083026531869131670e+00 1.589966419206299664e+00 1.683466711574855390e+00 1.741799617823346580e+02 2.147798034066894388e+02
5.736842105263157965e-01 3.458016328638470194e-01 5.341622783628755533e-01 1.088172369436949838e+00 1.591612261579821164e+00 1.682614178591277376e+00 1.820828735205317628e+02 2.255333199976425931e+02
6.210526315789474117e-01 3.707510243629705826e-01 5.773624769668194157e-01 1.093827450156334979e+00 1.593373069956460331e+00 1.681693853934904448e+00 1.912253487933718930e+02 2.379841103073351292e+02
6.684210526315789158e-01 3.949292616291627533e-01 6.203979144711286864e-01 1.099917793750630590e+00 1.595213052716885294e+00 1.680718422013853353e+00 2.016461880333754948e+02 2.521887609911876780e+02
7.157894736842105310e-01 4.183524188308941905e-01 6.632841188594316151e-01 1.106363386863463916e+00 1.597098521122698678e+00 1.679700389140719174e+00 2.133814774601119666e+02 2.681996709895039430e+02
7.631578947368421462e-01 4.410507338824238843e-01 7.060395946956331548e-01 1.113094297636153973e+00 1.598999973634683380e+00 1.678652143684063569e+00 2.264671851816684978e+02 2.860682464678560564e+02
8.105263157894736503e-01 4.630619875071655400e-01 7.486844903826078701e-01 1.120044883715371808e+00 1.600891672238998309e+00 1.677584644713609130e+00 2.409408603061185090e+02 3.058469931871808285e+02
8.578947368421052655e-01 4.844283487253970844e-01 7.912395354881307519e-01 1.127155729523655836e+00 1.602752167908317205e+00 1.676507626471381629e+00 2.568428332266405505e+02 3.275909546730248394e+02
9.052631578947368807e-01 5.051940552034873688e-01 8.337252290260728227e-01 1.134374443131391796e+00 1.604565849180173975e+00 1.675428563607200161e+00 2.742169193751064427e+02 3.513585436744035633e+02
9.526315789473683848e-01 5.254037648050882137e-01 8.761612743345885690e-01 1.141656581361846445e+00 1.606320986197882883e+00 1.674354174381817772e+00 2.931107184059499104e+02 3.772118571153940252e+02
1.000000000000000000e+00 5.451053403100525330e-01 9.185662201140917249e-01 1.148971752166429328e+00 1.608008818094968762e+00 1.673290055596662773e+00 3.135757971609534707e+02 4.052168388256475282e+02
