1.000000000000000056e-01 6.292388668750703573e-02 9.383310680370184065e-02 1.067448049649053932e+00 1.584556015866758871e+00 1.687379794891396001e+00 1.490844402321452549e+02 1.804571852865755943e+02
1.473684210526315930e-01 9.266654788698569511e-02 1.382674208602987231e-01 1.067398801598179681e+00 1.584094051715822848e+00 1.686639217836365168e+00 1.496697063590710002e+02 1.812214274840927999e+02
1.947368421052631526e-01 1.223272023556210703e-01 1.826841848099602372e-01 1.067953747092070582e+00 1.584037627257700365e+00 1.686172449677496354e+00 1.506207672878834956e+02 1.824585115609862669e+02
2.421052631578947401e-01 1.518678624605519500e-01 2.270744865151033132e-01 1.068936519742036850e+00 1.584202372487302668e+00 1.685784408179389349e+00 1.519492078987428556e+02 1.841887578934396004e+02
2.894736842105263275e-01 1.812452698170097243e-01 2.714277660692793193e-01 1.070299651567285570e+00 1.584529943136623986e+00 1.685407232823531665e+00 1.536854097141090278e+02 1.864558180244190453e+02
3.368421052631579427e-01 2.104134149333550530e-01 3.157318992083613662e-01 1.072040366583630666e+00 1.584997505617949054e+00 1.685010675074701147e+00 1.558659745605807530e+02 1.893116122362650628e+02
3.842105263157894468e-01 2.393203315382968488e-01 3.599733587809691993e-01 1.074152084304744070e+00 1.585594082303557251e+00 1.684579017235265708e+00 1.585302198799302573e+02 1.928121851949092331e+02
4.315789473684210620e-01 2.679115756345766819e-01 4.041374838474489084e-01 1.076632372941658922e+00 1.586312626551432237e+00 1.684103561182910269e+00 1.617186613082164683e+02 1.970159036257211653e+02
4.789473684210526772e-01 2.961310674402172216e-01 4.482088085048103188e-01 1.079475957520224849e+00 1.587146953905397506e+00 1.683579915586129960e+00 1.654720862612401504e+02 2.019823873430414096e+02
5.263157894736841813e-01 3.239229578633325835e-01 4.921714547669658324e-01 1.082674088561036418e+00 1.588090042146110381e+00 1.683006420711069318e+00 1.698307727584764280e+02 2.077715823851443986e+02
5.736842105263157965e-01 3.512333884279630891e-01 5.360095472674070161e-01 1.086213830500431188e+00 1.589133377651393619e+00 1.682383409012183195e+00 1.748339503604643141e+02 2.144431163323282021e+02
6.210526315789474117e-01 3.780103590706125893e-01 5.797075882153418513e-01 1.090073144374003489e+00 1.590266912332110039e+00 1.681712927028748306e+00 1.805192043639999611e+02 2.220555985474280760e+02
6.684210526315789158e-01 4.042081335588607605e-01 6.232507892822609641e-01 1.094230191807228803e+00 1.591479068427812615e+00 1.680998260516650689e+00 1.869219870114948208e+02 2.306660205088105613e+02
7.157894736842105310e-01 4.297851808579486454e-01 6.666253588584075684e-01 1.098655351319348661e+00 1.592757452681439201e+00 1.680243977550551104e+00 1.940755229379654736e+02 2.403295883452821329e+02
7.631578947368421462e-01 4.547071179964005117e-01 7.098186088693911877e-01 1.103317734496528590e+00 1.594088527574389680e+00 1.679454964912053594e+00 2.020101669071863739e+02 2.510989579848085214e+02
8.105263157894736503e-01 4.789447149252468172e-01 7.528190536021110990e-01 1.108181186364524784e+00 1.595458786024898545e+00 1.678636827829863343e+00 2.107535104946673528e+02 2.630242706562902981e+02
8.578947368421052655e-01 5.024767894727704132e-01 7.956163532864685140e-01 1.113211570916140980e+00 1.596854892291431849e+00 1.677795367025492812e+00 2.203300853691182226e+02 2.761527390135393603e+02
9.052631578947368807e-01 5.252873201389547386e-01 8.382012142488531881e-01 1.118372139433363222e+00 1.598264133773066309e+00 1.676936403381412255e+00 2.307613086657077872e+02 2.905284712831003731e+02
9.526315789473683848e-01 5.473672172754244780e-01 8.805652050956379595e-01 1.123628882395333539e+00 1.599674681155759837e+00 1.676065570274298144e+00 2.420652829409587810e+02 3.061921124526523386e+02
1.000000000000000000e+00 5.687106152547701798e-01 9.227005764563099843e-01 1.128945772996161390e+00 1.601076021605100763e+00 1.675188368343403456e+00 2.542567462950034098e+02 3.231805973631313122e+02
