1.000000000000000056e-01 6.291017908503657163e-02 9.382830304090240825e-02 1.070067120701901908e+00 1.585522030629761936e+00 1.688007957458163677e+00 1.499200835539047034e+02 1.814922123485181658e+02
1.473684210526315930e-01 9.264586279938930025e-02 1.382558330151172077e-01 1.069433163245035789e+00 1.584617157323940040e+00 1.686891539404547391e+00 1.502903702389771183e+02 1.820091592431333538e+02
1.947368421052631526e-01 1.222662451325533944e-01 1.826516861159529770e-01 1.069684104027122773e+00 1.584363437393920604e+00 1.686239092636875547e+00 1.511870830007730149e+02 1.832255345589651370e+02
2.421052631578947401e-01 1.516892056051428739e-01 2.269933568610761898e-01 1.070620437598178487e+00 1.584485735399286499e+00 1.685720529592441785e+00 1.527190335512796651e+02 1.852944164981976201e+02
2.894736842105263275e-01 1.808154128179075837e-01 2.712541084353010112e-01 1.072225842489616721e+00 1.584907918300725083e+00 1.685215360635265558e+00 1.550147989223722504e+02 1.883927087914720175e+02
3.368421052631579427e-01 2.095356138696708170e-01 3.154050652546556144e-01 1.074520919468221702e+00 1.585603050469273967e+00 1.684666840997970816e+00 1.582004572092878050e+02 1.926942267612142530e+02
3.842105263157894468e-01 2.377417943634213271e-01 3.594177681610812303e-01 1.077532971852715349e+00 1.586555267848123840e+00 1.684046660742765322e+00 1.623919618423911118e+02 1.983603532642295306e+02
4.315789473684210620e-01 2.653308654690632595e-01 4.032667098722124699e-01 1.081254852608979800e+00 1.587745347425984832e+00 1.683341699422211235e+00 1.676914892268407016e+02 2.055355972683610446e+02
4.789473684210526772e-01 2.922149994494002700e-01 4.469314877762188276e-01 1.085657468528188563e+00 1.589147363973112848e+00 1.682549410770795451e+00 1.741865954912536836e+02 2.143464905290487934e+02
5.263157894736841813e-01 3.183252938462320936e-01 4.903981097935566913e-01 1.090686070103564331e+00 1.590728730777020594e+00 1.681674437344434336e+00 1.819509052929722657e+02 2.249024737294919589e+02
5.736842105263157965e-01 3.436162478083075178e-01 5.336594232600376797e-01 1.096273389969905754e+00 1.592452204682727634e+00 1.680726051907992957e+00 1.910463194341017470e+02 2.372985856697247016e+02
6.210526315789474117e-01 3.680634505269705370e-01 5.767146929344829642e-01 1.102339328204553714e+00 1.594279066801839839e+00 1.679716456460577767e+00 2.015258130819034648e+02 2.516189300208417876e+02
6.684210526315789158e-01 3.916609983458256283e-01 6.195686153460175927e-01 1.108797495383270659e+00 1.596171714459403645e+00 1.678659001620658175e+00 2.134363471983426166e+02 2.679402706924466315e+02
7.157894736842105310e-01 4.144180987901872060e-01 6.622300467385310307e-01 1.115561606912219172e+00 1.598095832626119872e+00 1.677567020165440015e+00 2.268214657082495478e+02 2.863352484286631920e+02
7.631578947368421462e-01 4.363595466924787281e-01 7.047107009597758376e-01 1.122559155375925100e+00 1.600021716165203056e+00 1.676453125839274971e+00 2.417234820144010143e+02 3.068750916704963174e+02
8.105263157894736503e-01 4.575149162967306338e-01 7.470240030194075231e-01 1.129716281278130507e+00 1.601923506080490611e+00 1.675328804235584279e+00 2.581850167176733635e+02 3.296314978169622236e+02
8.578947368421052655e-01 4.779193398132868253e-01 7.891841157891945624e-01 1.136968971772331694e+00 1.603782183297024044e+00 1.674203385991348103e+00 2.762500078589670807e+02 3.546779168582982606e+02
9.052631578947368807e-01 4.976116466340025357e-01 8.312052313919110480e-01 1.144264161253052192e+00 1.605583157056157173e+00 1.673084988937061812e+00 2.959643689936781925e+02 3.820903637064453733e+02
9.526315789473683848e-01 5.166316310492382602e-01 8.731010775089561582e-01 1.151557317783320045e+00 1.607315647800654723e+00 1.671980167646032411e+00 3.173762953133386304e+02 4.119477944445502544e+02
1.000000000000000000e+00 5.350194173861114733e-01 9.148845958866137495e-01 1.158812840310177616e+00 1.608972394550836738e+00 1.670894191761662428e+00 3.405363763248969917e+02 4.443322523366118162e+02
