1.000000000000000056e-01 6.294319149430770144e-02 9.383611884085668597e-02 1.067853857253218131e+00 1.584748393279027390e+00 1.687638160757351402e+00 1.489361868926651766e+02 1.802558413744716290e+02
1.473684210526315930e-01 9.273531361897374703e-02 1.382779245462347484e-01 1.067206510722067403e+00 1.584029881850766985e+00 1.686853525803804210e+00 1.489930467387728186e+02 1.803507150453359031e+02
1.947368421052631526e-01 1.224797486422447290e-01 1.827053423506231067e-01 1.067085669690924332e+00 1.583746133025597524e+00 1.686427131421919023e+00 1.492817264797672010e+02 1.807548462754273828e+02
2.421052631578947401e-01 1.521330162456530632e-01 2.271054054525297738e-01 1.067322082291307206e+00 1.583692376006271108e+00 1.686120344794646009e+00 1.498555430279465668e+02 1.815464939406919882e+02
2.894736842105263275e-01 1.816371765452579612e-01 2.714606115580571744e-01 1.067907952852070297e+00 1.583815729548273321e+00 1.685845536197115413e+00 1.507935486617314496e+02 1.828360719875501275e+02
3.368421052631579427e-01 2.109183112384745151e-01 3.157493186511207139e-01 1.068866518719941316e+00 1.584104945774408302e+00 1.685558723096826306e+00 1.521835317141936912e+02 1.847454187158813568e+02
3.842105263157894468e-01 2.398939374152778969e-01 3.599466533922004441e-01 1.070248270989728301e+00 1.584563338272263477e+00 1.685233493317788600e+00 1.541153321192239787e+02 1.873994720613942206e+02
4.315789473684210620e-01 2.684712303971419356e-01 4.040258576353641384e-01 1.072085241463342165e+00 1.585196127580546843e+00 1.684853577069487018e+00 1.566765428551102275e+02 1.909208952835989521e+02
4.789473684210526772e-01 2.965571814132355599e-01 4.479600145747942297e-01 1.074408010096236765e+00 1.586005608526594335e+00 1.684408113587679390e+00 1.599493586890762060e+02 1.954260455501525939e+02
5.263157894736841813e-01 3.240616572442416299e-01 4.917238808247567095e-01 1.077228290829015611e+00 1.586988605210365444e+00 1.683891871100026583e+00 1.640082639832843086e+02 2.010220227072362604e+02
5.736842105263157965e-01 3.509034523403365968e-01 5.352955560122418799e-01 1.080540968294461557e+00 1.588136078631671388e+00 1.683303569330985905e+00 1.689184469143423257e+02 2.078046472747128632e+02
6.210526315789474117e-01 3.770157468293628966e-01 5.786577976159767989e-01 1.084327984078372609e+00 1.589432305408093882e+00 1.682645627240969999e+00 1.747356089262025307e+02 2.158581251354050607e+02
6.684210526315789158e-01 4.023472998829603631e-01 6.217987297617738607e-01 1.088555365050889012e+00 1.590857230605714490e+00 1.681923476873397716e+00 1.815062864759646857e+02 2.252554341944100429e+02
7.157894736842105310e-01 4.268641759961823157e-01 6.647119870208614278e-01 1.093178794066805848e+00 1.592387367331413728e+00 1.681144521129609437e+00 1.892690117570881512e+02 2.360597341464140015e+02
7.631578947368421462e-01 4.505502228577077939e-01 7.073963577787256707e-01 1.098149834070547781e+00 1.593997738291188071e+00 1.680317475654867110e+00 1.980558957318200726e+02 2.483263094673095850e+02
8.105263157894736503e-01 4.734032308222996255e-01 7.498550851503178460e-01 1.103414588481195668e+00 1.595663752144754977e+00 1.679451780516339809e+00 2.078943596115259140e+02 2.621046975440052051e+02
8.578947368421052655e-01 4.954322189574403845e-01 7.920949498649608733e-01 1.108916759481522796e+00 1.597362236033062599e+00 1.678556882320368260e+00 2.188085588687799259e+02 2.774404738198105633e+02
9.052631578947368807e-01 5.166562219557777613e-01 8.341253267232709989e-01 1.114603128278013999e+00 1.599071919964344168e+00 1.677641543874001773e+00 2.308208000473276513e+02 2.943770216145304062e+02
9.526315789473683848e-01 5.371027413348313795e-01 8.759573559505238194e-01 1.120427028119539425e+00 1.600774424233207371e+00 1.676713824966471256e+00 2.439526900080827261e+02 3.129569258542179000e+02
1.000000000000000000e+00 5.568020919165224125e-01 9.176031739057098902e-01 1.126342946835203307e+00 1.602454427443404050e+00 1.675780920911799088e+00 2.582258119507503125e+02 3.332228432499265409e+02
