1.000000000000000056e-01 6.289814939023070928e-02 9.383675112236632143e-02 1.066344288342263802e+00 1.584471092963972705e+00 1.687206593008350186e+00 1.493690465909985221e+02 1.808001520676903624e+02
1.473684210526315930e-01 9.258882478719822340e-02 1.382728232435490867e-01 1.067276532210630346e+00 1.584389283029189910e+00 1.686521271636400865e+00 1.507747494420737837e+02 1.825690373710543781e+02
1.947368421052631526e-01 1.221846331287406717e-01 1.826954657066734156e-01 1.068689941381978148e+00 1.584589207462296478e+00 1.686009356915002311e+00 1.524977015679700969e+02 1.847409884364371351e+02
2.421052631578947401e-01 1.516636777329165298e-01 2.271002325828778701e-01 1.070420197979149668e+00 1.584935171150334332e+00 1.685544247790939476e+00 1.545142880110497288e+02 1.872898698066784959e+02
2.894736842105263275e-01 1.810035135102162629e-01 2.714821626951431921e-01 1.072412883689216834e+00 1.585381240714011764e+00 1.685084677666235597e+00 1.568239544405858226e+02 1.902177375160125905e+02
3.368421052631579427e-01 2.101809239912489358e-01 3.158357990283620631e-01 1.074644470669562812e+00 1.585906941337145160e+00 1.684613447783213536e+00 1.594346593440577067e+02 1.935372592049924378e+02
3.842105263157894468e-01 2.391701394847391415e-01 3.601552228603515649e-01 1.077094789268686625e+00 1.586501464255859029e+00 1.684122685229246796e+00 1.623585697570633499e+02 1.972665157409035146e+02
4.315789473684210620e-01 2.679460512972037245e-01 4.044340762291221969e-01 1.079756083465261751e+00 1.587157604546289402e+00 1.683608325574617925e+00 1.656101583055085769e+02 2.014267462630814407e+02
4.789473684210526772e-01 2.964819541719797003e-01 4.486656432857163423e-01 1.082617752671750200e+00 1.587870057436057802e+00 1.683068564822086222e+00 1.692055861656041600e+02 2.060415693616684791e+02
5.263157894736841813e-01 3.247507860444882599e-01 4.928428778913443442e-01 1.085670165750946214e+00 1.588634345643874957e+00 1.682503045956838861e+00 1.731619501623395649e+02 2.111361412104687929e+02
5.736842105263157965e-01 3.527261913879657929e-01 5.369585217122967435e-01 1.088905567560547460e+00 1.589445949920595291e+00 1.681911851277992254e+00 1.774972183999227298e+02 2.167370268828244946e+02
6.210526315789474117e-01 3.803812100447044320e-01 5.810051385572119198e-01 1.092312832493301356e+00 1.590300510882272755e+00 1.681295868834294049e+00 1.822297799197126551e+02 2.228717249089065149e+02
6.684210526315789158e-01 4.076895537862513241e-01 6.249751932876670413e-01 1.095880491526527667e+00 1.591193482404394066e+00 1.680656362862183117e+00 1.873782694012302557e+02 2.295684584571071412e+02
7.157894736842105310e-01 4.346286595952015275e-01 6.688611189413311564e-01 1.099602916133836761e+00 1.592120297021984987e+00 1.679995080765388504e+00 1.929613590936562275e+02 2.368559372840331037e+02
7.631578947368421462e-01 4.611733578097878539e-01 7.126553997568264576e-01 1.103463869596445379e+00 1.593076097792902379e+00 1.679313838586917740e+00 1.989977771054428217e+02 2.447633716991389292e+02
8.105263157894736503e-01 4.873008191760531127e-01 7.563506092422516147e-01 1.107449123940934088e+00 1.594055996501519523e+00 1.678614722643327228e+00 2.055060190431710794e+02 2.533201489452073076e+02
8.578947368421052655e-01 5.129907906847087640e-01 7.999394397928537570e-01 1.111545849424424137e+00 1.595055065489202617e+00 1.677899993461502426e+00 2.125041848202596952e+02 2.625556528304363155e+02
9.052631578947368807e-01 5.382258509896534759e-01 8.434147343540828734e-01 1.115742381417794027e+00 1.596068389560866052e+00 1.677172002699796938e+00 2.200098408040526010e+02 2.724990952227698813e+02
9.526315789473683848e-01 5.629864535864923525e-01 8.867695407085643966e-01 1.120019390185239105e+00 1.597091187894940090e+00 1.676433152149195305e+00 2.280402027062218906e+02 2.831797070796695834e+02
1.000000000000000000e+00 5.872586845231059227e-01 9.299970541582411876e-01 1.124364336660863328e+00 1.598118891871541880e+00 1.675685956480408079e+00 2.366115401382430150e+02 2.946260597516220514e+02
