1.000000000000000056e-01 6.295940067342070678e-02 9.383968679123566581e-02 1.065965298803856820e+00 1.584172050175420399e+00 1.687374156799750002e+00 1.481956807532970117e+02 1.793395947322085533e+02
1.473684210526315930e-01 9.275468676664368195e-02 1.382827873702933696e-01 1.065606834458455054e+00 1.583709881936545827e+00 1.686820843612631293e+00 1.483436706849607276e+02 1.795473036225805004e+02
1.947368421052631526e-01 1.225031266362959226e-01 1.827135107883355591e-01 1.065678766216414441e+00 1.583564824245946578e+00 1.686504055962983140e+00 1.487170886220715147e+02 1.800509983094797803e+02
2.421052631578947401e-01 1.521724331639484340e-01 2.271237282904206845e-01 1.066050754664214617e+00 1.583592807060881791e+00 1.686260169647398000e+00 1.493450301862217771e+02 1.808924679936876885e+02
2.894736842105263275e-01 1.817264117176886629e-01 2.715038466748717072e-01 1.066714627127623105e+00 1.583752809535421857e+00 1.686030466799363525e+00 1.502683615769201708e+02 1.821272386495247702e+02
3.368421052631579427e-01 2.111233391914358604e-01 3.158432331068264376e-01 1.067678492358604458e+00 1.584031867342770239e+00 1.685787270471308386e+00 1.515289068348168087e+02 1.838116313961262165e+02
3.842105263157894468e-01 2.403176677368464298e-01 3.601307177721070896e-01 1.068952647052919369e+00 1.584425478258921771e+00 1.685514871626716982e+00 1.531665632334440375e+02 1.859992990886609903e+02
4.315789473684210620e-01 2.692624921218575440e-01 4.043551069075796978e-01 1.070547063433502144e+00 1.584932113602743220e+00 1.685204492569276624e+00 1.552181442269155696e+02 1.887398828985730290e+02
4.789473684210526772e-01 2.979136074538288326e-01 4.485057456224939565e-01 1.072475692203611386e+00 1.585549316199067915e+00 1.684850518050171164e+00 1.577170572103549659e+02 1.920785958349515568e+02
5.263157894736841813e-01 3.262266108227960260e-01 4.925729945817888811e-01 1.074736771518489675e+00 1.586273299149528526e+00 1.684450201597034180e+00 1.606930898499684304e+02 1.960560129476502027e+02
5.736842105263157965e-01 3.541617957731054700e-01 5.365486424004985988e-01 1.077326143508320788e+00 1.587098414612165609e+00 1.684002879394764784e+00 1.641724363637054296e+02 2.007081225109083675e+02
6.210526315789474117e-01 3.816869485083957403e-01 5.804262398263118072e-01 1.080240563132049525e+00 1.588017033844613124e+00 1.683509355519669182e+00 1.681780799642246507e+02 2.060667788671606218e+02
6.684210526315789158e-01 4.087714038440717346e-01 6.242012569906657538e-01 1.083458999021312152e+00 1.589019765681560337e+00 1.682971567755383813e+00 1.727300105527809819e+02 2.121600156567034219e+02
7.157894736842105310e-01 4.353934095350439071e-01 6.678711570805032638e-01 1.086964141875432110e+00 1.590096155566034009e+00 1.682392572953102849e+00 1.778456998139911889e+02 2.190126219304933102e+02
7.631578947368421462e-01 4.615390581032525752e-01 7.114353336473118183e-01 1.090738216358432933e+00 1.591234838940778662e+00 1.681775997567769076e+00 1.835405581321962245e+02 2.266467208816642369e+02
8.105263157894736503e-01 4.871956300329552958e-01 7.548949771567571299e-01 1.094750070974676470e+00 1.592424133131199238e+00 1.681125892128007449e+00 1.898284643779318515e+02 2.350824159691682667e+02
8.578947368421052655e-01 5.123604291213745832e-01 7.982528527222358949e-01 1.098977577381652138e+00 1.593652608893224798e+00 1.680446716198822354e+00 1.967221186270888893e+02 2.443382407747290017e+02
9.052631578947368807e-01 5.370342360136266535e-01 8.415130421907874858e-01 1.103394637388034116e+00 1.594909049580472082e+00 1.679742800846965700e+00 2.042334858905644239e+02 2.544317159163605027e+02
9.526315789473683848e-01 5.612220152994151778e-01 8.846806953169140675e-01 1.107975386210258151e+00 1.596182974843132651e+00 1.679018439035860899e+00 2.123741609479391172e+02 2.653797871142908775e+02
1.000000000000000000e+00 5.849324904646276968e-01 9.277617709242004240e-01 1.112695282349007941e+00 1.597464835118155735e+00 1.678277731862173550e+00 2.211556508361208273e+02 2.771991752850043440e+02
