1.000000000000000056e-01 6.293035204773775315e-02 9.383335620319221970e-02 1.069088017582785488e+00 1.585026177121456659e+00 1.687683185495934435e+00 1.494734057490816497e+02 1.809219734247120073e+02
1.473684210526315930e-01 9.271927610915323137e-02 1.382745661792791070e-01 1.068302149789226885e+00 1.584176865684529867e+00 1.686777779980062952e+00 1.494897487626446093e+02 1.809649038736236548e+02
1.947368421052631526e-01 1.224647259863605175e-01 1.827020200485021395e-01 1.068084097873051030e+00 1.583817492344467670e+00 1.686294703634501957e+00 1.497256325152957572e+02 1.813014220850449760e+02
2.421052631578947401e-01 1.521224935225334307e-01 2.271020239033497701e-01 1.068229263269858009e+00 1.583708898248295860e+00 1.685958921165110480e+00 1.502339470589786288e+02 1.820109929258168222e+02
2.894736842105263275e-01 1.816299563472731082e-01 2.714551738761776245e-01 1.068715785644424932e+00 1.583787935783623535e+00 1.685669050094779298e+00 1.511002651536489054e+02 1.832145896761743700e+02
3.368421052631579427e-01 2.109084654446179707e-01 3.157364377081605111e-01 1.069585960581787454e+00 1.584042747542784513e+00 1.685374435840214735e+00 1.524236084633720054e+02 1.850512176973343230e+02
3.842105263157894468e-01 2.398617748559643548e-01 3.599159075454179679e-01 1.070885058427440084e+00 1.584477966630516432e+00 1.685044452725937392e+00 1.543085336317283520e+02 1.876680614776612686e+02
4.315789473684210620e-01 2.683823973405989882e-01 4.039603125179697107e-01 1.072659172636243330e+00 1.585101787173069710e+00 1.684658946456334849e+00 1.568596060543645763e+02 1.912134387730579874e+02
4.789473684210526772e-01 2.963572562321586390e-01 4.478351075531800674e-01 1.074941494855243374e+00 1.585919265665994171e+00 1.684204745358246491e+00 1.601764618365719457e+02 1.958305426527106761e+02
5.263157894736841813e-01 3.236780204711867670e-01 4.915069719113290270e-01 1.077755505056085195e+00 1.586929744802191511e+00 1.683674584751914782e+00 1.643500189199326655e+02 2.016524985256640718e+02
5.736842105263157965e-01 3.502448219894868653e-01 5.349461953422076643e-01 1.081097867278218105e+00 1.588124029494226042e+00 1.683066195807808141e+00 1.694596216653464182e+02 2.087986771747768273e+02
6.210526315789474117e-01 3.759739159542773712e-01 5.781286077072255170e-01 1.084944939243095874e+00 1.589485170906362210e+00 1.682382096147878148e+00 1.755716852167329023e+02 2.173728584918918898e+02
6.684210526315789158e-01 4.008056764615900436e-01 6.210367640644077758e-01 1.089264968289804347e+00 1.590989514253681181e+00 1.681628566934082913e+00 1.827399025537741011e+02 2.274633379963060804e+02
7.157894736842105310e-01 4.246994707308552330e-01 6.636602440143207771e-01 1.094003797545919143e+00 1.592609365141898659e+00 1.680814373806969186e+00 1.910064260186812248e+02 2.391443061118001765e+02
7.631578947368421462e-01 4.476364145916954529e-01 7.059951781414244287e-01 1.099100254715667413e+00 1.594314973358904375e+00 1.679949878731613833e+00 2.004036961825323431e+02 2.524780704786775516e+02
8.105263157894736503e-01 4.696169281701054743e-01 7.480433108838145939e-01 1.104490883400265355e+00 1.596077315548141584e+00 1.679046279240323347e+00 2.109568064585013758e+02 2.675179008905160458e+02
8.578947368421052655e-01 4.906557003860943511e-01 7.898107563946892284e-01 1.110110567587039299e+00 1.597869188060270229e+00 1.678114540133024191e+00 2.226855197267737481e+02 2.843105054411701076e+02
9.052631578947368807e-01 5.107792801125135007e-01 8.313067390666405432e-01 1.115898481089366623e+00 1.599666477826728439e+00 1.677164895233921982e+00 2.356060653229248771e+02 3.028982200394477786e+02
9.526315789473683848e-01 5.300229954154710432e-01 8.725424620833187594e-01 1.121800370677689562e+00 1.601448475997470089e+00 1.676206565064748855e+00 2.497326014779154377e+02 3.233207785482940153e+02
1.000000000000000000e+00 5.484251859650944860e-01 9.135301367557593366e-01 1.127764640295011889e+00 1.603197504509664917e+00 1.675247759514242984e+00 2.650779938791009158e+02 3.456162566060258428e+02
