1.000000000000000056e-01 6.293163779800109436e-02 9.383294522644895774e-02 1.067973629238690103e+00 1.585560026406659384e+00 1.688526336646507087e+00 1.488994574898908354e+02 1.802312640823881793e+02
1.473684210526315930e-01 9.265030479785818507e-02 1.382572871309067086e-01 1.067614339702707804e+00 1.584798045800781541e+00 1.687442044915336226e+00 1.495428718594326085e+02 1.811018399206945162e+02
1.947368421052631526e-01 1.222227767923006331e-01 1.826441390553398270e-01 1.068254293502183261e+00 1.584691215570570133e+00 1.686769103015443028e+00 1.508459476317499934e+02 1.828420097154663324e+02
2.421052631578947401e-01 1.515583860133840610e-01 2.269699862372956956e-01 1.069679002760282716e+00 1.584976048609989752e+00 1.686197886911907640e+00 1.529110651479753926e+02 1.855968090336805290e+02
2.894736842105263275e-01 1.805539061357629982e-01 2.712076180121680835e-01 1.071865476621990165e+00 1.585574797896467825e+00 1.685617018270285428e+00 1.558601317046019687e+02 1.895354767419865709e+02
3.368421052631579427e-01 2.090975185115128976e-01 3.153280133906377070e-01 1.074810977736341266e+00 1.586455366967038705e+00 1.684976929990661620e+00 1.598132198163996804e+02 1.948259404264163663e+02
3.842105263157894468e-01 2.370794762090433494e-01 3.593025853607483833e-01 1.078512903048913341e+00 1.587593932034139455e+00 1.684254470246943303e+00 1.648819658389502933e+02 2.016268655260165303e+02
4.315789473684210620e-01 2.643972173218271937e-01 4.031053606493345542e-01 1.082940276038603544e+00 1.588963782821742443e+00 1.683441593832534000e+00 1.711666131673652558e+02 2.100841048294317375e+02
4.789473684210526772e-01 2.909662004553883463e-01 4.467147671733902037e-01 1.088050513511758854e+00 1.590532244826988739e+00 1.682539934797334658e+00 1.787552841042126488e+02 2.203297638445882001e+02
5.263157894736841813e-01 3.167176873063605180e-01 4.901146813528177715e-01 1.093766892989577411e+00 1.592261423047804048e+00 1.681557465336609436e+00 1.877244030289360239e+02 2.324827182239218928e+02
5.736842105263157965e-01 3.416051700114879353e-01 5.332947230816975637e-01 1.100004162501086347e+00 1.594110701729778867e+00 1.680506188317725247e+00 1.981402832883929079e+02 2.466504923062877310e+02
6.210526315789474117e-01 3.656028721878433752e-01 5.762498429586779825e-01 1.106670873871483440e+00 1.596039640216321498e+00 1.679400198707518665e+00 2.100611033221651098e+02 2.629316506651583154e+02
6.684210526315789158e-01 3.887008322439767238e-01 6.189794588448240820e-01 1.113668966868561983e+00 1.598010315093071787e+00 1.678254498512328885e+00 2.235389219426150191e+02 2.814182155978654123e+02
7.157894736842105310e-01 4.109061685135150799e-01 6.614863392344664250e-01 1.120910635202720940e+00 1.599988981909195473e+00 1.677083213972178299e+00 2.386213850602761113e+02 3.021977472339150950e+02
7.631578947368421462e-01 4.322362834683421418e-01 7.037755248572000744e-01 1.128312682933727329e+00 1.601947243490302597e+00 1.675899303012845509e+00 2.553531690770998637e+02 3.253550264726400769e+02
8.105263157894736503e-01 4.527168429067746636e-01 7.458533367888373622e-01 1.135801883506313059e+00 1.603862276506213824e+00 1.674714469481577872e+00 2.737768708862661811e+02 3.509730916381731731e+02
8.578947368421052655e-01 4.723788269020675612e-01 7.877265798496591032e-01 1.143315155088235446e+00 1.605717602852598125e+00 1.673537977863562176e+00 2.939335117106480197e+02 3.791337720776670608e+02
9.052631578947368807e-01 4.912570771917857404e-01 8.294019397049888775e-01 1.150800920317793574e+00 1.607499952664873444e+00 1.672377890276233625e+00 3.158626549874835518e+02 4.099177318026527246e+02
9.526315789473683848e-01 5.093802412107448774e-01 8.708855725458580777e-01 1.158203653358680807e+00 1.609200712410338241e+00 1.671240590481655408e+00 3.396023335236066032e+02 4.434042413957596978e+02
1.000000000000000000e+00 5.267903709969836701e-01 9.121828583249690370e-01 1.165500397687701861e+00 1.610814720460794325e+00 1.670130726878299443e+00 3.651888384320856744e+02 4.796707328306551403e+02
