1.000000000000000056e-01 6.296328315585787705e-02 9.384098329447956854e-02 1.064868280516805488e+00 1.584250242618020277e+00 1.687672147715194360e+00 1.477557628990513194e+02 1.788023719180837361e+02
1.473684210526315930e-01 9.272740163149824355e-02 1.382786108491249610e-01 1.064836704607752926e+00 1.583922467476278406e+00 1.687106486302078379e+00 1.482585863268057267e+02 1.794664256782013183e+02
1.947368421052631526e-01 1.224076430713656460e-01 1.826971245170284919e-01 1.065377874364562771e+00 1.583934213728857454e+00 1.686736018079635802e+00 1.491393401283825710e+02 1.806211932720781590e+02
2.421052631578947401e-01 1.519604594097421768e-01 2.270861864914542894e-01 1.066346070220028475e+00 1.584146112677818241e+00 1.686408185817133143e+00 1.504212214391125428e+02 1.823023433278286802e+02
2.894736842105263275e-01 1.813385876599952762e-01 2.714336189611438188e-01 1.067725902427107521e+00 1.584517562861545326e+00 1.686069983140237705e+00 1.521448848122843742e+02 1.845670474227900115e+02
3.368421052631579427e-01 2.104869079759591755e-01 3.157256209259600710e-01 1.069507557175310541e+00 1.585033531421575326e+00 1.685696719020097323e+00 1.543555817278290760e+02 1.874786719165675493e+02
3.842105263157894468e-01 2.393481686373163941e-01 3.599471321911161259e-01 1.071698271628002797e+00 1.585687303940881865e+00 1.685275706515065641e+00 1.570998066429866356e+02 1.911027680886499240e+02
4.315789473684210620e-01 2.678620426211722472e-01 4.040822514033661217e-01 1.074297798901889589e+00 1.586473564767321154e+00 1.684800182656982281e+00 1.604236723494643115e+02 1.955052040310401082e+02
4.789473684210526772e-01 2.959686987430241722e-01 4.481147596607445438e-01 1.077303513505170285e+00 1.587386035354757308e+00 1.684267051258878878e+00 1.643721158839927625e+02 2.007512062471677723e+02
5.263157894736841813e-01 3.236095506803291499e-01 4.920286574973711247e-01 1.080703681534708860e+00 1.588416476561338442e+00 1.683675970802326560e+00 1.689883059629874253e+02 2.069046549341000514e+02
5.736842105263157965e-01 3.507288882694135634e-01 5.358086516146715050e-01 1.084477458002752970e+00 1.589554423457848475e+00 1.683028826023187596e+00 1.743130327195933091e+02 2.140273699631555928e+02
6.210526315789474117e-01 3.772777842338029819e-01 5.794406157505517241e-01 1.088602032262518726e+00 1.590787337335602514e+00 1.682328959982515748e+00 1.803845668941532381e+02 2.221788934684197443e+02
6.684210526315789158e-01 4.032130193454414036e-01 6.229118761032017559e-01 1.093046253613998209e+00 1.592100980535221755e+00 1.681581131803694396e+00 1.872383365519729921e+02 2.314161175906459960e+02
7.157894736842105310e-01 4.284977728241056716e-01 6.662113963447653386e-01 1.097772488252876100e+00 1.593479909008437945e+00 1.680791030156946420e+00 1.949068961054174451e+02 2.417932161878682393e+02
7.631578947368421462e-01 4.531053223987779877e-01 7.093298136593243486e-01 1.102746050390585930e+00 1.594908301992903121e+00 1.679965001090825805e+00 2.034198929143221335e+02 2.533615808309771751e+02
8.105263157894736503e-01 4.770162475957289150e-01 7.522593817552837292e-01 1.107929383715812621e+00 1.596370717366423886e+00 1.679109821466497676e+00 2.128042867438319377e+02 2.661700317985169590e+02
8.578947368421052655e-01 5.002150093459515334e-01 7.949937908879208814e-01 1.113277708296871449e+00 1.597852171251908038e+00 1.678231990220523606e+00 2.230843013550805267e+02 2.802647179065893397e+02
9.052631578947368807e-01 5.226949096394818417e-01 8.375279411775784499e-01 1.118752588922851121e+00 1.599339019865540168e+00 1.677338025663734911e+00 2.342815954839810217e+02 2.956892573998454168e+02
9.526315789473683848e-01 5.444548615021306270e-01 8.798576706918722623e-01 1.124317100221739363e+00 1.600818880301843716e+00 1.676434050172376899e+00 2.464152730117170051e+02 3.124846754612724453e+02
1.000000000000000000e+00 5.654997681304907431e-01 9.219794929632657565e-01 1.129938650151510959e+00 1.602280951617644389e+00 1.675525716812946930e+00 2.595018971387116267e+02 3.306893089939732704e+02
