1.000000000000000056e-01 6.291001367837030511e-02 9.382956325506400241e-02 1.069137756261708816e+00 1.584933688560478782e+00 1.687464352820095659e+00 1.497581868324196819e+02 1.812917767481167459e+02
1.473684210526315930e-01 9.265342147193880717e-02 1.382629261890787054e-01 1.068812297942531186e+00 1.584264541076904731e+00 1.686561288722434604e+00 1.502145484372938711e+02 1.818959127033548953e+02
1.947368421052631526e-01 1.223192959328101292e-01 1.826786154595508582e-01 1.069156539856191301e+00 1.584086879170116813e+00 1.686024719336863598e+00 1.510324379009468316e+02 1.829690487677752628e+02
2.421052631578947401e-01 1.518671909358187411e-01 2.270666061194909213e-01 1.069958086396803454e+00 1.584167696289867866e+00 1.685604674867788422e+00 1.522299598088059724e+02 1.845409816859977923e+02
2.894736842105263275e-01 1.812493861487830815e-01 2.714146363870291179e-01 1.071162988020252671e+00 1.584434134895871926e+00 1.685213521025500150e+00 1.538469420784936688e+02 1.866685677689034151e+02
3.368421052631579427e-01 2.104120622189453171e-01 3.157082666571660035e-01 1.072763340545987765e+00 1.584858735729056889e+00 1.684811368705234180e+00 1.559304781783506542e+02 1.894184382994966711e+02
3.842105263157894468e-01 2.392965061388607761e-01 3.599310664989555097e-01 1.074765886086537447e+00 1.585429400051407089e+00 1.684377095960474691e+00 1.585307379433596964e+02 1.928620505570098658e+02
4.315789473684210620e-01 2.678367926620438544e-01 4.040649394223581048e-01 1.077165451415698749e+00 1.586139402513434993e+00 1.683898914474668551e+00 1.616991283454567565e+02 1.970735467126376648e+02
4.789473684210526772e-01 2.959674036445504308e-01 4.480905879318157203e-01 1.079966359389088915e+00 1.586982469684789177e+00 1.683369978845951742e+00 1.654869404448746195e+02 2.021281563042965388e+02
5.263157894736841813e-01 3.236211463784801068e-01 4.919880662096371982e-01 1.083160843713736776e+00 1.587951345053025820e+00 1.682787235815096150e+00 1.699443849581755899e+02 2.081010611805598103e+02
5.736842105263157965e-01 3.507314567347500356e-01 5.357373736864643465e-01 1.086730398580147083e+00 1.589036718331540365e+00 1.682150397450449253e+00 1.751196117737117106e+02 2.150662171800899500e+02
6.210526315789474117e-01 3.772389012193211322e-01 5.793190240450972750e-01 1.090658659128850072e+00 1.590226966258011299e+00 1.681461395796504554e+00 1.810578551246386212e+02 2.230953070846851460e+02
6.684210526315789158e-01 4.030889178752543600e-01 6.227145567307151852e-01 1.094918083983992041e+00 1.591508427953535643e+00 1.680723930704029367e+00 1.878009298039611963e+02 2.322570698469854449e+02
7.157894736842105310e-01 4.282328645752125351e-01 6.659068760921701413e-01 1.099471358070512217e+00 1.592865720051471090e+00 1.679942981086664178e+00 1.953865613412744437e+02 2.426164477308730909e+02
7.631578947368421462e-01 4.526321924713562761e-01 7.088804666376249397e-01 1.104281153678484451e+00 1.594282530742040294e+00 1.679124575717464207e+00 2.038480983305694281e+02 2.542341314945989268e+02
8.105263157894736503e-01 4.762570800258986159e-01 7.516214382080919076e-01 1.109306758135057525e+00 1.595742214265706949e+00 1.678275359742418704e+00 2.132142598797459812e+02 2.671661257980918549e+02
8.578947368421052655e-01 4.990844771382821343e-01 7.941174287000963838e-01 1.114502226309699084e+00 1.597228285745299292e+00 1.677402284628103146e+00 2.235089597522337783e+02 2.814633661017818440e+02
9.052631578947368807e-01 5.211024567848834277e-01 8.363573952616119023e-01 1.119827751675933625e+00 1.598725273167915129e+00 1.676512260235862195e+00 2.347511573076598665e+02 2.971713169233824487e+02
9.526315789473683848e-01 5.423032490691900298e-01 8.783313426853180950e-01 1.125238657356364858e+00 1.600219116813619724e+00 1.675611994767134405e+00 2.469547254199809743e+02 3.143295165499216068e+02
1.000000000000000000e+00 5.626883573755936396e-01 9.200299852242769250e-01 1.130697793952052610e+00 1.601697273502607821e+00 1.674707673363793559e+00 2.601283084305570128e+02 3.329710645081239591e+02
