1.000000000000000056e-01 6.293612309602028554e-02 9.383481223287749862e-02 1.066773157684578255e+00 1.585502828325084934e+00 1.688679093123053754e+00 1.484609130428158608e+02 1.796930671353886453e+02
1.473684210526315930e-01 9.263339403249624959e-02 1.382576469430705501e-01 1.066754353149927281e+00 1.584907219788416199e+00 1.687633592585073394e+00 1.494230858010800489e+02 1.809634086394595442e+02
1.947368421052631526e-01 1.221754584531682675e-01 1.826457422242654394e-01 1.067784571319562392e+00 1.584935364927066104e+00 1.686947911216950757e+00 1.510951450824818494e+02 1.831544877116678265e+02
2.421052631578947401e-01 1.514907079795410894e-01 2.269831046191092550e-01 1.069594578285145259e+00 1.585323347153885898e+00 1.686345482025428222e+00 1.535114454375168975e+02 1.863186531533198433e+02
2.894736842105263275e-01 1.805064776387243775e-01 2.712532619126390987e-01 1.072110921462735789e+00 1.585981996263444938e+00 1.685732560742326580e+00 1.567271962228712425e+02 1.905329366775968367e+02
3.368421052631579427e-01 2.091493636270697620e-01 3.154403113561497496e-01 1.075285484370773759e+00 1.586867423714254599e+00 1.685071277823952940e+00 1.607980110693704319e+02 1.958747550316404613e+02
3.842105263157894468e-01 2.373527723880978491e-01 3.595299096604905320e-01 1.079084351347302073e+00 1.587947843084957622e+00 1.684345775976358928e+00 1.657756319591764509e+02 2.024168403453161034e+02
4.315789473684210620e-01 2.650566829749834152e-01 4.035100053032619205e-01 1.083459814445005609e+00 1.589194592127820105e+00 1.683551898229252775e+00 1.717068280713322395e+02 2.102260400030554877e+02
4.789473684210526772e-01 2.922135461022936087e-01 4.473713313890571586e-01 1.088365695669546884e+00 1.590579097865228775e+00 1.682691942396167928e+00 1.786338250010254853e+02 2.193638556315805204e+02
5.263157894736841813e-01 3.187834608972679451e-01 4.911075958892895943e-01 1.093735767370724643e+00 1.592072516620220979e+00 1.681771870323588880e+00 1.865950920007369689e+02 2.298874161378081737e+02
5.736842105263157965e-01 3.447407006366629556e-01 5.347153699691642448e-01 1.099510674281900746e+00 1.593646555496327055e+00 1.680799880356293796e+00 1.956260779911010275e+02 2.418504217395305318e+02
6.210526315789474117e-01 3.700686963708776367e-01 5.781938112349042092e-01 1.105624928848802035e+00 1.595274510309377280e+00 1.679785339290099433e+00 2.057603508310839686e+02 2.553045174593678723e+02
6.684210526315789158e-01 3.947591747373148108e-01 6.215442260342199932e-01 1.112011881731514551e+00 1.596931843225341874e+00 1.678737818534242976e+00 2.170302653679658249e+02 2.703001344713673575e+02
7.157894736842105310e-01 4.188148037714110039e-01 6.647695760599851011e-01 1.118615857226017640e+00 1.598596733031698358e+00 1.677666510340852124e+00 2.294675677813983441e+02 2.868872513050126258e+02
7.631578947368421462e-01 4.422427090330844912e-01 7.078740256504648665e-01 1.125380503152368705e+00 1.600250575308652445e+00 1.676580041427903733e+00 2.431041231193012493e+02 3.051162663737750336e+02
8.105263157894736503e-01 4.650533991662887390e-01 7.508625075599009158e-01 1.132251949181094730e+00 1.601877829330239589e+00 1.675486180815096482e+00 2.579722579862499288e+02 3.250384332983092577e+02
8.578947368421052655e-01 4.872635660616843611e-01 7.937403275655838808e-01 1.139187841295577819e+00 1.603465832896896481e+00 1.674392171755127556e+00 2.741047894166071615e+02 3.467059405314425931e+02
9.052631578947368807e-01 5.088901481387755332e-01 8.365129142978248167e-01 1.146147131816656062e+00 1.605005662730326410e+00 1.673303535121499097e+00 2.915353668902932327e+02 3.701722938024328755e+02
9.526315789473683848e-01 5.299540067592500847e-01 8.791855744066208178e-01 1.153098664805388696e+00 1.606489679430067596e+00 1.672225320851310482e+00 3.102982735221184498e+02 3.954921063660156619e+02
1.000000000000000000e+00 5.504749839227456309e-01 9.217633319343973008e-01 1.160013106634366631e+00 1.607913430752971440e+00 1.671161533772965058e+00 3.304285869611412636e+02 4.227213177461950977e+02
