1.000000000000000056e-01 6.289267359007370828e-02 9.382536655280999949e-02 1.069128969374105953e+00 1.585220274242914007e+00 1.687730306748187470e+00 1.498626632830014387e+02 1.814444150061222558e+02
1.473684210526315930e-01 9.256864798903451097e-02 1.382435951346201730e-01 1.069240933171931474e+00 1.584659711634773149e+00 1.686699264437270696e+00 1.508889162511554787e+02 1.827945763737417622e+02
1.947368421052631526e-01 1.220890645145596559e-01 1.826276268819182202e-01 1.070338965260611008e+00 1.584701267901632793e+00 1.686013933301356627e+00 1.526203808066520082e+02 1.850594542299148486e+02
2.421052631578947401e-01 1.513867068114641834e-01 2.269633019489316339e-01 1.072192893101877154e+00 1.585093110307355335e+00 1.685408966925405316e+00 1.550940519756745744e+02 1.882915311183059259e+02
2.894736842105263275e-01 1.803952462001360557e-01 2.712371814366438816e-01 1.074725527963856564e+00 1.585746089505730261e+00 1.684794939950179371e+00 1.583547521357732535e+02 1.925515283398185318e+02
3.368421052631579427e-01 2.090538519813704976e-01 3.154375169558795711e-01 1.077894154268609350e+00 1.586613317124202061e+00 1.684136159616138606e+00 1.624425477443820682e+02 1.978936395118687130e+02
3.842105263157894468e-01 2.373090145181500077e-01 3.595549771536848405e-01 1.081654247329031815e+00 1.587660263733742694e+00 1.683418595259114081e+00 1.673911865246597586e+02 2.043638363290030782e+02
4.315789473684210620e-01 2.651166826360216722e-01 4.035830797527427127e-01 1.085955538823562438e+00 1.588856471230334799e+00 1.682639208345325432e+00 1.732287741014145865e+02 2.120007957315574174e+02
4.789473684210526772e-01 2.924435367040421618e-01 4.475182833022016138e-01 1.090742923293519073e+00 1.590172684027520322e+00 1.681800676954787077e+00 1.799787829343026715e+02 2.208372453615650954e+02
5.263157894736841813e-01 3.192667877474417715e-01 4.913598564839034011e-01 1.095957245994022999e+00 1.591580752514412556e+00 1.680908869138477257e+00 1.876614666360938486e+02 2.309017081882965954e+02
5.736842105263157965e-01 3.455741628744168348e-01 5.351095461912782625e-01 1.101539874340258462e+00 1.593054171958192544e+00 1.679971349343633902e+00 1.962950360869030817e+02 2.422199663553854805e+02
6.210526315789474117e-01 3.713598865130725013e-01 5.787711348054179750e-01 1.107426789001099143e+00 1.594568714777568008e+00 1.678996424086313777e+00 2.058966540159240992e+02 2.548162938645046722e+02
6.684210526315789158e-01 3.966277429127544329e-01 6.223499396702292241e-01 1.113563554240728504e+00 1.596102692302555859e+00 1.677992317411115986e+00 2.164831550716313018e+02 2.687143707553023546e+02
7.157894736842105310e-01 4.213867321690032419e-01 6.658523536679306076e-01 1.119897672319862592e+00 1.597637173525748189e+00 1.676966698176477921e+00 2.280717173039008117e+02 2.839381008556845245e+02
7.631578947368421462e-01 4.456500307480185663e-01 7.092854231692243827e-01 1.126380832138256016e+00 1.599157478190293080e+00 1.675927730882511568e+00 2.406801867228489584e+02 3.005120203269743797e+02
8.105263157894736503e-01 4.694336866331739744e-01 7.526564987944016627e-01 1.132969258995786710e+00 1.600649575894885990e+00 1.674880792567734034e+00 2.543273609738854475e+02 3.184616510004035490e+02
8.578947368421052655e-01 4.927565036227561368e-01 7.959729437443134881e-01 1.139625655171605967e+00 1.602103427113946932e+00 1.673831732565561614e+00 2.690330251185151837e+02 3.378135674498670937e+02
9.052631578947368807e-01 5.156405525968135173e-01 8.392419405750745076e-01 1.146321158196497381e+00 1.603511193673372803e+00 1.672785477772876117e+00 2.848180265024895448e+02 3.585954773762910577e+02
9.526315789473683848e-01 5.381053881290922547e-01 8.824703274034727540e-01 1.153025456201109078e+00 1.604867201292834222e+00 1.671746320980434852e+00 3.017043370395797410e+02 3.808363298512364850e+02
1.000000000000000000e+00 5.601711201627926906e-01 9.256645306446432686e-01 1.159713432099535702e+00 1.606167131618669641e+00 1.670717270239941099e+00 3.197149888132446449e+02 4.045662074423619856e+02
