1.000000000000000056e-01 6.293016310754476206e-02 9.383444136148234860e-02 1.066481686213049285e+00 1.583756028908781754e+00 1.686641300042384328e+00 1.488424417967617046e+02 1.801560382877254654e+02
1.473684210526315930e-01 9.268775388445261998e-02 1.382720127459960147e-01 1.066603572060509597e+00 1.583530411491957945e+00 1.686184570320405474e+00 1.493472167025589954e+02 1.808117307007304930e+02
1.947368421052631526e-01 1.223790965476986153e-01 1.826958145945342948e-01 1.067132748395050124e+00 1.583558602496402568e+00 1.685876350045823369e+00 1.501337544050063570e+02 1.818317164894134237e+02
2.421052631578947401e-01 1.519758005308631255e-01 2.270991126187011933e-01 1.067979236327932568e+00 1.583734890541415696e+00 1.685603025115726128e+00 1.512133469572626439e+02 1.832339770050342906e+02
2.894736842105263275e-01 1.814454799940994068e-01 2.714739668237856618e-01 1.069120929707278123e+00 1.584026368285266662e+00 1.685324531991082786e+00 1.526084395774905715e+02 1.850504204737928262e+02
3.368421052631579427e-01 2.107506001983665556e-01 3.158112558401157122e-01 1.070547239531422834e+00 1.584421014688912832e+00 1.685022877517104556e+00 1.543454075687153590e+02 1.873182099920103951e+02
3.842105263157894468e-01 2.398512378805696121e-01 3.601007681191699117e-01 1.072260082420103844e+00 1.584913400815116002e+00 1.684688208780946050e+00 1.564526038984143952e+02 1.900774184580357371e+02
4.315789473684210620e-01 2.687066478265731084e-01 4.043313121818644662e-01 1.074269034915242393e+00 1.585500650319923821e+00 1.684314917746839280e+00 1.589592992416052937e+02 1.933698173513760139e+02
4.789473684210526772e-01 2.972713267270402637e-01 4.484909339193016709e-01 1.076569201849324475e+00 1.586180523986188806e+00 1.683900000825697907e+00 1.618954272042183788e+02 1.972385411187798070e+02
5.263157894736841813e-01 3.255010241299514662e-01 4.925670962764951977e-01 1.079161809762166691e+00 1.586949747984081505e+00 1.683441849474145213e+00 1.652908192222978982e+02 2.017272487061921709e+02
5.736842105263157965e-01 3.533505627444762376e-01 5.365469659641777245e-01 1.082040779697990951e+00 1.587804170615141564e+00 1.682940288274600071e+00 1.691750275619164654e+02 2.068798762612628082e+02
6.210526315789474117e-01 3.807754246743621507e-01 5.804176725135942183e-01 1.085195329322837798e+00 1.588738385748089232e+00 1.682396149903031768e+00 1.735769699406840800e+02 2.127402279292956280e+02
6.684210526315789158e-01 4.077334776231459346e-01 6.241665321570447622e-01 1.088612340075762797e+00 1.589745886575292033e+00 1.681811352052755559e+00 1.785244305080734364e+02 2.193514077053635276e+02
7.157894736842105310e-01 4.341856512586663719e-01 6.677813252725591786e-01 1.092275395274168837e+00 1.590818875394439003e+00 1.681188337521950293e+00 1.840440649254942400e+02 2.267557709680023663e+02
7.631578947368421462e-01 4.600962955136000399e-01 7.112504524107959858e-01 1.096164444993189990e+00 1.591948713748325694e+00 1.680530284214174275e+00 1.901610088722621583e+02 2.349944727931647037e+02
8.105263157894736503e-01 4.854341077397020809e-01 7.545630665553811900e-01 1.100257202355269914e+00 1.593126120825457015e+00 1.679840883878682467e+00 1.968987120721601798e+02 2.441072476530334541e+02
8.578947368421052655e-01 5.101725491615050068e-01 7.977091474552469030e-01 1.104529769130903949e+00 1.594341434388044654e+00 1.679124179882996781e+00 2.042788070487584093e+02 2.541322225495601970e+02
9.052631578947368807e-01 5.342914371941163143e-01 8.406795166057979829e-01 1.108959812759742869e+00 1.595584885151929644e+00 1.678384428056248101e+00 2.123209771972015005e+02 2.651057202510798447e+02
9.526315789473683848e-01 5.577726996655316682e-01 8.834658140168150098e-01 1.113519173283960217e+00 1.596846895886327777e+00 1.677625970509929232e+00 2.210429756014361260e+02 2.770622253020995913e+02
1.000000000000000000e+00 5.806028069218476251e-01 9.260604083259688091e-01 1.118180115736584712e+00 1.598118432969293234e+00 1.676853248713491062e+00 2.304604215909621701e+02 2.900340816275759721e+02
