1.000000000000000056e-01 6.298588332301770232e-02 9.384529812026255746e-02 1.065474267984457768e+00 1.584910955842416591e+00 1.688448732420327225e+00 1.475702092677406654e+02 1.785501008555410181e+02
1.473684210526315930e-01 9.279896611675123030e-02 1.382915337396510014e-01 1.064713469984856831e+00 1.584190124785649134e+00 1.687688428046316247e+00 1.475694378857668880e+02 1.785742730434030534e+02
1.947368421052631526e-01 1.225647971771742784e-01 1.827228039748168276e-01 1.064529663966135686e+00 1.583907509110386247e+00 1.687282160972926714e+00 1.478122776617123009e+02 1.789230028524278282e+02
2.421052631578947401e-01 1.522364962636386376e-01 2.271247100700036214e-01 1.064726254555191209e+00 1.583857708481472892e+00 1.686991099936723026e+00 1.483501922824481198e+02 1.796744114174212825e+02
2.894736842105263275e-01 1.817490332004954856e-01 2.714778710866637690e-01 1.065287146067765311e+00 1.583989963063099360e+00 1.686726306916282558e+00 1.492703733137898041e+02 1.809505004902505618e+02
3.368421052631579427e-01 2.110234082406515776e-01 3.157589053224045261e-01 1.066251227699674509e+00 1.584298314696670040e+00 1.686444205392800377e+00 1.506706502315212219e+02 1.828862282118263352e+02
3.842105263157894468e-01 2.399692369346338172e-01 3.599420422443993517e-01 1.067664637865719524e+00 1.584787338643734333e+00 1.686117553250267243e+00 1.526493415266227771e+02 1.856167763732117066e+02
4.315789473684210620e-01 2.684931970315924121e-01 4.040012817616910334e-01 1.069575903415376450e+00 1.585463941831765089e+00 1.685730275442571147e+00 1.552995868733117391e+02 1.892702523312369749e+02
4.789473684210526772e-01 2.965022493636821910e-01 4.479127033125742674e-01 1.072008920830017420e+00 1.586328422108476799e+00 1.685271567700753037e+00 1.587052997096365914e+02 1.939625646909787235e+02
5.263157894736841813e-01 3.239153016954992581e-01 4.916566473333785492e-01 1.074980235488386615e+00 1.587376072611949018e+00 1.684737608272878884e+00 1.629391440105357276e+02 1.997947978905896207e+02
5.736842105263157965e-01 3.506633258534608832e-01 5.352193240631302196e-01 1.078477793417127684e+00 1.588593418029629056e+00 1.684128435782025424e+00 1.680619023839840906e+02 2.068524477386512785e+02
6.210526315789474117e-01 3.766971954841343839e-01 5.785937034120638423e-01 1.082478143547022542e+00 1.589961044105678400e+00 1.683447822843969766e+00 1.741233300968056597e+02 2.152065009326485665e+02
6.684210526315789158e-01 4.019868383330582051e-01 6.217796184514375879e-01 1.086943174985886884e+00 1.591455572613724279e+00 1.682702732810144042e+00 1.811640417026638374e+02 2.249158218468954260e+02
7.157894736842105310e-01 4.265213240983180554e-01 6.647832135359432737e-01 1.091826741109929166e+00 1.593050342706266331e+00 1.681901754638801316e+00 1.892178829810646903e+02 2.360301398467010472e+02
7.631578947368421462e-01 4.503041011058971921e-01 7.076159358006148814e-01 1.097072509503884685e+00 1.594718060259615156e+00 1.681053909350059383e+00 1.983143367265417112e+02 2.485930817499952070e+02
8.105263157894736503e-01 4.733533514002331022e-01 7.502933048269114780e-01 1.102627015638848018e+00 1.596433803138291196e+00 1.680169262736081359e+00 2.084807175676387772e+02 2.626449343942362589e+02
8.578947368421052655e-01 4.956973701134511079e-01 7.928337559009135393e-01 1.108437542618977423e+00 1.598174079807236359e+00 1.679256842245415049e+00 2.197442735037546981e+02 2.782251830896212255e+02
9.052631578947368807e-01 5.173715120764891262e-01 8.352574503371856807e-01 1.114454909669368998e+00 1.599918415154593543e+00 1.678325164052000051e+00 2.321333588038673952e+02 2.953740243720329772e+02
9.526315789473683848e-01 5.384152565785926825e-01 8.775853792917764906e-01 1.120633729258501354e+00 1.601649486869010763e+00 1.677381637847980889e+00 2.456785541636383527e+02 3.141336811840661198e+02
1.000000000000000000e+00 5.588702217561420937e-01 9.198386278656136561e-01 1.126933154197005349e+00 1.603352802254961906e+00 1.676432655694205520e+00 2.604133208091320171e+02 3.345491646126312730e+02
