1.000000000000000056e-01 6.286388602287230898e-02 9.381777349212611083e-02 1.074392724822098133e+00 1.587409342287923852e+00 1.689247448008527996e+00 1.515988312649140823e+02 1.835867264601176601e+02
1.473684210526315930e-01 9.254296437062432823e-02 1.382317203460765587e-01 1.073358050426168164e+00 1.585903501963438877e+00 1.687400200031782038e+00 1.522027299155502362e+02 1.844229150766147711e+02
1.947368421052631526e-01 1.220536751637490841e-01 1.826007390145896747e-01 1.073707334983979633e+00 1.585445142362825299e+00 1.686331552755800933e+00 1.535991988951486178e+02 1.863075710468628188e+02
2.421052631578947401e-01 1.512858666704975097e-01 2.268956965663754544e-01 1.075071249866542678e+00 1.585564132180127261e+00 1.685504945502493523e+00 1.559214001289755629e+02 1.894296280004141977e+02
2.894736842105263275e-01 1.801139325757171727e-01 2.710840205515852031e-01 1.077374546206922634e+00 1.586113977620613902e+00 1.684730039745104158e+00 1.593270208626240390e+02 1.940070741151159552e+02
3.368421052631579427e-01 2.084092598819822229e-01 3.151331036547084796e-01 1.080600411656721160e+00 1.587028723902008664e+00 1.683922950542639629e+00 1.639657650707609662e+02 2.002478150487631581e+02
3.842105263157894468e-01 2.360513257268817833e-01 3.590138007554466437e-01 1.084720876952845581e+00 1.588261112768624805e+00 1.683045584683068752e+00 1.699697806415660466e+02 2.083381357065842394e+02
4.315789473684210620e-01 2.629385260901495602e-01 4.027033336617386605e-01 1.089682230913511685e+00 1.589763811578594588e+00 1.682084206284209849e+00 1.774514669540505452e+02 2.184400320216549858e+02
4.789473684210526772e-01 2.889944312582238828e-01 4.461869836601760619e-01 1.095402405585668371e+00 1.591485093410370366e+00 1.681039574810182291e+00 1.865046292020334420e+02 2.306926909583341114e+02
5.263157894736841813e-01 3.141716958608376520e-01 4.894584498631286973e-01 1.101782697387108989e+00 1.593370591232392552e+00 1.679921171466183694e+00 1.972080266328697462e+02 2.452168659336299470e+02
5.736842105263157965e-01 3.384468174816995800e-01 5.325190626877748246e-01 1.108704516572797338e+00 1.595366765999958192e+00 1.678743174964602902e+00 2.096296941069356592e+02 2.621202069562201018e+02
6.210526315789474117e-01 3.618207908305048348e-01 5.753762541100375660e-01 1.116054077478276119e+00 1.597423958561724699e+00 1.677521515323755041e+00 2.238311640605450634e+02 2.815025095237688220e+02
6.684210526315789158e-01 3.843122157489983759e-01 6.180418043580092613e-01 1.123722698940527343e+00 1.599498711489499625e+00 1.676272021458717454e+00 2.398711298696672145e+02 3.034602223657360582e+02
7.157894736842105310e-01 4.059519074283424178e-01 6.605301599649691102e-01 1.131610878584614399e+00 1.601554695609052059e+00 1.675009323529353056e+00 2.578081277640060307e+02 3.280897663805656066e+02
7.631578947368421462e-01 4.267784943402624931e-01 7.028570220339377395e-01 1.139631208995189660e+00 1.603564964973680063e+00 1.673745873300377607e+00 2.777023168234796913e+02 3.554897526689322262e+02
8.105263157894736503e-01 4.468347802911435407e-01 7.450382893566123155e-01 1.147709158666364360e+00 1.605508731402204514e+00 1.672492079216625793e+00 2.996165130127257044e+02 3.857622647224531534e+02
8.578947368421052655e-01 4.661685641634301658e-01 7.870893223611165057e-01 1.155789422954377033e+00 1.607371027108421169e+00 1.671256379490737798e+00 3.236166798976966561e+02 4.190134825013483351e+02
9.052631578947368807e-01 4.848199886002937387e-01 8.290245013213697334e-01 1.163813617255911037e+00 1.609142116787794397e+00 1.670045284183985901e+00 3.497721630601704987e+02 4.553539655832263975e+02
9.526315789473683848e-01 5.028367778438720403e-01 8.708569642470896932e-01 1.171750845704359945e+00 1.610816857546439884e+00 1.668863764190234633e+00 3.781554404111190593e+02 4.948983681568178099e+02
1.000000000000000000e+00 5.202588000417117664e-01 9.125985231332605085e-01 1.179568113116505446e+00 1.612393068999411927e+00 1.667715104955720617e+00 4.088419885117340868e+02 5.377652603433805325e+02
