1.000000000000000056e-01 6.288873757968799216e-02 9.382356237048679326e-02 1.070919600925486881e+00 1.585887009033238870e+00 1.688188416714985429e+00 1.503851823669091630e+02 1.820843885767183110e+02
1.473684210526315930e-01 9.257954761428975610e-02 1.382418998657773679e-01 1.070499986574620310e+00 1.584971312152717138e+00 1.686910430138760519e+00 1.511112918955110729e+02 1.830633825074013430e+02
1.947368421052631526e-01 1.221174422498904899e-01 1.826227217113363110e-01 1.071172458196854915e+00 1.584803220804263280e+00 1.686127244029954397e+00 1.525462671895026574e+02 1.849713998591924735e+02
2.421052631578947401e-01 1.514204137845448772e-01 2.269467414515392578e-01 1.072681095957376707e+00 1.585062230573951458e+00 1.685480360037609149e+00 1.547711462514656944e+02 1.879204348857389846e+02
2.894736842105263275e-01 1.804021937759440752e-01 2.711947937806264419e-01 1.074957380783412741e+00 1.585642654282372499e+00 1.684845298937197144e+00 1.578735569283423672e+02 1.920280984964774120e+02
3.368421052631579427e-01 2.089808606339589037e-01 3.153498438327796416e-01 1.077971559145744829e+00 1.586492065088103587e+00 1.684169114807030576e+00 1.619300084852682460e+02 1.973967068264220472e+02
3.842105263157894468e-01 2.370853234881208638e-01 3.593985649429740081e-01 1.081693518576908986e+00 1.587572037336863362e+00 1.683429334965234947e+00 1.670030585202986799e+02 2.041102202988834904e+02
4.315789473684210620e-01 2.646578990053509162e-01 4.033323626069817425e-01 1.086074898933441668e+00 1.588846405245288196e+00 1.682618926503401724e+00 1.731426699324327387e+02 2.122360851967290216e+02
4.789473684210526772e-01 2.916575392774781172e-01 4.471477056051053611e-01 1.091055376021141887e+00 1.590278375564105673e+00 1.681739496814874002e+00 1.803884437580924498e+02 2.218281488703649984e+02
5.263157894736841813e-01 3.180584296022698765e-01 4.908458972321071978e-01 1.096560778515603296e+00 1.591831152461212540e+00 1.680797708072169216e+00 1.887725052067827107e+02 2.329302764373466914e+02
5.736842105263157965e-01 3.438504092812149637e-01 5.344324043054817786e-01 1.102514820927732009e+00 1.593469365960668904e+00 1.679802986361246919e+00 1.983220546958204977e+02 2.455795534172104624e+02
6.210526315789474117e-01 3.690371970243752076e-01 5.779159427314266573e-01 1.108843597498248901e+00 1.595160151194703335e+00 1.678765663013647824e+00 2.090616209475501535e+02 2.598091119895572092e+02
6.684210526315789158e-01 3.936325816631108254e-01 6.213075293458891757e-01 1.115475210672257411e+00 1.596874404606430931e+00 1.677696173497494669e+00 2.210148323090370468e+02 2.756503143947626313e+02
7.157894736842105310e-01 4.176575824278911941e-01 6.646195855462362356e-01 1.122341931109484214e+00 1.598587253954895537e+00 1.676604345753951231e+00 2.342056707685567858e+02 2.931343108121586738e+02
7.631578947368421462e-01 4.411381651490594580e-01 7.078651762643085599e-01 1.129382097459322498e+00 1.600278130902101914e+00 1.675499017477200869e+00 2.486592815837841215e+02 3.122930452818740719e+02
8.105263157894736503e-01 4.641044826850551641e-01 7.510574063664153810e-01 1.136543315223760731e+00 1.601930540205586784e+00 1.674387868081765429e+00 2.644023662891364665e+02 3.331597511751443790e+02
8.578947368421052655e-01 4.865906422584223012e-01 7.942089806387044870e-01 1.143784378963812465e+00 1.603532878540803841e+00 1.673277949244715179e+00 2.814633843375511901e+02 3.557692056759353250e+02
9.052631578947368807e-01 5.086271053248687668e-01 8.373319102024199267e-01 1.151062319190680805e+00 1.605074064458989369e+00 1.672174183620629639e+00 2.998727527290319586e+02 3.801579796801828479e+02
9.526315789473683848e-01 5.302462431471122173e-01 8.804373325997983946e-01 1.158344950986412769e+00 1.606548751294351929e+00 1.671081047354425975e+00 3.196625561915802223e+02 4.063640764624874464e+02
1.000000000000000000e+00 5.514795356746415855e-01 9.235353919668483069e-01 1.165605501791830534e+00 1.607952863522455811e+00 1.670002074711949280e+00 3.408664100416924043e+02 4.344268028339765806e+02
