1.000000000000000056e-01 6.292774977085585641e-02 9.383270722348655002e-02 1.068513662882678794e+00 1.584390052016689365e+00 1.687027057294169685e+00 1.494337450332676838e+02 1.808776795900568288e+02
1.473684210526315930e-01 9.271145623337981312e-02 1.382724527334898423e-01 1.067975376526387521e+00 1.583766976115382308e+00 1.686333094535524380e+00 1.495138217215038594e+02 1.810023812311716256e+02
1.947368421052631526e-01 1.224441681318353958e-01 1.826969394989051143e-01 1.067918344447330137e+00 1.583534805732196959e+00 1.685949231577093643e+00 1.498316597607062590e+02 1.814455597825522659e+02
2.421052631578947401e-01 1.520811164725049125e-01 2.270933274205732821e-01 1.068210066044858575e+00 1.583518336635489243e+00 1.685664500546922850e+00 1.504496160690214026e+02 1.822956121420466502e+02
2.894736842105263275e-01 1.815663183522045754e-01 2.714455948295472210e-01 1.068857822545716818e+00 1.583673107754392850e+00 1.685400551639555378e+00 1.514476994453487464e+02 1.836617258579815086e+02
3.368421052631579427e-01 2.108333025692075702e-01 3.157357488760741959e-01 1.069891588135468252e+00 1.583990005056365113e+00 1.685118388246099830e+00 1.529076603576040441e+02 1.856542229715277017e+02
3.842105263157894468e-01 2.398097204048358910e-01 3.599453269902718744e-01 1.071343197552840687e+00 1.584469582636073293e+00 1.684795919285628774e+00 1.549065701110287989e+02 1.883765517881611515e+02
4.315789473684210620e-01 2.684249319166057690e-01 4.040570717797197786e-01 1.073246118273904148e+00 1.585112223919880492e+00 1.684419521828362853e+00 1.575137051546467433e+02 1.919213149103323701e+02
4.789473684210526772e-01 2.966110790019811927e-01 4.480564556161703016e-01 1.075612592307004567e+00 1.585914861376717333e+00 1.683981638641128153e+00 1.607887495855555926e+02 1.963680913728955488e+02
5.263157894736841813e-01 3.243132520239190852e-01 4.919329324604417297e-01 1.078454596957663547e+00 1.586869906851417156e+00 1.683479466552521231e+00 1.647814659576906138e+02 2.017830502759880460e+02
5.736842105263157965e-01 3.514852214105592676e-01 5.356807300697791208e-01 1.081757207243651431e+00 1.587964653158652872e+00 1.682913657664308005e+00 1.695323454021889233e+02 2.082198128316342718e+02
6.210526315789474117e-01 3.780953826894146164e-01 5.792990812329439354e-01 1.085497185675411869e+00 1.589182400576886867e+00 1.682287478600048791e+00 1.750736727620946453e+02 2.157208947257482237e+02
6.684210526315789158e-01 4.041274494044962418e-01 6.227920513016514947e-01 1.089645476774901756e+00 1.590503881057020230e+00 1.681606245983959136e+00 1.814313417779794122e+02 2.243199808778310569e+02
7.157894736842105310e-01 4.295776278615349164e-01 6.661679677712399883e-01 1.094164607733220107e+00 1.591908129606614875e+00 1.680876462893613921e+00 1.886266021408413565e+02 2.340441508109925621e+02
7.631578947368421462e-01 4.544528392638572112e-01 7.094386344177721071e-01 1.099011850906324694e+00 1.593374063742087676e+00 1.680105254207411081e+00 1.966777187478842848e+02 2.449159666710798149e+02
8.105263157894736503e-01 4.787690423819527807e-01 7.526184554206113431e-01 1.104143050101893619e+00 1.594881711897901511e+00 1.679299899021945652e+00 2.056013897114029021e+02 2.569552443752556314e+02
8.578947368421052655e-01 5.025509578043667602e-01 7.957235758005054560e-01 1.109518234671863723e+00 1.596412757410967220e+00 1.678467414689170489e+00 2.154138940334230767e+02 2.701804738303991371e+02
9.052631578947368807e-01 5.258294500172865371e-01 8.387711225915606139e-01 1.115100877839145799e+00 1.597950756222915158e+00 1.677614307149415840e+00 2.261319845320479089e+02 2.846098974341611552e+02
9.526315789473683848e-01 5.486367049092204518e-01 8.817785426287836348e-01 1.120853023619058364e+00 1.599481405140116941e+00 1.676746466050361706e+00 2.377733496122682766e+02 3.002620701243332064e+02
1.000000000000000000e+00 5.710077593731739398e-01 9.247630808044866590e-01 1.126741751451335816e+00 1.600992692904439574e+00 1.675869113147588463e+00 2.503569644759208757e+02 3.171562709631654684e+02
