1.000000000000000056e-01 6.292135017387127938e-02 9.383187347670884915e-02 1.067542209238743656e+00 1.584394645164864279e+00 1.687171810750037304e+00 1.491578256010428447e+02 1.805518122470240598e+02
1.473684210526315930e-01 9.265956659271851192e-02 1.382638612020526403e-01 1.067514239478331906e+00 1.583972822988613194e+00 1.686475367449360885e+00 1.497385828568695842e+02 1.813166354602515753e+02
1.947368421052631526e-01 1.223054749747588960e-01 1.826751885613786819e-01 1.068106176277188402e+00 1.583950840757029521e+00 1.686026756749208877e+00 1.507321861708834945e+02 1.826176009360914065e+02
2.421052631578947401e-01 1.518149430701735414e-01 2.270555437629239448e-01 1.069171653631548535e+00 1.584159240740127927e+00 1.685641336969404547e+00 1.521650751275286950e+02 1.844935024727293467e+02
2.894736842105263275e-01 1.811387467746725932e-01 2.713934226314047016e-01 1.070671361747645101e+00 1.584543967990315938e+00 1.685254114628029320e+00 1.540759832840185197e+02 1.869980036103371788e+02
3.368421052631579427e-01 2.102259507848625308e-01 3.156765325582121529e-01 1.072600872189111598e+00 1.585083110954039087e+00 1.684836759851777277e+00 1.565054435862539606e+02 1.901871164680715083e+02
3.842105263157894468e-01 2.390229744405914236e-01 3.598922215568784444e-01 1.074951718810823076e+00 1.585763706406697393e+00 1.684374928118759662e+00 1.594930014048183864e+02 1.941159477686925356e+02
4.315789473684210620e-01 2.674780433915471822e-01 4.040279727056676484e-01 1.077719577772331183e+00 1.586575490303028246e+00 1.683861683192228842e+00 1.630765434102506219e+02 1.988378846557348822e+02
4.789473684210526772e-01 2.955402413321380206e-01 4.480718387967918548e-01 1.080889061956451513e+00 1.587508231608916853e+00 1.683294714907408895e+00 1.672916770083786560e+02 2.044039055220746945e+02
5.263157894736841813e-01 3.231630299694537856e-01 4.920128938486037495e-01 1.084441529025703010e+00 1.588550151233653285e+00 1.682674139048210504e+00 1.721719204210849625e+02 2.108627585988371607e+02
5.736842105263157965e-01 3.503046750624664862e-01 5.358415171315779046e-01 1.088352248743458262e+00 1.589688301325351549e+00 1.682002379981784257e+00 1.777484409900630169e+02 2.182607048404646264e+02
6.210526315789474117e-01 3.769301291846129387e-01 5.795496124241329428e-01 1.092593911608191748e+00 1.590908547263847783e+00 1.681283268661700969e+00 1.840502387732776128e+02 2.266417302610060460e+02
6.684210526315789158e-01 4.030117690714319911e-01 6.231307212606441714e-01 1.097137545148603399e+00 1.592196178177132770e+00 1.680521750463327635e+00 1.911044746194640140e+02 2.360479287048628407e+02
7.157894736842105310e-01 4.285242534320124475e-01 6.665800017773101382e-01 1.101940815669009366e+00 1.593536233025843796e+00 1.679723345589302363e+00 1.989366237205238406e+02 2.465197025870524214e+02
7.631578947368421462e-01 4.534539938216539112e-01 7.098941125400838326e-01 1.106973597530571229e+00 1.594913975234526715e+00 1.678893854145418807e+00 2.075706386532055205e+02 2.580959754841574636e+02
8.105263157894736503e-01 4.777895200125257813e-01 7.530710756482731361e-01 1.112196495530108686e+00 1.596315498833667412e+00 1.678039241215948385e+00 2.170294176746421044e+02 2.708147323382605123e+02
8.578947368421052655e-01 5.015258617146141074e-01 7.961100488814906173e-01 1.117573876917001829e+00 1.597727921483656388e+00 1.677165318801786986e+00 2.273348957903608039e+02 2.847131497829262230e+02
9.052631578947368807e-01 5.246638521695261570e-01 8.390111025820177204e-01 1.123073848739472913e+00 1.599139637671913139e+00 1.676277613723645477e+00 2.385082572982389593e+02 2.998278501853414468e+02
9.526315789473683848e-01 5.472056334702295466e-01 8.817750096398212500e-01 1.128661801685018951e+00 1.600539342778838803e+00 1.675381642845199082e+00 2.505701746210657461e+02 3.161951770375297883e+02
1.000000000000000000e+00 5.691581265431598924e-01 9.244030103537674847e-01 1.134308874599321948e+00 1.601919789446488052e+00 1.674481782395724982e+00 2.635407163127749186e+02 3.338510970459718123e+02
