1.000000000000000056e-01 6.296104056030991936e-02 9.384032852696179428e-02 1.066583850051409543e+00 1.584406112784237930e+00 1.687541487676934127e+00 1.483624172353618746e+02 1.795373831864593228e+02
1.473684210526315930e-01 9.277820066479601502e-02 1.382887261535926671e-01 1.065961883404774380e+00 1.583787104617838226e+00 1.686911669652090939e+00 1.483063970219589294e+02 1.794777032536247532e+02
1.947368421052631526e-01 1.225777075632884655e-01 1.827306758621043414e-01 1.065705349050409367e+00 1.583500620905054390e+00 1.686587613645584849e+00 1.483532790311485883e+02 1.795559247275695043e+02
2.421052631578947401e-01 1.523344610285225220e-01 2.271575527941315231e-01 1.065652444907138952e+00 1.583373728904724942e+00 1.686375719050555722e+00 1.485273240866500544e+02 1.798124913978480777e+02
2.894736842105263275e-01 1.820084436292110364e-01 2.715558214861564790e-01 1.065782740035197351e+00 1.583362041799297071e+00 1.686204669854103555e+00 1.488844367358552176e+02 1.803283778466218337e+02
3.368421052631579427e-01 2.115453292587226586e-01 3.159068930529752017e-01 1.066131287811423745e+00 1.583460231308128963e+00 1.686038526098280199e+00 1.494968903915070371e+02 1.812059031326869842e+02
3.842105263157894468e-01 2.408738482095741096e-01 3.601877150122027582e-01 1.066740373182814006e+00 1.583677199188603391e+00 1.685852677667779353e+00 1.504463196123016644e+02 1.825594662820670067e+02
4.315789473684210620e-01 2.699101806836833872e-01 4.043721674727441262e-01 1.067658772541195455e+00 1.584027056333770389e+00 1.685630779715484140e+00 1.518183548025997425e+02 1.845082267564562528e+02
4.789473684210526772e-01 2.985630651356525056e-01 4.484330857291523031e-01 1.068934501026096662e+00 1.584523969156625300e+00 1.685359614398471928e+00 1.536975732863759276e+02 1.871693358359109993e+02
5.263157894736841813e-01 3.267416389372889141e-01 4.923447235441443803e-01 1.070611121029904966e+00 1.585177629181683479e+00 1.685029857794074770e+00 1.561632488279201425e+02 1.906522375771496343e+02
5.736842105263157965e-01 3.543608834452950385e-01 5.360852132749927001e-01 1.072717776262597011e+00 1.585991984093032103e+00 1.684636110031819900e+00 1.592861165535229304e+02 1.950544334700339277e+02
6.210526315789474117e-01 3.813472356042927336e-01 5.796386521592226115e-01 1.075265281022989017e+00 1.586965155075712230e+00 1.684175459677184961e+00 1.631265153637710910e+02 2.004590924320659155e+02
6.684210526315789158e-01 4.076470695069616124e-01 6.229965095007065079e-01 1.078258329180250330e+00 1.588087103086031071e+00 1.683649120260832355e+00 1.677341313217792447e+02 2.069347394773075450e+02
7.157894736842105310e-01 4.332240430432854894e-01 6.661582013222219212e-01 1.081681018659440330e+00 1.589343863962384695e+00 1.683060964130102866e+00 1.731490901085012695e+02 2.145366789693576948e+02
7.631578947368421462e-01 4.580624810380695688e-01 7.091307733339844432e-01 1.085508449670320008e+00 1.590716527232723498e+00 1.682416303399341340e+00 1.794035667302383672e+02 2.233091687007735118e+02
8.105263157894736503e-01 4.821642359512138265e-01 7.519280822443534795e-01 1.089706504072453619e+00 1.592183965923286815e+00 1.681721858052565022e+00 1.865243423681729098e+02 2.332886325287726095e+02
8.578947368421052655e-01 5.055480103870382269e-01 7.945695290336117766e-01 1.094240015648855202e+00 1.593724971963628834e+00 1.680985474634733912e+00 1.945351224890670778e+02 2.445066153063265801e+02
9.052631578947368807e-01 5.282408399928025799e-01 8.370786372913684437e-01 1.099064233404987379e+00 1.595318521833874570e+00 1.680214860626347617e+00 2.034585087201804185e+02 2.569922653811202622e+02
9.526315789473683848e-01 5.502841919949573724e-01 8.794817513760769812e-01 1.104145831613541739e+00 1.596944924505516727e+00 1.679417346957259527e+00 2.133180123161394306e+02 2.707747501049735206e+02
1.000000000000000000e+00 5.717195084318704712e-01 9.218067440948357616e-01 1.109442234167549168e+00 1.598586715633172783e+00 1.678599825005663959e+00 2.241389146543448021e+02 2.858843066427919553e+02
