1.000000000000000056e-01 6.283519530367974448e-02 9.382713651722686399e-02 1.069077460612834374e+00 1.585955267811741676e+00 1.688109465634079598e+00 1.509064923734242711e+02 1.827292590484441064e+02
1.473684210526315930e-01 9.241324741952890165e-02 1.382459156202320849e-01 1.070537527133418543e+00 1.585713964708433732e+00 1.686840893421028387e+00 1.533359370001252557e+02 1.858012814296974398e+02
1.947368421052631526e-01 1.218141592138392987e-01 1.826375342405716362e-01 1.072948075584335470e+00 1.586025752841797143e+00 1.685914059292970446e+00 1.564302112589891465e+02 1.897206656617787814e+02
2.421052631578947401e-01 1.509944871402877364e-01 2.269931602032875806e-01 1.075980292453451614e+00 1.586620395306928666e+00 1.685081469668009424e+00 1.601529581868340983e+02 1.944494051326785780e+02
2.894736842105263275e-01 1.799111252648120385e-01 2.713033740440761177e-01 1.079512433882929834e+00 1.587401615721826698e+00 1.684263569785560133e+00 1.645102089247903052e+02 2.000015676527508788e+02
3.368421052631579427e-01 2.085202358846906523e-01 3.155583445464528181e-01 1.083474163295142123e+00 1.588322914736577829e+00 1.683429414028692950e+00 1.695234536072054823e+02 2.064107711593098315e+02
3.842105263157894468e-01 2.367788019112893605e-01 3.597480351697214251e-01 1.087816470739633168e+00 1.589355602332982675e+00 1.682566146453703837e+00 1.752215840403372056e+02 2.137204412285764192e+02
4.315789473684210620e-01 2.646480171656207525e-01 4.038623656960398933e-01 1.092508747616584897e+00 1.590478780694585481e+00 1.681669618659357601e+00 1.816372601545372163e+02 2.219795055663760195e+02
4.789473684210526772e-01 2.920873912642832360e-01 4.478914531237881413e-01 1.097505376951680489e+00 1.591674815661863196e+00 1.680739575404474717e+00 1.888058122392834548e+02 2.312409939796387732e+02
5.263157894736841813e-01 3.190613031972289737e-01 4.918257214796730725e-01 1.102770593013725264e+00 1.592928072522761695e+00 1.679778370479823923e+00 1.967637395673046967e+02 2.415603331251101338e+02
5.736842105263157965e-01 3.455395043935663990e-01 5.356560131482572817e-01 1.108273925080817346e+00 1.594224085377118127e+00 1.678789756141493505e+00 2.055480606792978904e+02 2.529945907797087443e+02
6.210526315789474117e-01 3.714910145052686130e-01 5.793737137186362185e-01 1.113971495385715382e+00 1.595549498502105923e+00 1.677778531138011120e+00 2.151963495891677667e+02 2.656024835018620820e+02
6.684210526315789158e-01 3.968931093604958216e-01 6.229707106733888278e-01 1.119832225157483485e+00 1.596891722584041773e+00 1.676749536288430376e+00 2.257455427382989228e+02 2.794430492450396173e+02
7.157894736842105310e-01 4.217254109046969512e-01 6.664394329376455151e-01 1.125820938903291601e+00 1.598239455847920265e+00 1.675707981124341828e+00 2.372322189607003224e+02 2.945759450461887923e+02
7.631578947368421462e-01 4.459697834370605629e-01 7.097728135615718470e-01 1.131900257866051751e+00 1.599582573438973920e+00 1.674658981720524187e+00 2.496923131932899480e+02 3.110611107905448307e+02
8.105263157894736503e-01 4.696147244845539914e-01 7.529641653505554366e-01 1.138041112197250015e+00 1.600912031477072839e+00 1.673607496537618200e+00 2.631603746938470181e+02 3.289579337710363234e+02
8.578947368421052655e-01 4.926490312865730581e-01 7.960071672536978005e-01 1.144209985735788582e+00 1.602220083418427032e+00 1.672558271243856698e+00 2.776699034343176322e+02 3.483255655118423988e+02
9.052631578947368807e-01 5.150682583581011054e-01 8.388957041823120742e-01 1.150382523090129228e+00 1.603499988849256042e+00 1.671515423455140370e+00 2.932523875295888729e+02 3.692217873527877146e+02
9.526315789473683848e-01 5.368685857222537106e-01 8.816238034730056183e-01 1.156532548159312945e+00 1.604746275360747987e+00 1.670482860288609483e+00 3.099375774507774395e+02 3.917032624283632458e+02
1.000000000000000000e+00 5.580491156093275729e-01 9.241855264679337267e-01 1.162637221123023146e+00 1.605954325252041848e+00 1.669464063524749964e+00 3.277529188260295427e+02 4.158247737256848495e+02
