1.000000000000000056e-01 6.298980001521685412e-02 9.384635220036617598e-02 1.064891683711508552e+00 1.584516910274096801e+00 1.688106507275120238e+00 1.474087028478257935e+02 1.783487363004646795e+02
1.473684210526315930e-01 9.281261539272755989e-02 1.382950709637341402e-01 1.064231236132235026e+00 1.583917332767511787e+00 1.687491062170542788e+00 1.473701843096031894e+02 1.783194453063161404e+02
1.947368421052631526e-01 1.225996500348525975e-01 1.827315862468367746e-01 1.064027878092822732e+00 1.583672405180025056e+00 1.687167617944998366e+00 1.475150861788993950e+02 1.785369314923797219e+02
2.421052631578947401e-01 1.523081363002870836e-01 2.271417827930375111e-01 1.064123571887431341e+00 1.583615866379702641e+00 1.686938539482799593e+00 1.478942936079697859e+02 1.790797738191998292e+02
2.894736842105263275e-01 1.818742276210996434e-01 2.715050681670634347e-01 1.064518120837322446e+00 1.583714679583166696e+00 1.686729883717529965e+00 1.485987426072423432e+02 1.800771290198069607e+02
3.368421052631579427e-01 2.112146674005193348e-01 3.157949655427355617e-01 1.065266062065010733e+00 1.583971894089912791e+00 1.686501511425701150e+00 1.497361152685054435e+02 1.816795639954862054e+02
3.842105263157894468e-01 2.402293529012747009e-01 3.599807987370167162e-01 1.066428266916706669e+00 1.584402301026739179e+00 1.686227533200371553e+00 1.514200344652781496e+02 1.840449857288396629e+02
4.315789473684210620e-01 2.688096977551863165e-01 4.040303161755873784e-01 1.068068713621456833e+00 1.585021335823342259e+00 1.685889953217289072e+00 1.537619053820002932e+02 1.873279342708638353e+02
4.789473684210526772e-01 2.968454752286199261e-01 4.479129030557733593e-01 1.070231769111788411e+00 1.585838643071384002e+00 1.685477001306091349e+00 1.568646767853815049e+02 1.916713882288772197e+02
5.263157894736841813e-01 3.242366043881960147e-01 4.916027881049763182e-01 1.072946221941630141e+00 1.586854974089553227e+00 1.684982359133546881e+00 1.608183697410488548e+02 1.972009707416395656e+02
5.736842105263157965e-01 3.509003075145348816e-01 5.350816708689806189e-01 1.076217942271278316e+00 1.588060746768895193e+00 1.684405239426328693e+00 1.656981774607348825e+02 2.040224796085926755e+02
6.210526315789474117e-01 3.767767244645751079e-01 5.783402947485778434e-01 1.080031048871138877e+00 1.589438395547336125e+00 1.683748808643974249e+00 1.715647578355865903e+02 2.122222789939812628e+02
6.684210526315789158e-01 4.018291246593228561e-01 6.213788028812914366e-01 1.084347105369451114e+00 1.590962829317900340e+00 1.683020417848163808e+00 1.784661871506102386e+02 2.218698430120173555e+02
7.157894736842105310e-01 4.260469341601691440e-01 6.642060920082131226e-01 1.089120596979429534e+00 1.592605727598792820e+00 1.682229354687027278e+00 1.864413091591112845e+02 2.330219932814774211e+02
7.631578947368421462e-01 4.494398356348622281e-01 7.068384048332210234e-01 1.094296388702920453e+00 1.594337315783435960e+00 1.681386291197966010e+00 1.955231799062230778e+02 2.457272885463623311e+02
8.105263157894736503e-01 4.720340322644216990e-01 7.492975861662413140e-01 1.099816044175770724e+00 1.596128324850347058e+00 1.680501540790048542e+00 2.057422818907431008e+02 2.600300778867096483e+02
8.578947368421052655e-01 4.938675590611684152e-01 7.916093263173561434e-01 1.105621497878668036e+00 1.597952150421934947e+00 1.679585965681550386e+00 2.171292775053011610e+02 2.759739177160495842e+02
9.052631578947368807e-01 5.149876202748706611e-01 8.338015826457176871e-01 1.111660263967351181e+00 1.599785023976704634e+00 1.678648807164016432e+00 2.297171108778663893e+02 2.936041305774555781e+02
9.526315789473683848e-01 5.354475105457040529e-01 8.759032979894217918e-01 1.117887471761434215e+00 1.601607896518612018e+00 1.677698583576236135e+00 2.435425778415919353e+02 3.129696405983492014e+02
1.000000000000000000e+00 5.552999158426739079e-01 9.179433532797438566e-01 1.124258504987713403e+00 1.603404880817852041e+00 1.676742388643610582e+00 2.586469811946620325e+02 3.341236833935251411e+02
