1.000000000000000056e-01 6.293938280541036545e-02 9.383554475864165634e-02 1.067900201546293282e+00 1.584346195944718261e+00 1.687135700228546309e+00 1.490969931732994382e+02 1.804538571225709234e+02
1.473684210526315930e-01 9.274235885976077343e-02 1.382805653489280751e-01 1.067303728703465460e+00 1.583719929099726142e+00 1.686482337476850502e+00 1.490761199839752749e+02 1.804411245621116677e+02
1.947368421052631526e-01 1.225205883754432457e-01 1.827175521396973146e-01 1.067093742735658601e+00 1.583441641714294468e+00 1.686139438418268188e+00 1.491864906747218811e+02 1.806036326681557114e+02
2.421052631578947401e-01 1.522471860855600101e-01 2.271379980635999940e-01 1.067117693555912572e+00 1.583335214699050031e+00 1.685908128528831318e+00 1.494572526617951951e+02 1.809864744976256645e+02
2.894736842105263275e-01 1.818840696836913351e-01 2.715297444153677575e-01 1.067360679048454442e+00 1.583353304529010908e+00 1.685715713468057153e+00 1.499418652299802091e+02 1.816651828325716735e+02
3.368421052631579427e-01 2.113803383828477545e-01 3.158771019916672418e-01 1.067841434455576666e+00 1.583486341232766881e+00 1.685526106080021735e+00 1.507039103734451260e+02 1.827282094700431401e+02
3.842105263157894468e-01 2.406749018278842023e-01 3.601613430805707394e-01 1.068596795686833634e+00 1.583738186557511307e+00 1.685317384668707286e+00 1.518113705680147802e+02 1.842696840537261380e+02
4.315789473684210620e-01 2.696978204886947839e-01 4.043616198379453852e-01 1.069664586213544766e+00 1.584116513126446968e+00 1.685073998223252767e+00 1.533331396559849225e+02 1.863848377899479658e+02
4.789473684210526772e-01 2.983719596911766359e-01 4.484561763120302746e-01 1.071072280952157785e+00 1.584629075367000484e+00 1.684784938838682855e+00 1.553360369233466542e+02 1.891661519982038442e+02
5.263157894736841813e-01 3.266245940107018186e-01 4.924238166004027417e-01 1.072860154086444417e+00 1.585281630933408126e+00 1.684443160997971978e+00 1.578826455435066407e+02 1.927004934267365570e+02
5.736842105263157965e-01 3.543814161899095927e-01 5.362453333574638270e-01 1.075039867239378166e+00 1.586074797380653267e+00 1.684043650388404645e+00 1.610294316643966965e+02 1.970667482253342655e+02
6.210526315789474117e-01 3.815785938442853298e-01 5.799048508682485004e-01 1.077621194830163054e+00 1.587005269673577912e+00 1.683584885196621972e+00 1.648258925989046588e+02 2.023346712191834911e+02
6.684210526315789158e-01 4.081616698897518325e-01 6.233908027181277456e-01 1.080598004564006454e+00 1.588064895676594146e+00 1.683067590862329377e+00 1.693142630495037508e+02 2.085645211317161341e+02
7.157894736842105310e-01 4.340904267313511755e-01 6.666964927368052019e-01 1.083956893651608411e+00 1.589241291149602553e+00 1.682494395882478733e+00 1.745299216391952939e+02 2.158075768905108305e+02
7.631578947368421462e-01 4.593363871390751529e-01 7.098202013891096174e-01 1.087671297682703209e+00 1.590519303213725033e+00 1.681869825253157424e+00 1.805023044895471003e+02 2.241073076768324768e+02
8.105263157894736503e-01 4.838864301966218084e-01 7.527649302127954467e-01 1.091712885543177913e+00 1.591881983710264681e+00 1.681199625220121119e+00 1.872561235082890505e+02 2.335009003658206552e+02
8.578947368421052655e-01 5.077392716627380231e-01 7.955378578062141104e-01 1.096047711211237674e+00 1.593311387023896408e+00 1.680490021720303151e+00 1.948128386010613440e+02 2.440211059465703158e+02
9.052631578947368807e-01 5.309040773891610110e-01 8.381495949589981009e-01 1.100639597938063208e+00 1.594789793180314552e+00 1.679747545784262774e+00 2.031918393332852588e+02 2.556977486637567551e+02
9.526315789473683848e-01 5.533984132149215585e-01 8.806134110285750438e-01 1.105452118316195609e+00 1.596300197335932980e+00 1.678978739388937269e+00 2.124116550568327568e+02 2.685592320731194036e+02
1.000000000000000000e+00 5.752463995192490520e-01 9.229444720692555615e-01 1.110450216276473778e+00 1.597827221083026661e+00 1.678189843850183438e+00 2.224909296489737187e+02 2.826337541618627824e+02
