1.000000000000000056e-01 6.289946006569857584e-02 9.383463939862110581e-02 1.066408240336232272e+00 1.584803574809710902e+00 1.687631929200110958e+00 1.491990156659956597e+02 1.806034201015360168e+02
1.473684210526315930e-01 9.256899752884271970e-02 1.382642365969249387e-01 1.067313838124327230e+00 1.584657546607309841e+00 1.686820786411306061e+00 1.507394095492470569e+02 1.825578608783181949e+02
1.947368421052631526e-01 1.221154492504812339e-01 1.826743783612330418e-01 1.068911800966350745e+00 1.584889472615032879e+00 1.686220159004375718e+00 1.527561703224708651e+02 1.851177643583053793e+02
2.421052631578947401e-01 1.515068568962451290e-01 2.270589116910254890e-01 1.070973731719195410e+00 1.585322195270491452e+00 1.685669707395278660e+00 1.552138267273140002e+02 1.882431634877903548e+02
2.894736842105263275e-01 1.807113216665632016e-01 2.714113258093791559e-01 1.073415424733108914e+00 1.585893320484006663e+00 1.685117929350016031e+00 1.581083101662221964e+02 1.919324994052269915e+02
3.368421052631579427e-01 2.096980632086362095e-01 3.157248208117796051e-01 1.076199131051009283e+00 1.586573464158404390e+00 1.684544799329546594e+00 1.614468393030900870e+02 1.961983054600353853e+02
3.842105263157894468e-01 2.384351976317364563e-01 3.599924166902513933e-01 1.079292657394888000e+00 1.587344842877356887e+00 1.683941667606519310e+00 1.652421320914646117e+02 2.010601650332785368e+02
4.315789473684210620e-01 2.668919199631912265e-01 4.042070749258225293e-01 1.082672688955865103e+00 1.588194927549777979e+00 1.683305457003365646e+00 1.695100143487651678e+02 2.065417963127491703e+02
4.789473684210526772e-01 2.950381956894941871e-01 4.483617800104162110e-01 1.086316905436783609e+00 1.589113129330362417e+00 1.682635619830875395e+00 1.742680589168698191e+02 2.126694531169952427e+02
5.263157894736841813e-01 3.228457770333260091e-01 4.924496574048221054e-01 1.090204974357980028e+00 1.590089928864153013e+00 1.681933209786167005e+00 1.795350173010735944e+02 2.194712121094876807e+02
5.736842105263157965e-01 3.502888398457376096e-01 5.364640637170573489e-01 1.094318085459191403e+00 1.591116350567093107e+00 1.681200265484288803e+00 1.853303750387117077e+02 2.269764422791490972e+02
6.210526315789474117e-01 3.773409940571716414e-01 5.803986660902688000e-01 1.098629520368164414e+00 1.592183899974503491e+00 1.680439591461664106e+00 1.916741363399115698e+02 2.352155459857792437e+02
6.684210526315789158e-01 4.039810454181176902e-01 6.242474678186027415e-01 1.103120776670703407e+00 1.593284119145110589e+00 1.679654178270089560e+00 1.985864379024249899e+02 2.442195319602528230e+02
7.157894736842105310e-01 4.301892642811993572e-01 6.680048597093182217e-01 1.107770124508735687e+00 1.594408960124684693e+00 1.678847350151194684e+00 2.060875113553678375e+02 2.540199535655858938e+02
7.631578947368421462e-01 4.559478327875095549e-01 7.116656338229813139e-01 1.112554552146072462e+00 1.595550767592595509e+00 1.678022559574450012e+00 2.141975752267908319e+02 2.646487855321799998e+02
8.105263157894736503e-01 4.812410116343440181e-01 7.552249752293556107e-01 1.117450706473554822e+00 1.596702319456702046e+00 1.677183268077049316e+00 2.229367005955690217e+02 2.761382707855262311e+02
8.578947368421052655e-01 5.060587422703395344e-01 7.986784108834770191e-01 1.122442250834168487e+00 1.597856975108160382e+00 1.676332997741622366e+00 2.323244939729619034e+02 2.885205675988354415e+02
9.052631578947368807e-01 5.303899799799000059e-01 8.420218212442468486e-01 1.127506485490588517e+00 1.599008561758486824e+00 1.675475019836570878e+00 2.423804666819424938e+02 3.018281597145832507e+02
9.526315789473683848e-01 5.542263234756944490e-01 8.852513733264159024e-01 1.132622801599227458e+00 1.600151256526007426e+00 1.674612571414186846e+00 2.531236936615981676e+02 3.160934651094728451e+02
1.000000000000000000e+00 5.775622680406579112e-01 9.283634677293172155e-01 1.137773208416830606e+00 1.601280210045579189e+00 1.673748614311682870e+00 2.645726841940410168e+02 3.313486782197722960e+02
