1.000000000000000056e-01 6.294616621618397134e-02 9.383715281989152279e-02 1.067318894825870501e+00 1.584144953644596621e+00 1.687032919017254384e+00 1.488581315937862826e+02 1.801555943094254815e+02
1.473684210526315930e-01 9.275811742959924611e-02 1.382846019411810568e-01 1.066764348753970637e+00 1.583584014789997774e+00 1.686463057379470998e+00 1.488046472219703276e+02 1.800969438081291401e+02
1.947368421052631526e-01 1.225557941678811213e-01 1.827267231258434266e-01 1.066522867067977165e+00 1.583319808191629097e+00 1.686170421610218018e+00 1.488336905475657090e+02 1.801493554048394969e+02
2.421052631578947401e-01 1.523171688803370283e-01 2.271555296487569042e-01 1.066453521939362048e+00 1.583196706912992191e+00 1.685980734090501088e+00 1.489669736099298234e+02 1.803498010611843370e+02
2.894736842105263275e-01 1.820057680119168408e-01 2.715575541512514346e-01 1.066546283233605674e+00 1.583175453999347893e+00 1.685829276818964662e+00 1.492573320380920165e+02 1.807761785191189574e+02
3.368421052631579427e-01 2.115652169305998476e-01 3.159129993421978533e-01 1.066824088116735236e+00 1.583253483369462478e+00 1.685682522121179083e+00 1.497768972218406134e+02 1.815325822249354246e+02
3.842105263157894468e-01 2.409207535376350906e-01 3.601956494012278354e-01 1.067337031588623253e+00 1.583442539238615110e+00 1.685517258346565406e+00 1.506115531463032369e+02 1.827418973455720277e+02
4.315789473684210620e-01 2.699769738044215939e-01 4.043737325129628246e-01 1.068132934943886614e+00 1.583761084878106296e+00 1.685315694602736114e+00 1.518559576084953449e+02 1.845389446541839220e+02
4.789473684210526772e-01 2.986288008390823867e-01 4.484118179146554528e-01 1.069278016990568680e+00 1.584228366577469238e+00 1.685063993448062902e+00 1.536080239592986629e+02 1.870629190444703909e+02
5.263157894736841813e-01 3.267610533512512738e-01 4.922735727762916347e-01 1.070817680835399743e+00 1.584858823458645372e+00 1.684750294063272591e+00 1.559632954126163895e+02 1.904497919487611455e+02
5.736842105263157965e-01 3.542639300038529226e-01 5.359250357733400527e-01 1.072795357663731686e+00 1.585662465858465042e+00 1.684367582685891707e+00 1.590097962118056500e+02 1.948254145284879826e+02
6.210526315789474117e-01 3.810374534219475584e-01 5.793378215043135659e-01 1.075232660369951576e+00 1.586640569927577848e+00 1.683911976620242168e+00 1.628243074280439942e+02 2.003005711132588544e+02
6.684210526315789158e-01 4.070001616119459653e-01 6.224916438312698697e-01 1.078132161564949509e+00 1.587786439318494836e+00 1.683383151018204904e+00 1.674703724865531456e+02 2.069683991619347978e+02
7.157894736842105310e-01 4.320941564698450588e-01 6.653758399519554834e-01 1.081479935333631737e+00 1.589084331829408336e+00 1.682785178803619441e+00 1.729983923356851960e+02 2.149044951803822983e+02
7.631578947368421462e-01 4.562883998996801749e-01 7.079896963182332748e-01 1.085250618317112670e+00 1.590514478221771943e+00 1.682124225471466339e+00 1.794474350091341535e+02 2.241692837296597531e+02
8.105263157894736503e-01 4.795745447628372293e-01 7.503417359751275439e-01 1.089404966069613012e+00 1.592052888349686057e+00 1.681408224061112788e+00 1.868478560255735772e+02 2.348114628201041398e+02
8.578947368421052655e-01 5.019649605944214166e-01 7.924483348705432251e-01 1.093897597218216777e+00 1.593674449015636263e+00 1.680646246751817507e+00 1.952244740469233193e+02 2.468721216464618919e+02
9.052631578947368807e-01 5.234884365070835432e-01 8.343320096020423460e-01 1.098680615825359252e+00 1.595355005871645915e+00 1.679847853990485973e+00 2.045995880506796141e+02 2.603886337397205466e+02
9.526315789473683848e-01 5.441865213811089008e-01 8.760196860472222458e-01 1.103708353447685919e+00 1.597071476164061643e+00 1.679021982794207002e+00 2.149956182477893378e+02 2.753980273698700785e+02
1.000000000000000000e+00 5.641107472993764915e-01 9.175411704889513409e-01 1.108941299959811166e+00 1.598803868436456721e+00 1.678176867818844675e+00 2.264373522645212802e+02 2.919397831238255776e+02
