1.000000000000000056e-01 6.291983542594345447e-02 9.383100674774147443e-02 1.069535341340598578e+00 1.586441479857809478e+00 1.689219591345654026e+00 1.494264299366529656e+02 1.808818047555945441e+02
1.473684210526315930e-01 9.263635418686087808e-02 1.382569781995857117e-01 1.068919679321632454e+00 1.585375736378026978e+00 1.687817804510227448e+00 1.500668396814293999e+02 1.817409763553198445e+02
1.947368421052631526e-01 1.222249431301706685e-01 1.826525126458390658e-01 1.069395531162856683e+00 1.585095795299332089e+00 1.686990715892479731e+00 1.513119041807007079e+02 1.833876793086079431e+02
2.421052631578947401e-01 1.516170833334138379e-01 2.270003217261074291e-01 1.070633707179534877e+00 1.585234174894455617e+00 1.686342417334963484e+00 1.532042284891225563e+02 1.858878056489819528e+02
2.894736842105263275e-01 1.807333741233962954e-01 2.712804066368326716e-01 1.072542001390979438e+00 1.585673852159435793e+00 1.685735030540791213e+00 1.558174940398899935e+02 1.893454229122026220e+02
3.368421052631579427e-01 2.094893127396710852e-01 3.154709559080107195e-01 1.075095912153522182e+00 1.586365583729457462e+00 1.685107742758090055e+00 1.592312367394480077e+02 1.938726469059291446e+02
3.842105263157894468e-01 2.377978774856511768e-01 3.595494722274681920e-01 1.078277788960825267e+00 1.587280893769791534e+00 1.684431006706242684e+00 1.635239344530752703e+02 1.995814015494637204e+02
4.315789473684210620e-01 2.655751915493165249e-01 4.034939678618392755e-01 1.082067015550522537e+00 1.588396294022004440e+00 1.683691316753352263e+00 1.687699535341523358e+02 2.065798042119126592e+02
4.789473684210526772e-01 2.927430521407499153e-01 4.472841409251547273e-01 1.086426590794687730e+00 1.589687387955751596e+00 1.682884084297310068e+00 1.750384502911704772e+02 2.149707910867952592e+02
5.263157894736841813e-01 3.192336137579140365e-01 4.909022552553896634e-01 1.091309034627737873e+00 1.591127632300826100e+00 1.682011041184593658e+00 1.823924777530509402e+02 2.248510759506866634e+02
5.736842105263157965e-01 3.449931991110503082e-01 5.343337169608164405e-01 1.096661553304470571e+00 1.592688465761928907e+00 1.681078014083980277e+00 1.908890091768515163e+02 2.363111471381447473e+02
6.210526315789474117e-01 3.699798554434312603e-01 5.775672972711904940e-01 1.102417639730632892e+00 1.594340647599991723e+00 1.680093554128118560e+00 2.005794671242078664e+02 2.494358542067487292e+02
6.684210526315789158e-01 3.941655443003248549e-01 6.205949630644679305e-01 1.108508242424883550e+00 1.596055109646514980e+00 1.679067408588239108e+00 2.115100123932593590e+02 2.643047592712292726e+02
7.157894736842105310e-01 4.175347585310217879e-01 6.634115102617361703e-01 1.114863939071920829e+00 1.597804656187975736e+00 1.678010056225015090e+00 2.237224329597894723e+02 2.809931419615287496e+02
7.631578947368421462e-01 4.400833213794779764e-01 7.060140159363720302e-01 1.121418353701553849e+00 1.599564701371720243e+00 1.676931791145191308e+00 2.372546725779278916e+02 2.995725863561890492e+02
8.105263157894736503e-01 4.618149907417501421e-01 7.484012390750545141e-01 1.128106915386180908e+00 1.601313910146358266e+00 1.675842278804358543e+00 2.521413101209725482e+02 3.201114829764762248e+02
8.578947368421052655e-01 4.827403076407654203e-01 7.905730371072955398e-01 1.134870527828786946e+00 1.603034598729812465e+00 1.674750433477190548e+00 2.684138520465559168e+02 3.426752792550195181e+02
9.052631578947368807e-01 5.028776306047854083e-01 8.325298522658135525e-01 1.141661202905495776e+00 1.604711989068725364e+00 1.673663889121650650e+00 2.861008092981765571e+02 3.673264260879563494e+02
9.526315789473683848e-01 5.222471248537722266e-01 8.742722918626958384e-01 1.148433689570474092e+00 1.606335331756969964e+00 1.672589398229467506e+00 3.052277384701338292e+02 3.941242411475795393e+02
1.000000000000000000e+00 5.408719970428551571e-01 9.158007745160112734e-01 1.155150339035821538e+00 1.607896278555906111e+00 1.671532073670448204e+00 3.258170005406694827e+02 4.231244096059918434e+02
