1.000000000000000056e-01 6.292262591261230109e-02 9.383137278134033588e-02 1.068419497617113967e+00 1.584386930097115842e+00 1.687020490138283257e+00 1.494464745987866365e+02 1.809011085054215755e+02
1.473684210526315930e-01 9.268490071507416717e-02 1.382658659791968503e-01 1.068040764079172700e+00 1.583826375835107880e+00 1.686317364153497200e+00 1.497008942801540741e+02 1.812557838939654005e+02
1.947368421052631526e-01 1.223672427504002291e-01 1.826782292954824694e-01 1.068237792861284063e+00 1.583682370854374577e+00 1.685900807203074114e+00 1.503128645777171073e+02 1.820865349178527595e+02
2.421052631578947401e-01 1.519100414754590567e-01 2.270519840721686444e-01 1.068895702847481033e+00 1.583787237340329890e+00 1.685561853737789217e+00 1.513640663202275505e+02 1.835078272774350125e+02
2.894736842105263275e-01 1.812404096704971213e-01 2.713666759950510432e-01 1.070029064632935345e+00 1.584099627485650030e+00 1.685222131720271577e+00 1.529514987286102325e+02 1.856530207198600522e+02
3.368421052631579427e-01 2.102727758165252869e-01 3.155988969946468825e-01 1.071667476945921571e+00 1.584610765328829718e+00 1.684843047932031990e+00 1.551734930853031642e+02 1.886574328999660395e+02
3.842105263157894468e-01 2.389156407589677900e-01 3.597236966347985843e-01 1.073844255112141877e+00 1.585319134565030597e+00 1.684403001035590819e+00 1.581242502183459635e+02 1.926516953762538549e+02
4.315789473684210620e-01 2.670767882642288149e-01 4.037163077381275000e-01 1.076580902246493832e+00 1.586221327783214896e+00 1.683889749019590987e+00 1.618909163119400318e+02 1.977580885978917991e+02
4.789473684210526772e-01 2.946669035676261483e-01 4.475538701306281397e-01 1.079874382796438770e+00 1.587308979672481524e+00 1.683298172109189306e+00 1.665516493353891860e+02 2.040881636699558612e+02
5.263157894736841813e-01 3.216110102798253045e-01 4.912169684870485997e-01 1.083719480658974499e+00 1.588567140922532372e+00 1.682628279414195571e+00 1.721749254423840512e+02 2.117418247046722684e+02
5.736842105263157965e-01 3.478445803258892743e-01 5.346907002137248899e-01 1.088080241794265435e+00 1.589975254959794748e+00 1.681884207583183910e+00 1.788196342451103078e+02 2.208074339985904544e+02
6.210526315789474117e-01 3.733208345183537946e-01 5.779651919943528116e-01 1.092912198322809836e+00 1.591508298509254349e+00 1.681073090082801036e+00 1.865359566525077639e+02 2.313628763150278758e+02
6.684210526315789158e-01 3.980077051030536106e-01 6.210355847820551167e-01 1.098155688824154597e+00 1.593138905573615149e+00 1.680204078842637339e+00 1.953668561507803645e+02 2.434773667650842981e+02
7.157894736842105310e-01 4.218916565936116081e-01 6.639015586448115958e-01 1.103753168614440616e+00 1.594838937504014842e+00 1.679287549832422011e+00 2.053497122267407065e+02 2.572134647813240917e+02
7.631578947368421462e-01 4.449705474850136899e-01 7.065665887526733080e-01 1.109639358302916046e+00 1.596581659077500825e+00 1.678334097422584215e+00 2.165179962991304308e+02 2.726291280056958612e+02
8.105263157894736503e-01 4.672541772050696207e-01 7.490370510702637485e-01 1.115752356466266804e+00 1.598342768958648685e+00 1.677354014785410463e+00 2.289026289192068475e+02 2.897794040021602768e+02
8.578947368421052655e-01 4.887617104405052038e-01 7.913213853094785977e-01 1.122035361588489932e+00 1.600100965818818555e+00 1.676356821559795929e+00 2.425333407378898301e+02 3.087180750766426627e+02
9.052631578947368807e-01 5.095180080485539609e-01 8.334292933459898078e-01 1.128435520026007444e+00 1.601838219249552386e+00 1.675351069493556722e+00 2.574394474635605548e+02 3.294986373117343419e+02
9.526315789473683848e-01 5.295521303158190474e-01 8.753710998892226813e-01 1.134906016936826578e+00 1.603539955735684641e+00 1.674344226967248828e+00 2.736504713734202596e+02 3.521750579996755164e+02
1.000000000000000000e+00 5.488955154780900125e-01 9.171572557782838864e-01 1.141406042529479192e+00 1.605194700294572563e+00 1.673342593196552874e+00 2.911965359376151241e+02 3.768022543227998540e+02
