1.000000000000000056e-01 6.292891508643859433e-02 9.383328503376782426e-02 1.069478059202379594e+00 1.585113937234357229e+00 1.687706438588157720e+00 1.496224334753727021e+02 1.811028673089647043e+02
1.473684210526315930e-01 9.272843894937124465e-02 1.382775145090606450e-01 1.068582428642830040e+00 1.584196557578110953e+00 1.686769455458232203e+00 1.495455950414985580e+02 1.810209185103382197e+02
1.947368421052631526e-01 1.225031377193554760e-01 1.827123796136373990e-01 1.068205645035369411e+00 1.583766983622127311e+00 1.686286556352153632e+00 1.496092923130990187e+02 1.811288133679623513e+02
2.421052631578947401e-01 1.522151084940961407e-01 2.271244216896170232e-01 1.068118103291007648e+00 1.583571907260719058e+00 1.685971798390713650e+00 1.498547727509899516e+02 1.814943847234885084e+02
2.894736842105263275e-01 1.818019008932215408e-01 2.714916488108340964e-01 1.068294870703488941e+00 1.583547135923642823e+00 1.685718810381735544e+00 1.503716012685081580e+02 1.822487224332120093e+02
3.368421052631579427e-01 2.111754567275160310e-01 3.157829134263325233e-01 1.068788461068889362e+00 1.583686885566716551e+00 1.685473116321309472e+00 1.512769948730850160e+02 1.835601665552541135e+02
3.842105263157894468e-01 2.402196184593818062e-01 3.599588607578692034e-01 1.069664991401950704e+00 1.584006070522452347e+00 1.685198143957552963e+00 1.527047024901505097e+02 1.856194865834730763e+02
4.315789473684210620e-01 2.687984196782207680e-01 4.039747067403657854e-01 1.070998144473372049e+00 1.584525939339065603e+00 1.684868493008899071e+00 1.547946867748919431e+02 1.886258500734828658e+02
4.789473684210526772e-01 2.967676399934019993e-01 4.477845412722104568e-01 1.072855112968204017e+00 1.585264551357519203e+00 1.684465772004521522e+00 1.576826088027152366e+02 1.927727364196001929e+02
5.263157894736841813e-01 3.239888039281694776e-01 4.913465018436501408e-01 1.075283095787557652e+00 1.586229601854984628e+00 1.683978413699265264e+00 1.614908713522933112e+02 1.982359599260676077e+02
5.736842105263157965e-01 3.503430077466198056e-01 5.346276330861208237e-01 1.078302239156450515e+00 1.587416355041918914e+00 1.683402272276992351e+00 1.663226211815065199e+02 2.051657384626232670e+02
6.210526315789474117e-01 3.757406176538412579e-01 5.776073593881663193e-01 1.081901688913567083e+00 1.588807935542492666e+00 1.682738717608095236e+00 1.722595163761564550e+02 2.136837816927175879e+02
6.684210526315789158e-01 4.001288613714589215e-01 6.202789814787235123e-01 1.086050572186049612e+00 1.590376810697426091e+00 1.681994952075339667e+00 1.793633934279345112e+02 2.238854592159780452e+02
7.157894736842105310e-01 4.234892959973920457e-01 6.626492174621703146e-01 1.090696788226911629e+00 1.592089536837150376e+00 1.681181769546310045e+00 1.876806060967135181e+02 2.358454358319294499e+02
7.631578947368421462e-01 4.458324151056362594e-01 7.047362379548459677e-01 1.095773092420476491e+00 1.593909775356853187e+00 1.680311710153097104e+00 1.972472477400539503e+02 2.496245219010365872e+02
8.105263157894736503e-01 4.671935491508960592e-01 7.465670677827942470e-01 1.101210510744371485e+00 1.595802048563469633e+00 1.679397673301091354e+00 2.080947901248418361e+02 2.652769163758953823e+02
8.578947368421052655e-01 4.876251826268173106e-01 7.881748595587450001e-01 1.106942620290367385e+00 1.597733640241607356e+00 1.678452373025300259e+00 2.202547594132918221e+02 2.828562060464731189e+02
9.052631578947368807e-01 5.071901002377784407e-01 8.295964738044137032e-01 1.112907604885569057e+00 1.599677072994220239e+00 1.677487128855611465e+00 2.337623241413544122e+02 3.024198973999274358e+02
9.526315789473683848e-01 5.259561186037552405e-01 8.708705343210506600e-01 1.119049971389915132e+00 1.601609690549379739e+00 1.676511698031094344e+00 2.486588499300426065e+02 3.240325490973034448e+02
1.000000000000000000e+00 5.439922237118253179e-01 9.120359804579947216e-01 1.125321989716743687e+00 1.603513167824214491e+00 1.675534114408039565e+00 2.649935832018812789e+02 3.477677047909213002e+02
