1.000000000000000056e-01 6.278395453628900225e-02 9.380551301724419921e-02 1.071960603203249818e+00 1.586544883041485221e+00 1.688231716089466428e+00 1.519652589092255539e+02 1.841232562324337607e+02
1.473684210526315930e-01 9.223386334445098089e-02 1.381831744644796689e-01 1.073627812139415383e+00 1.586215551057989392e+00 1.686602493164479188e+00 1.550692728353282064e+02 1.881407626463829388e+02
1.947368421052631526e-01 1.213421543158361426e-01 1.824942265787153628e-01 1.077019945152718927e+00 1.586786791512806438e+00 1.685367115338924471e+00 1.597051384644145173e+02 1.941364708485926940e+02
2.421052631578947401e-01 1.500043318200700582e-01 2.267192335865879926e-01 1.081720590116337366e+00 1.587876464039271296e+00 1.684190073918544250e+00 1.659008014304160952e+02 2.021568897900016850e+02
2.894736842105263275e-01 1.781318379114558426e-01 2.708431370977610331e-01 1.087502889627036229e+00 1.589319173996105894e+00 1.682973108950645447e+00 1.737021292002250448e+02 2.122698917421048179e+02
3.368421052631579427e-01 2.056578847220280615e-01 3.148560439073986861e-01 1.094190462033934885e+00 1.591008582806160199e+00 1.681688886566997443e+00 1.831557099873212167e+02 2.245442133973389218e+02
3.842105263157894468e-01 2.325362822222212245e-01 3.587531688514428718e-01 1.101615036315930718e+00 1.592862329761848272e+00 1.680337708738205871e+00 1.943068061783858411e+02 2.390471330289864795e+02
4.315789473684210620e-01 2.587404047814181318e-01 4.025342215394099865e-01 1.109617881842852594e+00 1.594812226535435862e+00 1.678930732448593810e+00 2.072006791796312939e+02 2.558460539707248813e+02
4.789473684210526772e-01 2.842603299840068543e-01 4.462023823596495409e-01 1.118053398309969193e+00 1.596802172778905904e+00 1.677483285655238854e+00 2.218837221121644916e+02 2.750099943270321319e+02
5.263157894736841813e-01 3.091017095047249308e-01 4.897632244936399037e-01 1.126799197330971669e+00 1.598787446403688861e+00 1.676011280705165030e+00 2.384044920898521127e+02 2.966108788756905597e+02
5.736842105263157965e-01 3.332776689923851454e-01 5.332237657226090999e-01 1.135741443133588602e+00 1.600733792579985160e+00 1.674529415230513241e+00 2.568147462519222586e+02 3.207247827166093543e+02
6.210526315789474117e-01 3.568082236821176201e-01 5.765916354660427512e-01 1.144784788384967111e+00 1.602615443525505778e+00 1.673050405411406594e+00 2.771694590343434470e+02 3.474320503999547896e+02
6.684210526315789158e-01 3.797192535113900203e-01 6.198744790745877031e-01 1.153854504891030031e+00 1.604414450561117755e+00 1.671584866134197433e+00 2.995266778821066396e+02 3.768171592494198876e+02
7.157894736842105310e-01 4.020360718535320732e-01 6.630796016348612376e-01 1.162883500014411098e+00 1.606119020478297132e+00 1.670141345086480822e+00 3.239478998662212916e+02 4.089691530908847312e+02
7.631578947368421462e-01 4.237868112721262515e-01 7.062136649662607013e-01 1.171822774243633347e+00 1.607722532344058708e+00 1.668726640563465757e+00 3.504970280779609197e+02 4.439804906633237351e+02
8.105263157894736503e-01 4.449996900652843923e-01 7.492825613083233804e-01 1.180634269400488989e+00 1.609222422777794925e+00 1.667345563252894181e+00 3.792401693297030079e+02 4.819468377369306609e+02
8.578947368421052655e-01 4.656996450722633019e-01 7.922914371520198840e-01 1.189284564215214557e+00 1.610619001313529752e+00 1.666001711342255165e+00 4.102458993238215044e+02 5.229673222568454776e+02
9.052631578947368807e-01 4.859154076044325810e-01 8.352445626992238692e-01 1.197756989990796050e+00 1.611914221708697470e+00 1.664697578236341124e+00 4.435832275586362243e+02 5.671422833692594168e+02
9.526315789473683848e-01 5.056684686813447405e-01 8.781455588853442906e-01 1.206030689330229944e+00 1.613111644709908754e+00 1.663434679920883452e+00 4.793236413331884478e+02 6.145755436779572847e+02
1.000000000000000000e+00 5.249822336584224480e-01 9.209973025955731085e-01 1.214095969435498912e+00 1.614215987927621665e+00 1.662213787663652687e+00 5.175387219387283722e+02 6.653717419643703579e+02
