1.000000000000000056e-01 6.290133958600124808e-02 9.383267318923481370e-02 1.066618404151732369e+00 1.585173056042150641e+00 1.688074754302101743e+00 1.490747217408476786e+02 1.804609004779898385e+02
1.473684210526315930e-01 9.255152041455337597e-02 1.382554702311017125e-01 1.067436659798479459e+00 1.584933042309441653e+00 1.687124656363558239e+00 1.507065416022920488e+02 1.825493326529526996e+02
1.947368421052631526e-01 1.220476127346157291e-01 1.826518733334558109e-01 1.069168149092833753e+00 1.585182575290896123e+00 1.686431906382798607e+00 1.529887558318488345e+02 1.854660450013335549e+02
2.421052631578947401e-01 1.513479177658346719e-01 2.270140459938528588e-01 1.071535501207019347e+00 1.585696495149890639e+00 1.685794978318102766e+00 1.558788721254673248e+02 1.891624557660994128e+02
2.894736842105263275e-01 1.804114671968761741e-01 2.713344089615603028e-01 1.074419427884720779e+00 1.586392741060049127e+00 1.685150756093002133e+00 1.593691360930075973e+02 1.936324111936474139e+02
3.368421052631579427e-01 2.092000612053570574e-01 3.156058276713467614e-01 1.077752176066364420e+00 1.587229219921226564e+00 1.684475577310221794e+00 1.634636908608749764e+02 1.988844747152742229e+02
3.842105263157894468e-01 2.376812663635234912e-01 3.598217495815452804e-01 1.081495208414311016e+00 1.588178756340767439e+00 1.683761198879681009e+00 1.681718089033742558e+02 2.049337383163964148e+02
4.315789473684210620e-01 2.658217392033848103e-01 4.039763507502194262e-01 1.085594339165889544e+00 1.589220001996315634e+00 1.683005566431922784e+00 1.735057262955279498e+02 2.117991266982611478e+02
4.789473684210526772e-01 2.935962718000593163e-01 4.480645798833791105e-01 1.090017789932083092e+00 1.590334933976065734e+00 1.682210265894551693e+00 1.794791148856349707e+02 2.195015893436398358e+02
5.263157894736841813e-01 3.209799367221667366e-01 4.920822276813211493e-01 1.094720893989672872e+00 1.591507628697509169e+00 1.681378783472595284e+00 1.861069530799216807e+02 2.280638779215532281e+02
5.736842105263157965e-01 3.479550122617733332e-01 5.360258682724643453e-01 1.099671539096378714e+00 1.592723328147125805e+00 1.680515325746066768e+00 1.934047220957629349e+02 2.375096384605481887e+02
6.210526315789474117e-01 3.745059295731655302e-01 5.798928532720871720e-01 1.104833012455820107e+00 1.593968707398877305e+00 1.679624639611294601e+00 2.013886209097228459e+02 2.478636172497213295e+02
6.684210526315789158e-01 4.006211553429411820e-01 6.236812222246840287e-01 1.110171506950969889e+00 1.595231472749609969e+00 1.678711663153537481e+00 2.100753264126320516e+02 2.591513992048303976e+02
7.157894736842105310e-01 4.262912289998510573e-01 6.673896348245724752e-01 1.115652286156773698e+00 1.596501073602890397e+00 1.677781316544102452e+00 2.194820551316046533e+02 2.713994637555321106e+02
7.631578947368421462e-01 4.515112966067928446e-01 7.110172441563045176e-01 1.121246708957364335e+00 1.597767981152311556e+00 1.676838195261245223e+00 2.296263173325222908e+02 2.846349267584340623e+02
8.105263157894736503e-01 4.762793974247740425e-01 7.545636172550346243e-01 1.126928553090179586e+00 1.599024003235520519e+00 1.675886609889476464e+00 2.405259752879325958e+02 2.988855936572389851e+02
8.578947368421052655e-01 5.005949200686247158e-01 7.980286417480106920e-01 1.132671884839218102e+00 1.600262209697646654e+00 1.674930598590189668e+00 2.521992976604146293e+02 3.141800325874627333e+02
9.052631578947368807e-01 5.244593454193422488e-01 8.414124370016601295e-01 1.138453520096740501e+00 1.601476622071431377e+00 1.673973805743692589e+00 2.646648610841500613e+02 3.305474618054560096e+02
9.526315789473683848e-01 5.478744601382697921e-01 8.847152911068041359e-01 1.144250445286052464e+00 1.602662426715974808e+00 1.673019450302129618e+00 2.779416525518106482e+02 3.480178667742630978e+02
1.000000000000000000e+00 5.708463040742717265e-01 9.279375208716444945e-01 1.150047167005434856e+00 1.603815973044353083e+00 1.672070623779148946e+00 2.920484858417748342e+02 3.666213656803365666e+02
