1.000000000000000056e-01 6.288771497049625014e-02 9.382342281857806998e-02 1.071467800714787533e+00 1.585834342357795412e+00 1.688021754714264189e+00 1.506188677208979811e+02 1.823673217276370622e+02
1.473684210526315930e-01 9.259753637682326122e-02 1.382455301879333409e-01 1.070864951155251266e+00 1.584849424363922621e+00 1.686757150700108454e+00 1.511418012541420239e+02 1.830832196138347854e+02
1.947368421052631526e-01 1.221740341036918337e-01 1.826326767253625138e-01 1.071266634424071995e+00 1.584594979274313253e+00 1.686007464104648523e+00 1.522774275355783402e+02 1.846087156751635803e+02
2.421052631578947401e-01 1.515314409729185408e-01 2.269620678821910320e-01 1.072437744423716977e+00 1.584756839300494935e+00 1.685407270216562114e+00 1.541291379629664959e+02 1.870898265324449312e+02
2.894736842105263275e-01 1.805685310379172015e-01 2.712072092612578533e-01 1.074338383633679728e+00 1.585241955477033393e+00 1.684825228896140281e+00 1.568197645820942796e+02 1.906962635362407354e+02
3.368421052631579427e-01 2.091767741852846862e-01 3.153398923598487724e-01 1.076972065014640600e+00 1.586012672404155666e+00 1.684201643049973551e+00 1.604698247039220576e+02 1.955952717152300693e+02
3.842105263157894468e-01 2.372502294642707676e-01 3.593324784894130208e-01 1.080347802452962913e+00 1.587044225096688743e+00 1.683507693739152877e+00 1.651903018096587630e+02 2.019429608093321349e+02
4.315789473684210620e-01 2.646881918743592688e-01 4.031601759848292277e-01 1.084439525494863332e+00 1.588310819829649390e+00 1.682731304471642098e+00 1.710800131848558863e+02 2.098810696267782134e+02
4.789473684210526772e-01 2.914058782008520088e-01 4.468028331131600472e-01 1.089204714995177792e+00 1.589781388327377254e+00 1.681870941430950062e+00 1.782246806933897290e+02 2.195358688017219890e+02
5.263157894736841813e-01 3.173385500242916768e-01 4.902460581063138312e-01 1.094583586868501657e+00 1.591419903472847563e+00 1.680932182325022506e+00 1.866979119821058362e+02 2.310193086307193369e+02
5.736842105263157965e-01 3.424395739316596909e-01 5.334814978860887846e-01 1.100492695437891522e+00 1.593187309153084819e+00 1.679925167456084445e+00 1.965629859535164883e+02 2.444312097372319386e+02
6.210526315789474117e-01 3.666850752868959784e-01 5.765063980824357559e-01 1.106848791554787104e+00 1.595044028295236060e+00 1.678862669046216727e+00 2.078750839820620513e+02 2.598620167065780038e+02
6.684210526315789158e-01 3.900675777795822863e-01 6.193227521184667683e-01 1.113561649934540654e+00 1.596952652976001197e+00 1.677758185110977074e+00 2.206838973634648653e+02 2.773959293540826820e+02
7.157894736842105310e-01 4.125947638403066331e-01 6.619361313420311088e-01 1.120545372106550142e+00 1.598879986498680239e+00 1.676625116173209529e+00 2.350355381521662821e+02 2.971133016350691491e+02
7.631578947368421462e-01 4.342854602276493003e-01 7.043545583475963046e-01 1.127720199846965698e+00 1.600797586149208973e+00 1.675475858423102649e+00 2.509742597476253536e+02 3.190927283038051883e+02
8.105263157894736503e-01 4.551669246648895606e-01 7.465874847545932447e-01 1.135015748311874795e+00 1.602682078138625066e+00 1.674321385951230035e+00 2.685436361624388155e+02 3.434124902896735421e+02
8.578947368421052655e-01 4.752725475099470742e-01 7.886449707632894324e-01 1.142372607020103237e+00 1.604515801245003814e+00 1.673171217400250432e+00 2.877873486973395529e+02 3.701515022102885837e+02
9.052631578947368807e-01 4.946346953403358282e-01 8.305370538231717781e-01 1.149733057692053029e+00 1.606284575986334451e+00 1.672033112627348439e+00 3.087495341210764082e+02 3.993897355732917731e+02
9.526315789473683848e-01 5.132904718053837856e-01 8.722733265401311220e-01 1.157055391059342853e+00 1.607978882266529519e+00 1.670913295473817284e+00 3.314748807827487553e+02 4.312082964910238729e+02
1.000000000000000000e+00 5.312753147878046533e-01 9.138626449237069460e-01 1.164302881532344625e+00 1.609593076478179619e+00 1.669816638924972674e+00 3.560086074107190939e+02 4.656893933895694317e+02
