1.000000000000000056e-01 6.287904728357833484e-02 9.383030615877879788e-02 1.067482194487352487e+00 1.584633744229355656e+00 1.687149649081457259e+00 1.498550311759307760e+02 1.814225493504197004e+02
1.473684210526315930e-01 9.254232898610421920e-02 1.382584092472893822e-01 1.068453260135089788e+00 1.584505218082456146e+00 1.686358302782200891e+00 1.514001786265570217e+02 1.833808096432962316e+02
1.947368421052631526e-01 1.220846122605457884e-01 1.826672006457153996e-01 1.070050710245145975e+00 1.584734378386787546e+00 1.685767964642435945e+00 1.533976652654172028e+02 1.859160161152707076e+02
2.421052631578947401e-01 1.514727735696247690e-01 2.270501724592720039e-01 1.072082465795100026e+00 1.585157825721189351e+00 1.685225670778108364e+00 1.558267290080221699e+02 1.890064775308825915e+02
2.894736842105263275e-01 1.806747885125971620e-01 2.714002687395699054e-01 1.074488299297157834e+00 1.585718207312710959e+00 1.684681558061464912e+00 1.586907656749223747e+02 1.926602699580496676e+02
3.368421052631579427e-01 2.096566929249083777e-01 3.157099636123556485e-01 1.077230073419445766e+00 1.586388383001638536e+00 1.684115474808797863e+00 1.620025846501926594e+02 1.968973744908785761e+02
3.842105263157894468e-01 2.383846915313728443e-01 3.599713714351175931e-01 1.080284673510816473e+00 1.587152203247386373e+00 1.683518623582096030e+00 1.657797325725229314e+02 2.017439998210136309e+02
4.315789473684210620e-01 2.668238653516436520e-01 4.041763668931793174e-01 1.083628050357580586e+00 1.587998169018527861e+00 1.682887632778309772e+00 1.700425039013525179e+02 2.072301825683059633e+02
4.789473684210526772e-01 2.949420062885552696e-01 4.483167014333332423e-01 1.087245904726116263e+00 1.588916289558590211e+00 1.682221561449985803e+00 1.748127825776857094e+02 2.133884114382853170e+02
5.263157894736841813e-01 3.227061671153547140e-01 4.923841593915934123e-01 1.091116196282927664e+00 1.589897532166100191e+00 1.681521266878168941e+00 1.801136414003189259e+02 2.202531120973648058e+02
5.736842105263157965e-01 3.500856258873366045e-01 5.363706349866618206e-01 1.095218896259091412e+00 1.590933209501961265e+00 1.680788808824482672e+00 1.859686199946855538e+02 2.278598445631093057e+02
6.210526315789474117e-01 3.770519064778225515e-01 5.802682787419168875e-01 1.099533496751874839e+00 1.592014613308183835e+00 1.680026759555806048e+00 1.924016664751147232e+02 2.362451860049542347e+02
6.684210526315789158e-01 4.035783724277137163e-01 6.240695551616703973e-01 1.104037200050336232e+00 1.593133158871569810e+00 1.679238218909562264e+00 1.994367813960885201e+02 2.454463453339029400e+02
7.157894736842105310e-01 4.296410103141934944e-01 6.677672955762659068e-01 1.108706821922076813e+00 1.594280433685629994e+00 1.678426650337704551e+00 2.070977888719905309e+02 2.555008999674802794e+02
7.631578947368421462e-01 4.552203571956470185e-01 7.113547202416681259e-01 1.113522674210843721e+00 1.595448098715608998e+00 1.677595685845711948e+00 2.154080660549307709e+02 2.664464840144451614e+02
8.105263157894736503e-01 4.802970320749532229e-01 7.548254823178941475e-01 1.118458795670692174e+00 1.596628532981275717e+00 1.676749167318796863e+00 2.243908060208571555e+02 2.783210794831817907e+02
8.578947368421052655e-01 5.048564464742776314e-01 7.981736133526258214e-01 1.123493677896729714e+00 1.597814308564591723e+00 1.675890741275108065e+00 2.340683931480250806e+02 2.911622981038851776e+02
9.052631578947368807e-01 5.288865433567814245e-01 8.413935093200307636e-01 1.128605651135131449e+00 1.598998605254560168e+00 1.675024002726056116e+00 2.444625077254833343e+02 3.050074880138400317e+02
9.526315789473683848e-01 5.523773350708175434e-01 8.844798813161134365e-01 1.133772789606667164e+00 1.600175316729359087e+00 1.674152454050074734e+00 2.555940562066728319e+02 3.198936459725689474e+02
1.000000000000000000e+00 5.753224902158879939e-01 9.274276861434962438e-01 1.138976158536811889e+00 1.601338929974781555e+00 1.673279396477685976e+00 2.674828877418709112e+02 3.358570666098808601e+02
