1.000000000000000056e-01 6.297193937658361607e-02 9.384221941854380133e-02 1.065387887179568116e+00 1.584332830786302937e+00 1.687726072082703199e+00 1.478074734516467572e+02 1.788549148204917287e+02
1.473684210526315930e-01 9.277066079573359492e-02 1.382851523235318902e-01 1.064957602684813764e+00 1.583831745446171446e+00 1.687139860017743409e+00 1.479363428000966962e+02 1.790437732626782861e+02
1.947368421052631526e-01 1.225113978805701109e-01 1.827113270009481649e-01 1.065015412901248126e+00 1.583680392433338913e+00 1.686804331429326176e+00 1.483345980752253581e+02 1.795912773733586789e+02
2.421052631578947401e-01 1.521468141613430969e-01 2.271075715937840300e-01 1.065439965947435841e+00 1.583732357604469065e+00 1.686539950639450725e+00 1.490626420844534152e+02 1.805831331509636755e+02
2.894736842105263275e-01 1.816175609645683531e-01 2.714575341990057566e-01 1.066234464788619718e+00 1.583952657986326562e+00 1.686279747754866998e+00 1.501981838375753284e+02 1.821256498913015491e+02
3.368421052631579427e-01 2.108565714555420689e-01 3.157426431250386356e-01 1.067439189169991698e+00 1.584335022446591301e+00 1.685989868502506095e+00 1.518207465433633558e+02 1.843268927181921981e+02
3.842105263157894468e-01 2.397894793799781876e-01 3.599433535877140655e-01 1.069084528706238046e+00 1.584881303591660240e+00 1.685651225566471956e+00 1.540062090462113815e+02 1.872899679984196553e+02
4.315789473684210620e-01 2.683407817048478750e-01 4.040405931855260979e-01 1.071195627198359368e+00 1.585592297313591859e+00 1.685252144417209719e+00 1.568241385753620705e+02 1.911096724828442177e+02
4.789473684210526772e-01 2.964389889185394811e-01 4.480171651265122401e-01 1.073787326428676581e+00 1.586465251472454430e+00 1.684786688447212910e+00 1.603361448596136540e+02 1.958704852744733671e+02
5.263157894736841813e-01 3.240206586285130363e-01 4.918589918314795750e-01 1.076861123078135085e+00 1.587491708916200617e+00 1.684252539829907303e+00 1.645954410549656188e+02 2.016460062829239916e+02
5.736842105263157965e-01 3.510319059262367869e-01 5.355559919917073364e-01 1.080400662922905930e+00 1.588658961333363040e+00 1.683651310334402185e+00 1.696471103323966929e+02 2.084993135866601506e+02
6.210526315789474117e-01 3.774330503754232402e-01 5.791025197277060999e-01 1.084382169760111481e+00 1.589949992024003445e+00 1.682987188523006772e+00 1.755288369135720643e+02 2.164839085372121588e+02
6.684210526315789158e-01 4.031968947592126651e-01 6.224974272412187037e-01 1.088768956439440050e+00 1.591344561070180630e+00 1.682265837162053357e+00 1.822724440078200985e+02 2.256455963560595990e+02
7.157894736842105310e-01 4.283098407028012033e-01 6.657437016510918681e-01 1.093519926406172571e+00 1.592821608888191465e+00 1.681494566087113229e+00 1.899051876097021534e+02 2.360241444758438547e+02
7.631578947368421462e-01 4.527696522501530318e-01 7.088478888399288858e-01 1.098589372824039456e+00 1.594359462293136076e+00 1.680681247059483185e+00 1.984512576246972628e+02 2.476551451261433101e+02
8.105263157894736503e-01 4.765840878711525286e-01 7.518193760283475857e-01 1.103930675615265367e+00 1.595937290179741508e+00 1.679833737807518990e+00 2.079331045094278068e+02 2.605716675142624013e+02
8.578947368421052655e-01 4.997712980492385881e-01 7.946696638593678808e-01 1.109503041186088890e+00 1.597535998154551828e+00 1.678959738533084778e+00 2.183726733987801367e+02 2.748057719948913586e+02
9.052631578947368807e-01 5.223519725563794402e-01 8.374116522793154660e-01 1.115260851449556556e+00 1.599139220929252092e+00 1.678066525032134271e+00 2.297921536021777058e+02 2.903894483345621893e+02
9.526315789473683848e-01 5.443524509561614710e-01 8.800590293420769150e-01 1.121164701995700508e+00 1.600732228453049855e+00 1.677160515429322984e+00 2.422146223291642286e+02 3.073554036150306388e+02
1.000000000000000000e+00 5.658015439364801891e-01 9.226257891189640903e-01 1.127178632436135697e+00 1.602302829403703832e+00 1.676247475129359898e+00 2.556646051838075948e+02 3.257377260654256474e+02
