1.000000000000000056e-01 6.290959937667452151e-02 9.382826772231354917e-02 1.070659871280655207e+00 1.586137193628742281e+00 1.688620875669496701e+00 1.500084966805704028e+02 1.815999114586254848e+02
1.473684210526315930e-01 9.264340820298731793e-02 1.382561354207899884e-01 1.069851430971430872e+00 1.585036386100149297e+00 1.687295299081744027e+00 1.503847848289024682e+02 1.821236053140164017e+02
1.947368421052631526e-01 1.222664259815746668e-01 1.826544714898854227e-01 1.070028494753490378e+00 1.584683869997216554e+00 1.686536929180182387e+00 1.512870770858328342e+02 1.833409880308713866e+02
2.421052631578947401e-01 1.517037964376586889e-01 2.270032209596863082e-01 1.070909245287059441e+00 1.584738039984177727e+00 1.685957418548157172e+00 1.527957900604018846e+02 1.853678921462508811e+02
2.894736842105263275e-01 1.808658667700403511e-01 2.712784372455208093e-01 1.072443297672761142e+00 1.585097531217536160e+00 1.685417865371400037e+00 1.550174364144640151e+02 1.883519975034481888e+02
3.368421052631579427e-01 2.096542474651540700e-01 3.154537717021460574e-01 1.074637289887964142e+00 1.585724087961314810e+00 1.684854275145131419e+00 1.580604666998871437e+02 1.924437706247683764e+02
3.842105263157894468e-01 2.379658780132890006e-01 3.595023312465815968e-01 1.077493572155288959e+00 1.586596746330666052e+00 1.684234067566031001e+00 1.620274930919958081e+02 1.977871046009887266e+02
4.315789473684210620e-01 2.657051545053503716e-01 4.033987088763760220e-01 1.081018175310628049e+00 1.587696457510854753e+00 1.683541622476315558e+00 1.670119178838789367e+02 2.045151735637995216e+02
4.789473684210526772e-01 2.927823790577163687e-01 4.471207812933795100e-01 1.085178257915417888e+00 1.588999638351932031e+00 1.682771392410158606e+00 1.730962455049436244e+02 2.127483990322289742e+02
5.263157894736841813e-01 3.191260940687289938e-01 4.906510816463814928e-01 1.089934618205107952e+00 1.590477858600672700e+00 1.681925231689973543e+00 1.803520660576695889e+02 2.225943626801375785e+02
5.736842105263157965e-01 3.446804030609567082e-01 5.339774921320630252e-01 1.095223512173118197e+00 1.592098540997549883e+00 1.681009818209272089e+00 1.888409269201548568e+02 2.341488630000065427e+02
6.210526315789474117e-01 3.694083523947754299e-01 5.770932754174130652e-01 1.100972093482615266e+00 1.593827360843550478e+00 1.680035219846468086e+00 1.986158774283589707e+02 2.474977967974858757e+02
6.684210526315789158e-01 3.932926995264857672e-01 6.199965703862846400e-01 1.107107023668506551e+00 1.595629904013119438e+00 1.679012843450395032e+00 2.097234043114168571e+02 2.627195211223493061e+02
7.157894736842105310e-01 4.163302381743137492e-01 6.626895549108202665e-01 1.113549871959518267e+00 1.597474048422248050e+00 1.677954730558146590e+00 2.222053137462277448e+02 2.798871398503740693e+02
7.631578947368421462e-01 4.385303864467992585e-01 7.051774527323434461e-01 1.120225439459952455e+00 1.599331161296241310e+00 1.676872584791017529e+00 2.361003708297175478e+02 2.990705077298570700e+02
8.105263157894736503e-01 4.599113399656014067e-01 7.474675542922625260e-01 1.127062556744790056e+00 1.601176278825044319e+00 1.675777327433859654e+00 2.514455657905256203e+02 3.203377727278901261e+02
8.578947368421052655e-01 4.805000873287382235e-01 7.895683506690995834e-01 1.134001557227993118e+00 1.602989094150397031e+00 1.674678557786539734e+00 2.682769911162309882e+02 3.437564373248359288e+02
9.052631578947368807e-01 5.003272273648978752e-01 8.314888397743922521e-01 1.140988621456992869e+00 1.604754208040220398e+00 1.673584385658688278e+00 2.866305116152039432e+02 3.693941543800335694e+02
9.526315789473683848e-01 5.194225691558882474e-01 8.732379789401172321e-01 1.147972034021939036e+00 1.606460013974877032e+00 1.672501616104944411e+00 3.065419751998219340e+02 3.973189766983362006e+02
1.000000000000000000e+00 5.378266458309564069e-01 9.148243387484950029e-01 1.154924719972732827e+00 1.608097934341776947e+00 1.671435794364663385e+00 3.280473727830030271e+02 4.275994855012955327e+02
