1.000000000000000056e-01 6.286532372847447592e-02 9.382000557261091500e-02 1.069423593699466712e+00 1.586545367610012747e+00 1.689100071929958258e+00 1.499923899240783669e+02 1.816388438444317615e+02
1.473684210526315930e-01 9.242214199020976073e-02 1.382140421392533125e-01 1.070150502302840589e+00 1.585953398561038785e+00 1.687584789488140391e+00 1.520912758276396914e+02 1.843840064729261599e+02
1.947368421052631526e-01 1.216943917921838869e-01 1.825479565021154160e-01 1.072488847646209109e+00 1.586256900023252925e+00 1.686510320681382069e+00 1.554758241743413123e+02 1.887956375533448465e+02
2.421052631578947401e-01 1.505768893832391819e-01 2.268004188463448312e-01 1.076067187434559758e+00 1.587083360311411617e+00 1.685516341817135721e+00 1.601975017865565860e+02 1.949498473674628372e+02
2.894736842105263275e-01 1.789738276467730260e-01 2.709535593159968503e-01 1.080708392524182271e+00 1.588283646632618673e+00 1.684490395226330595e+00 1.663204764417561705e+02 2.029366568815823371e+02
3.368421052631579427e-01 2.068081977170203867e-01 3.149944344204644309e-01 1.086283122124660494e+00 1.589764809543789070e+00 1.683395283694334665e+00 1.739023373567223132e+02 2.128373482585522822e+02
3.842105263157894468e-01 2.340217534075241801e-01 3.589156285914026911e-01 1.092654479588533123e+00 1.591452918533371896e+00 1.682224344345153000e+00 1.829930301850083652e+02 2.247234226376403115e+02
4.315789473684210620e-01 2.605777156692170582e-01 4.027150285314439193e-01 1.099689098901636353e+00 1.593283473162383057e+00 1.680984494497762549e+00 1.936368654539090244e+02 2.386591999273143756e+02
4.789473684210526772e-01 2.864583858938690164e-01 4.463950366395453839e-01 1.107256816143578515e+00 1.595199835329864202e+00 1.679688553218221747e+00 2.058752504034088986e+02 2.547052167596672234e+02
5.263157894736841813e-01 3.116607868321911723e-01 4.899614925482337346e-01 1.115231561044332853e+00 1.597153611517447613e+00 1.678351369430677975e+00 2.197489385573170182e+02 2.729210204387048861e+02
5.736842105263157965e-01 3.361972009242949477e-01 5.334225381916736231e-01 1.123508241357664916e+00 1.599105756415485136e+00 1.676988436181129583e+00 2.352995334524246118e+02 2.933670584622269075e+02
6.210526315789474117e-01 3.600848127493622708e-01 5.767876407674203953e-01 1.131982690072407705e+00 1.601024267665061451e+00 1.675612682643114359e+00 2.525710016852448803e+02 3.161065202476732452e+02
6.684210526315789158e-01 3.833488328899051778e-01 6.200667571719912230e-01 1.140571822116948741e+00 1.602885281500818770e+00 1.674235841623824106e+00 2.716097919976544972e+02 3.412055512685977305e+02
7.157894736842105310e-01 4.060182401871377800e-01 6.632697406743125468e-01 1.149206517859698184e+00 1.604671770930504282e+00 1.672867819104881137e+00 2.924651075233189204e+02 3.687336116501138576e+02
7.631578947368421462e-01 4.281241220609695031e-01 7.064059535119565636e-01 1.157830733704636961e+00 1.606371918128617571e+00 1.671516701913461134e+00 3.151890099854792311e+02 3.987636142885260711e+02
8.105263157894736503e-01 4.496970299704395324e-01 7.494839992065793766e-01 1.166397159553898888e+00 1.607978845795761114e+00 1.670188545703781058e+00 3.398360275042406329e+02 4.313715088856284297e+02
8.578947368421052655e-01 4.707662354912076630e-01 7.925116396399928265e-01 1.174866968017356683e+00 1.609489368481205940e+00 1.668887985883876990e+00 3.664632089948451608e+02 4.666363176971948974e+02
9.052631578947368807e-01 4.913609702570546633e-01 8.354957122696967664e-01 1.183211835888590358e+00 1.610902501668418862e+00 1.667618504782329536e+00 3.951294649753444332e+02 5.046394149658199808e+02
9.526315789473683848e-01 5.115087549680408241e-01 8.784421577444087026e-01 1.191409619453177360e+00 1.612219533827325524e+00 1.666382773954315777e+00 4.258954065599769478e+02 5.454643401316944846e+02
1.000000000000000000e+00 5.312374031022397691e-01 9.213560387466340762e-01 1.199446806153570577e+00 1.613442936448979736e+00 1.665182242412419633e+00 4.588226786655878868e+02 5.891960462966280829e+02
