1.000000000000000056e-01 6.297640999277595575e-02 9.384325426630428513e-02 1.066661970186579822e+00 1.585446089254763935e+00 1.688822446526414334e+00 1.479825393628791801e+02 1.790606000350243505e+02
1.473684210526315930e-01 9.278658500529007869e-02 1.382885889843388227e-01 1.065708102277018288e+00 1.584519172996060821e+00 1.687860276319456787e+00 1.479439533181411832e+02 1.790382169579368394e+02
1.947368421052631526e-01 1.225468860871689464e-01 1.827168568537257676e-01 1.065409132810355874e+00 1.584129302136320749e+00 1.687353625766712550e+00 1.481560977760231026e+02 1.793541996927332889e+02
2.421052631578947401e-01 1.521976232203673951e-01 2.271084961966675919e-01 1.065532518432266817e+00 1.584021656490562258e+00 1.687000891010234760e+00 1.486942061818790251e+02 1.801232730941918589e+02
2.894736842105263275e-01 1.816523131323250217e-01 2.714353002973975970e-01 1.066080146845889587e+00 1.584137660798190961e+00 1.686687579170000451e+00 1.496848393210480310e+02 1.815251117581182712e+02
3.368421052631579427e-01 2.107971895487320835e-01 3.156616611482850332e-01 1.067106803904564361e+00 1.584475838913987022e+00 1.686355579594560394e+00 1.512744584339194205e+02 1.837649671177460675e+02
3.842105263157894468e-01 2.395018397876345073e-01 3.597475255890661971e-01 1.068692184526364164e+00 1.585049062006356646e+00 1.685968311697023436e+00 1.536136850802611775e+02 1.870532031796248589e+02
4.315789473684210620e-01 2.676277340035274066e-01 4.036526523656541188e-01 1.070896877091387367e+00 1.585868762424700984e+00 1.685502787120222612e+00 1.568454015294323654e+02 1.915897722693231913e+02
4.789473684210526772e-01 2.950475041649988084e-01 4.473414414464914612e-01 1.073771618489019586e+00 1.586936609964795020e+00 1.684946067654818247e+00 1.610963447013785981e+02 1.975531851114869824e+02
5.263157894736841813e-01 3.216500054245400864e-01 4.907871500087219729e-01 1.077319148751365585e+00 1.588240991148937464e+00 1.684293990260508522e+00 1.664721803297740053e+02 2.050941844792642996e+02
5.736842105263157965e-01 3.473553840407623827e-01 5.339747040054382277e-01 1.081517666420401369e+00 1.589757508769693128e+00 1.683549665881527879e+00 1.730570074439060306e+02 2.143350427615644946e+02
6.210526315789474117e-01 3.721181734688030485e-01 5.769015842932899707e-01 1.086320855673076569e+00 1.591451766699233161e+00 1.682721458786180513e+00 1.809161572290605591e+02 2.253731490077894364e+02
6.684210526315789158e-01 3.959223764187252970e-01 6.195769591591584469e-01 1.091656909990030844e+00 1.593285160705462111e+00 1.681822229873350505e+00 1.901009559671136913e+02 2.382871178447348370e+02
7.157894736842105310e-01 4.187824450336904980e-01 6.620196820596989662e-01 1.097451203669722375e+00 1.595216884874204322e+00 1.680865909251599177e+00 2.006543827412215535e+02 2.531439577979890885e+02
7.631578947368421462e-01 4.407330972642188871e-01 7.042557509027354001e-01 1.103623349964295342e+00 1.597207850006636010e+00 1.679866340930590729e+00 2.126161882773504317e+02 2.700055540604665794e+02
8.105263157894736503e-01 4.618243115752988515e-01 7.463158202635060690e-01 1.110098122208054150e+00 1.599224134128607089e+00 1.678837076848771703e+00 2.260271302890104153e+02 2.889339495650822300e+02
8.578947368421052655e-01 4.821152055025534899e-01 7.882330446288398074e-01 1.116807063260497390e+00 1.601237363409890424e+00 1.677790040527012749e+00 2.409320423338762964e+02 3.099951124442839046e+02
9.052631578947368807e-01 5.016680117227310109e-01 8.300413765109214692e-01 1.123687327808744030e+00 1.603224034217850091e+00 1.676735362282157471e+00 2.573817794286643448e+02 3.332612412525715513e+02
9.526315789473683848e-01 5.205473858783181695e-01 8.717743555737830219e-01 1.130687512793616678e+00 1.605166134436551983e+00 1.675681361721716334e+00 2.754345819204426675e+02 3.588122558782704914e+02
1.000000000000000000e+00 5.388181682711487008e-01 9.134642729331748923e-01 1.137767656488596568e+00 1.607049749611495715e+00 1.674634699775026769e+00 2.951569265722174009e+02 3.867366245074511539e+02
