1.000000000000000056e-01 6.295421582143365113e-02 9.383991853612516643e-02 1.064738667024673013e+00 1.584171360575051146e+00 1.687545648354004779e+00 1.478630294622123529e+02 1.789410007431049507e+02
1.473684210526315930e-01 9.269746121109778692e-02 1.382750271720761537e-01 1.064969328673877724e+00 1.583956682257113169e+00 1.686998577656855902e+00 1.485997898368340771e+02 1.798990296005096923e+02
1.947368421052631526e-01 1.223442105270215879e-01 1.826903743631123622e-01 1.065793296477816288e+00 1.584063529564049722e+00 1.686611334242374527e+00 1.497582179168675509e+02 1.814001848200518339e+02
2.421052631578947401e-01 1.518548497783162587e-01 2.270772290196052534e-01 1.067064377173012835e+00 1.584361394492912023e+00 1.686251128224834694e+00 1.513424307526361190e+02 1.834546014745859281e+02
2.894736842105263275e-01 1.811874606332425919e-01 2.714259152196029645e-01 1.068744714482608105e+00 1.584808528082473078e+00 1.685873382256301900e+00 1.533748846469189289e+02 1.860948688267693569e+02
3.368421052631579427e-01 2.102978923072827688e-01 3.157260383383515556e-01 1.070819172325564894e+00 1.585386523651460822e+00 1.685458827500842416e+00 1.558832858869990332e+02 1.893602950340932694e+02
3.842105263157894468e-01 2.391396759045333054e-01 3.599667565028533689e-01 1.073273187634013359e+00 1.586084845563208168e+00 1.684998706789358369e+00 1.588970741711078176e+02 1.932926923716061935e+02
4.315789473684210620e-01 2.676674922347350161e-01 4.041370601175877653e-01 1.076098077621641558e+00 1.586894616053706519e+00 1.684488902760639562e+00 1.624459079600089808e+02 1.979345951706084747e+02
4.789473684210526772e-01 2.958371349485033885e-01 4.482260910927948205e-01 1.079281465313423949e+00 1.587807153579030350e+00 1.683928453436118744e+00 1.665592215351793755e+02 2.033287095852458322e+02
5.263157894736841813e-01 3.236050429757459934e-01 4.922234050669168637e-01 1.082801859075079642e+00 1.588813116654250734e+00 1.683318525463948223e+00 1.712656904766674302e+02 2.095173106331710073e+02
5.736842105263157965e-01 3.509329308311412987e-01 5.361192539270860369e-01 1.086641192006410073e+00 1.589902007349231372e+00 1.682661441834915728e+00 1.765931615611548864e+02 2.165421175640515230e+02
6.210526315789474117e-01 3.777853654124128102e-01 5.799047527096903298e-01 1.090774017267900797e+00 1.591062568860756699e+00 1.681960696372597486e+00 1.825684197626173386e+02 2.244440525928695536e+02
6.684210526315789158e-01 4.041303139657747012e-01 6.235720132915067992e-01 1.095169451445363817e+00 1.592282916996720754e+00 1.681220481995932436e+00 1.892171573193826930e+02 2.332631975165476490e+02
7.157894736842105310e-01 4.299455119376754952e-01 6.671141952488012228e-01 1.099806996565138473e+00 1.593551123462266572e+00 1.680445755247564898e+00 1.965639057643570879e+02 2.430387213408247362e+02
7.631578947368421462e-01 4.552083451957980587e-01 7.105255286900559186e-01 1.104650998061359246e+00 1.594855064176599946e+00 1.679641441679820879e+00 2.046322072925447060e+02 2.538090613638600246e+02
8.105263157894736503e-01 4.799021402203395570e-01 7.538012450356494920e-01 1.109668829780276145e+00 1.596183128995408040e+00 1.678812690126893603e+00 2.134445799999132021e+02 2.656118925748350534e+02
8.578947368421052655e-01 5.040157792695706407e-01 7.969374685058275842e-01 1.114830362791841223e+00 1.597524383874949327e+00 1.677964653472189926e+00 2.230225261226545683e+02 2.784841419125181687e+02
9.052631578947368807e-01 5.275427081817427588e-01 8.399310933329134921e-01 1.120106841444198142e+00 1.598867955714077915e+00 1.677102570201312037e+00 2.333865805492783068e+02 2.924620343394145721e+02
9.526315789473683848e-01 5.504804047347424678e-01 8.827796479140710417e-01 1.125471112314158972e+00 1.600205193540898296e+00 1.676230953753971242e+00 2.445563813107600311e+02 3.075811617410735153e+02
1.000000000000000000e+00 5.728268662733768668e-01 9.254811520939123515e-01 1.130893067721933321e+00 1.601528527516174139e+00 1.675354226945124925e+00 2.565507341521480953e+02 3.238765445924106530e+02
