1.000000000000000056e-01 6.290040155601211991e-02 9.382553872846925713e-02 1.071847782897143331e+00 1.587082447778898953e+00 1.689487118869238857e+00 1.503081906597973330e+02 1.819779875731500169e+02
1.473684210526315930e-01 9.260121817168671943e-02 1.382435641702730034e-01 1.070875844700904356e+00 1.585721238794638666e+00 1.687817266460584609e+00 1.508461182277491162e+02 1.827305807461972051e+02
1.947368421052631526e-01 1.221347950248492520e-01 1.826159875086220408e-01 1.071220689203936871e+00 1.585331235822918572e+00 1.686846940344230994e+00 1.521591938241159312e+02 1.845117397155066499e+02
2.421052631578947401e-01 1.513880278664732904e-01 2.269127896612300743e-01 1.072561916681266769e+00 1.585491385920652530e+00 1.686084277349272131e+00 1.543942094838780577e+02 1.875274267831839268e+02
2.894736842105263275e-01 1.802327618202469450e-01 2.711012525752609092e-01 1.074845835325125787e+00 1.586073468345035486e+00 1.685353762299878877e+00 1.577170938308623818e+02 1.920046807718443347e+02
3.368421052631579427e-01 2.085408716402989693e-01 3.151500718380956245e-01 1.078068377190596783e+00 1.587018938846595617e+00 1.684578071674347921e+00 1.622800127041568317e+02 1.981518964687030007e+02
3.842105263157894468e-01 2.361958687885969133e-01 3.590332808516060736e-01 1.082204667334358383e+00 1.588283008275854780e+00 1.683723166770323409e+00 1.682123012024703996e+02 2.061479081236029458e+02
4.315789473684210620e-01 2.631045487863830079e-01 4.027331443799769817e-01 1.087200923988162149e+00 1.589817620891197825e+00 1.682777971995560895e+00 1.756195463454635330e+02 2.161410034349498517e+02
4.789473684210526772e-01 2.892020948355406018e-01 4.462414810066682724e-01 1.092971782813225046e+00 1.591569453835480541e+00 1.681745461166101130e+00 1.845866077199156905e+02 2.282527944299388594e+02
5.263157894736841813e-01 3.144555995053881503e-01 4.895594502088316258e-01 1.099418298285010698e+00 1.593482434492614175e+00 1.680636651008435400e+00 1.951830000650822967e+02 2.425849264445422193e+02
5.736842105263157965e-01 3.388557886848624912e-01 5.326961534968370771e-01 1.106420115506593582e+00 1.595501722175590720e+00 1.679466514080954154e+00 2.074684693974920151e+02 2.592260377664378552e+02
6.210526315789474117e-01 3.624176442696119271e-01 5.756666423197617233e-01 1.113864741900861155e+00 1.597577212455044471e+00 1.678251440808372630e+00 2.214981703387053642e+02 2.782581897693515884e+02
6.684210526315789158e-01 3.851727706814331853e-01 6.184898458174324931e-01 1.121646946714048632e+00 1.599665488789864254e+00 1.677007203913941202e+00 2.373267201694726225e+02 2.997618712213493950e+02
7.157894736842105310e-01 4.071609427484247368e-01 6.611867199971518394e-01 1.129666101723904026e+00 1.601730955942270551e+00 1.675748293778920983e+00 2.550109699130195224e+02 3.238194254003464607e+02
7.631578947368421462e-01 4.284305208841448498e-01 7.037788014039242368e-01 1.137840464966807463e+00 1.603747162588779585e+00 1.674486699551855251e+00 2.746117186581099645e+02 3.505171378994114093e+02
8.105263157894736503e-01 4.490315781282647745e-01 7.462871834329172227e-01 1.146098914518802969e+00 1.605693950422943939e+00 1.673232336105894724e+00 2.961947334526834652e+02 3.799464455146277828e+02
8.578947368421052655e-01 4.690150940644363664e-01 7.887318143083248412e-01 1.154384056791747604e+00 1.607556928531498119e+00 1.671993156940406511e+00 3.198310526405227279e+02 4.122043086530854339e+02
9.052631578947368807e-01 4.884312218219306057e-01 8.311311210342900990e-01 1.162650391878994549e+00 1.609326730647448800e+00 1.670775315325573551e+00 3.455970059918436164e+02 4.473931707818348968e+02
9.526315789473683848e-01 5.073271863985359120e-01 8.735018202790711950e-01 1.170860731280419564e+00 1.610998453774531880e+00 1.669583432246584342e+00 3.735740265679477830e+02 4.856206885663095818e+02
1.000000000000000000e+00 5.257460286203705646e-01 9.158588756354217875e-01 1.178984012567287465e+00 1.612570172532759472e+00 1.668420714313462172e+00 4.038482769897647131e+02 5.269992191032844175e+02
