1.000000000000000056e-01 6.293435739667369022e-02 9.383428781377482764e-02 1.068557076956147212e+00 1.584696786274012004e+00 1.687408951634807863e+00 1.493097042443200166e+02 1.807182852506993811e+02
1.473684210526315930e-01 9.272780430417852660e-02 1.382759453502234170e-01 1.067854172020703096e+00 1.583952891739786928e+00 1.686623777756318887e+00 1.493051276954173829e+02 1.807348932117587310e+02
1.947368421052631526e-01 1.224725978448185787e-01 1.827004813596181665e-01 1.067653143962555617e+00 1.583643863057665691e+00 1.686203374384117826e+00 1.495168700411242639e+02 1.810494313567079416e+02
2.421052631578947401e-01 1.521061892424180051e-01 2.270869180934767528e-01 1.067809581229972382e+00 1.583577247980672675e+00 1.685901833814085204e+00 1.500438184775845798e+02 1.818077967538019379e+02
2.894736842105263275e-01 1.815363988444993193e-01 2.714043512486515874e-01 1.068364680964765556e+00 1.583718854603604731e+00 1.685622725920995491e+00 1.510308723526046890e+02 1.832154430477106928e+02
3.368421052631579427e-01 2.106403383856005340e-01 3.156134876630297126e-01 1.069396866418522274e+00 1.584079080888835422e+00 1.685313029145018904e+00 1.526437361616012822e+02 1.855047681052555220e+02
3.842105263157894468e-01 2.392754567716874337e-01 3.596704077486825302e-01 1.070997508375147733e+00 1.584678788139117778e+00 1.684938460122785031e+00 1.550522575737211355e+02 1.889128726058667951e+02
4.315789473684210620e-01 2.672935348332071692e-01 4.035319489391124281e-01 1.073243039834194335e+00 1.585534096081297584e+00 1.684476704483546916e+00 1.584162821975860425e+02 1.936628387088457828e+02
4.789473684210526772e-01 2.945585557499366680e-01 4.471616515342528575e-01 1.076183605269658283e+00 1.586648630591876996e+00 1.683915823070692319e+00 1.628754432497498215e+02 1.999502388120401122e+02
5.263157894736841813e-01 3.209588512003925254e-01 4.905347144003274762e-01 1.079826515705100132e+00 1.588009132313367378e+00 1.683252678907785738e+00 1.685438449680173107e+02 2.079362571833409277e+02
5.736842105263157965e-01 3.464196436397335988e-01 5.336408655759067310e-01 1.084146947942197237e+00 1.589589567211295185e+00 1.682492217295733505e+00 1.755101823025463261e+02 2.177478929905715859e+02
6.210526315789474117e-01 3.709070987870020653e-01 5.764848128637802827e-01 1.089097480143004004e+00 1.591351591724916803e+00 1.681645170296239389e+00 1.838424428657415319e+02 2.294839859245180946e+02
6.684210526315789158e-01 3.944197614606352875e-01 6.190845083867581033e-01 1.094600658196423826e+00 1.593251603550221329e+00 1.680725350378522442e+00 1.935941985672581609e+02 2.432234066474490817e+02
7.157894736842105310e-01 4.169874037356879337e-01 6.614683314879503673e-01 1.100576270540567947e+00 1.595246647622377445e+00 1.679748335444138929e+00 2.048120451784552927e+02 2.590344288064791272e+02
7.631578947368421462e-01 4.386609816158906772e-01 7.036718305177197541e-01 1.106943043340331556e+00 1.597296467033202605e+00 1.678729249985892569e+00 2.175417099017480211e+02 2.769824106577070779e+02
8.105263157894736503e-01 4.595038681167722405e-01 7.457347117751782495e-01 1.113621650757164794e+00 1.599365957840088059e+00 1.677681770161467467e+00 2.318327004848505339e+02 2.971355001104697635e+02
8.578947368421052655e-01 4.795881940144538502e-01 7.876984177058742320e-01 1.120544180601724227e+00 1.601425995113927137e+00 1.676618006867151678e+00 2.477417094632599799e+02 3.195686035585762852e+02
9.052631578947368807e-01 4.989876063287075891e-01 8.296042515878440105e-01 1.127649858310047382e+00 1.603451746488717689e+00 1.675548349653517510e+00 2.653344123160132995e+02 3.443653031449790660e+02
9.526315789473683848e-01 5.177773277290924625e-01 8.714921153512918961e-01 1.134891403850372349e+00 1.605427149523410035e+00 1.674480502964377449e+00 2.846868087055188425e+02 3.716190620115272623e+02
1.000000000000000000e+00 5.360291222295173741e-01 9.133996542997819823e-01 1.142228385659752599e+00 1.607338960955712048e+00 1.673420862110102769e+00 3.058853790377121982e+02 4.014329074769666477e+02
