1.000000000000000056e-01 6.291121702905588808e-02 9.382911975401372895e-02 1.071834636144657349e+00 1.586366032361348877e+00 1.688678969867601465e+00 1.503961935263125156e+02 1.820633529576095384e+02
1.473684210526315930e-01 9.269004349893988914e-02 1.382674162161094122e-01 1.070554255552109479e+00 1.585018051345168155e+00 1.687277294273129780e+00 1.503399002079994773e+02 1.820209955083283262e+02
1.947368421052631526e-01 1.224148885816625509e-01 1.826869580052994102e-01 1.070086356650211012e+00 1.584413372434428702e+00 1.686542902208095551e+00 1.505569468271413314e+02 1.823489490656460816e+02
2.421052631578947401e-01 1.520192328995253472e-01 2.270654094944585533e-01 1.070122393361837121e+00 1.584182587246015128e+00 1.686048067894626579e+00 1.511354119834367680e+02 1.831817591856024023e+02
2.894736842105263275e-01 1.814041322364300934e-01 2.713700954757428119e-01 1.070642006002622049e+00 1.584231694724424599e+00 1.685633742950591873e+00 1.522230192770416863e+02 1.847301602656426098e+02
3.368421052631579427e-01 2.104397061379624234e-01 3.155595347908548565e-01 1.071702172614701132e+00 1.584546030259033289e+00 1.685219685692497471e+00 1.539916367526730880e+02 1.872362423113929424e+02
3.842105263157894468e-01 2.389758256395800029e-01 3.595872353399265919e-01 1.073382007385334846e+00 1.585133525185759895e+00 1.684758049379556866e+00 1.566179600428233414e+02 1.909481630458270445e+02
4.315789473684210620e-01 2.668586322285025902e-01 4.034072051156697425e-01 1.075755576319804563e+00 1.586000999111308429e+00 1.684219289878856163e+00 1.602682156243918996e+02 1.961000778621973950e+02
4.789473684210526772e-01 2.939445576256989323e-01 4.469800399937615132e-01 1.078858355288092818e+00 1.587145647240583601e+00 1.683587624235319380e+00 1.650874579794944452e+02 2.028980845465069365e+02
5.263157894736841813e-01 3.201176258225800764e-01 4.902780157662122718e-01 1.082688991876957108e+00 1.588548458431952026e+00 1.682858394479872288e+00 1.711938524984038281e+02 2.115128219580203677e+02
5.736842105263157965e-01 3.453003572883909245e-01 5.332880606501242404e-01 1.087213463018064097e+00 1.590176374711922191e+00 1.682035833673504843e+00 1.786790547686595119e+02 2.220799044745228343e+02
6.210526315789474117e-01 3.694546016430718116e-01 5.760121563907784070e-01 1.092365949477377862e+00 1.591986248671363846e+00 1.681130859841480918e+00 1.876127702072127761e+02 2.347057923593623059e+02
6.684210526315789158e-01 3.925777391127319715e-01 6.184656220436590690e-01 1.098059493315034940e+00 1.593931335801389126e+00 1.680157865315808685e+00 1.980496345776288081e+02 2.494766202004619799e+02
7.157894736842105310e-01 4.147003153867837022e-01 6.606742178785778297e-01 1.104208700681706290e+00 1.595965454221974777e+00 1.679132642661950170e+00 2.100367615065523808e+02 2.664677768975316212e+02
7.631578947368421462e-01 4.358713397907605924e-01 7.026708792416719307e-01 1.110721069431003016e+00 1.598046655565452889e+00 1.678070708335612560e+00 2.236200093830549918e+02 2.857518451877145935e+02
8.105263157894736503e-01 4.561545478875148607e-01 7.444927414891209239e-01 1.117514141608688005e+00 1.600138652405207473e+00 1.676986237665152757e+00 2.388489150482080277e+02 3.074047552366694163e+02
8.578947368421052655e-01 4.756207892508634849e-01 7.861787536307019986e-01 1.124515229653273884e+00 1.602212076172451649e+00 1.675891249993923582e+00 2.557800709164204420e+02 3.315098685184308920e+02
9.052631578947368807e-01 4.943435947118761109e-01 8.277679169159168904e-01 1.131662886665353307e+00 1.604242662232870931e+00 1.674795962742820610e+00 2.744792761542357198e+02 3.581604366377742963e+02
9.526315789473683848e-01 5.123967140811104271e-01 8.692980986270563148e-01 1.138908153298715753e+00 1.606216054070826127e+00 1.673708020836737198e+00 2.950228452822572649e+02 3.874608986554076751e+02
1.000000000000000000e+00 5.298483230206394445e-01 9.108052183389450107e-01 1.146206793085934539e+00 1.608119157458585358e+00 1.672633759582794921e+00 3.174978913738835331e+02 4.195268766885813534e+02
