1.000000000000000056e-01 6.293457888389092370e-02 9.383375651711077514e-02 1.067421261437218272e+00 1.585056921974764332e+00 1.688045686075381635e+00 1.487834407953778282e+02 1.800861204260769455e+02
1.473684210526315930e-01 9.266572195111551224e-02 1.382615448637313782e-01 1.067168254898885449e+00 1.584439116337628128e+00 1.687140258793082603e+00 1.493649191249876935e+02 1.808697546757634598e+02
1.947368421052631526e-01 1.222716531821464309e-01 1.826580509508146655e-01 1.067764223394697787e+00 1.584369415764323552e+00 1.686571848833171572e+00 1.505137278021680345e+02 1.823984788663192091e+02
2.421052631578947401e-01 1.516800138942542842e-01 2.270053708505111456e-01 1.069031403372894262e+00 1.584627625490587111e+00 1.686084906618095403e+00 1.523055720544839460e+02 1.847780241162110144e+02
2.894736842105263275e-01 1.808098585289567573e-01 2.712838626828159017e-01 1.070937799155382564e+00 1.585146912051641932e+00 1.685588340099285265e+00 1.548272545023642408e+02 1.881267304279753887e+02
3.368421052631579427e-01 2.095781606748432502e-01 3.154736368704675886e-01 1.073483567418479057e+00 1.585898512518222558e+00 1.685041755734862923e+00 1.581610206787200639e+02 1.925569089518695591e+02
3.842105263157894468e-01 2.379042187432616751e-01 3.595560487680620754e-01 1.076663011919862800e+00 1.586862025630238149e+00 1.684426329833229152e+00 1.623806213984933038e+02 1.981702431505351285e+02
4.315789473684210620e-01 2.657155259317081075e-01 4.035150623684066740e-01 1.080459469006851414e+00 1.588016737853701343e+00 1.683735259892378044e+00 1.675507259072840327e+02 2.050571080083330173e+02
4.789473684210526772e-01 2.929498743954738749e-01 4.473381908140625640e-01 1.084836141639428098e+00 1.589338009705764110e+00 1.682968436866697060e+00 1.737270296401934218e+02 2.132968334939794204e+02
5.263157894736841813e-01 3.195588136597558027e-01 4.910170735953264809e-01 1.089744327482240926e+00 1.590798446678465039e+00 1.682130823883543069e+00 1.809576868453009695e+02 2.229594221044413302e+02
5.736842105263157965e-01 3.455074092012010434e-01 5.345475427228535414e-01 1.095122859575164309e+00 1.592368827932876041e+00 1.681230430730068948e+00 1.892847001663900528e+02 2.341072969929211354e+02
6.210526315789474117e-01 3.707752993507130168e-01 5.779293021397666763e-01 1.100907072776821094e+00 1.594019589210357468e+00 1.680276897998474350e+00 1.987455395308407731e+02 2.467973199107086941e+02
6.684210526315789158e-01 3.953555603253653961e-01 6.211653604865036149e-01 1.107032545275662860e+00 1.595722407535902665e+00 1.679280576957129956e+00 2.093747319717961943e+02 2.610827473397753238e+02
7.157894736842105310e-01 4.192510843869986514e-01 6.642613369095806686e-01 1.113433600944895741e+00 1.597451417558440667e+00 1.678251850652643151e+00 2.212052500631039891e+02 2.770149328198284593e+02
7.631578947368421462e-01 4.424726021473571191e-01 7.072247282647663447e-01 1.120046759321760677e+00 1.599183845630168799e+00 1.677200466961659808e+00 2.342696021922298542e+02 2.946446837279603415e+02
8.105263157894736503e-01 4.650382182663300723e-01 7.500642388968190577e-01 1.126816185725841191e+00 1.600900523901230610e+00 1.676135453955189369e+00 2.486005337925026595e+02 3.140231272894557151e+02
8.578947368421052655e-01 4.869705184993564639e-01 7.927892021522086052e-01 1.133691725140741235e+00 1.602584742681519847e+00 1.675064971914655754e+00 2.642317298502871381e+02 3.352025948911631303e+02
9.052631578947368807e-01 5.082943719920967052e-01 8.354091377875463298e-01 1.140628157349169669e+00 1.604224807720241675e+00 1.673995499083622329e+00 2.811981268231624540e+02 3.582369989016655154e+02
9.526315789473683848e-01 5.290368149044514245e-01 8.779334113468703071e-01 1.147587506201958929e+00 1.605811157116572518e+00 1.672932830590325048e+00 2.995360361808711218e+02 3.831819904607613694e+02
1.000000000000000000e+00 5.492251855000852556e-01 9.203709896583588401e-01 1.154536945283638483e+00 1.607337145289628788e+00 1.671881974204577403e+00 3.192832578079426753e+02 4.100951150260904114e+02
