1.000000000000000056e-01 6.299346292053195628e-02 9.384699965226071805e-02 1.066624017404021796e+00 1.586077637195021151e+00 1.689640964253730671e+00 1.476616044309648998e+02 1.786508908727544451e+02
1.473684210526315930e-01 9.281319490327066823e-02 1.382943735225889426e-01 1.065323080722851978e+00 1.584931108559270108e+00 1.688489279485482442e+00 1.475316489919654259e+02 1.785168276948974722e+02
1.947368421052631526e-01 1.225835731235952186e-01 1.827248165040622208e-01 1.064832658392401044e+00 1.584434622604208531e+00 1.687897247562678782e+00 1.476835069456778626e+02 1.787583968140296236e+02
2.421052631578947401e-01 1.522450637381755623e-01 2.271178987394739113e-01 1.064835250012947210e+00 1.584263329708421875e+00 1.687498655610903731e+00 1.481712959787304840e+02 1.794662588270317372e+02
2.894736842105263275e-01 1.817052897169527947e-01 2.714430566369626097e-01 1.065289420045082869e+00 1.584338534302740076e+00 1.687157974760876700e+00 1.491198817899403650e+02 1.808210208932905232e+02
3.368421052631579427e-01 2.108426836025057149e-01 3.156603817004772772e-01 1.066252704116668948e+00 1.584653058129560366e+00 1.686807016360239997e+00 1.506835902304491128e+02 1.830418057842421717e+02
3.842105263157894468e-01 2.395114774318158890e-01 3.597234652035454228e-01 1.067799984840394956e+00 1.585219478758078671e+00 1.686403118289922620e+00 1.530266849155296427e+02 1.863610685128247439e+02
4.315789473684210620e-01 2.675553649045356308e-01 4.035841047992554942e-01 1.070000361014733059e+00 1.586051522489829280e+00 1.685919520478226463e+00 1.563084709321983610e+02 1.910051243785056272e+02
4.789473684210526772e-01 2.948246675744228829e-01 4.471980222048501097e-01 1.072900712197766726e+00 1.587151445450866172e+00 1.685340355657337419e+00 1.606719802167252737e+02 1.971793084534141656e+02
5.263157894736841813e-01 3.211896688427158808e-01 4.905302095623631509e-01 1.076506273417566106e+00 1.588507688719565714e+00 1.684660346560511446e+00 1.662366614272821721e+02 2.050584600483420843e+02
5.736842105263157965e-01 3.465588631603570557e-01 5.335587246847754983e-01 1.080801567435101473e+00 1.590093648720285913e+00 1.683882843269442819e+00 1.730966443782989472e+02 2.147845171985534591e+02
6.210526315789474117e-01 3.708738660354323757e-01 5.762760401918771702e-01 1.085720799568730355e+00 1.591870440967597000e+00 1.683017418505956986e+00 1.813228485102252421e+02 2.264692832199517625e+02
6.684210526315789158e-01 3.941168935680983698e-01 6.186883064986420377e-01 1.091186552890136552e+00 1.593792942724590489e+00 1.682078224387640653e+00 1.909687325487293492e+02 2.402016851332049612e+02
7.157894736842105310e-01 4.163036415739279628e-01 6.608130205116792277e-01 1.097113541284425065e+00 1.595815987882516218e+00 1.681081424469688113e+00 2.020767987764389204e+02 2.560561182213846223e+02
7.631578947368421462e-01 4.374719921105246212e-01 7.026760583758890899e-01 1.103408209360412506e+00 1.597896293774786702e+00 1.680042362383477261e+00 2.146847758076478101e+02 2.741003434877699760e+02
8.105263157894736503e-01 4.576774427940150658e-01 7.443087394342068341e-01 1.109985662448376154e+00 1.599997052428077771e+00 1.678976710297812813e+00 2.288306908163677349e+02 2.944019575216777298e+02
8.578947368421052655e-01 4.769853186372616238e-01 7.857453287978670708e-01 1.116769415319027958e+00 1.602086375383581451e+00 1.677897134531688872e+00 2.445566257580615570e+02 3.170331613048010126e+02
9.052631578947368807e-01 4.954660248061123484e-01 8.270211812858914158e-01 1.123695142871952157e+00 1.604140000114572695e+00 1.676814741360146854e+00 2.619113140044108263e+02 3.420739501057571488e+02
9.526315789473683848e-01 5.131883006912929535e-01 8.681713560260801987e-01 1.130705158783844588e+00 1.606140150312137749e+00 1.675738241478163193e+00 2.809514672359196652e+02 3.696137357954875142e+02
1.000000000000000000e+00 5.302215654353453766e-01 9.092298056146675966e-01 1.137756849384783830e+00 1.608073643215236492e+00 1.674674440229539485e+00 3.017430473338967545e+02 3.997527307650926218e+02
