1.000000000000000056e-01 6.292650783793167502e-02 9.383279687392782897e-02 1.067393454984767454e+00 1.584332895851092049e+00 1.687152234587121491e+00 1.490534836516286248e+02 1.804193941616224492e+02
1.473684210526315930e-01 9.267413860867278197e-02 1.382662049517774105e-01 1.067295843860236237e+00 1.583902238296487353e+00 1.686484246091935368e+00 1.495454189133748173e+02 1.810716566590913317e+02
1.947368421052631526e-01 1.223346202822330336e-01 1.826791130541326746e-01 1.067789483426351715e+00 1.583859595071334780e+00 1.686060478114658867e+00 1.504267360114950520e+02 1.822322416614186693e+02
2.421052631578947401e-01 1.518608573392349059e-01 2.270598718094992696e-01 1.068739517515276072e+00 1.584043641236635214e+00 1.685698908972719456e+00 1.517358620846115400e+02 1.839566026702594570e+02
2.894736842105263275e-01 1.811985027413628435e-01 2.713946876227003036e-01 1.070122733455963537e+00 1.584406301215265156e+00 1.685334113812375190e+00 1.535249927822565326e+02 1.863173118214438659e+02
3.368421052631579427e-01 2.102875896168611980e-01 3.156679649526213383e-01 1.071944059329070331e+00 1.584930553523883123e+00 1.684936420215929820e+00 1.558494281984260112e+02 1.893913505696239383e+02
3.842105263157894468e-01 2.390633948840230338e-01 3.598627693228795832e-01 1.074208395922279013e+00 1.585607911815511528e+00 1.684489909973438060e+00 1.587643784652466934e+02 1.932563688098591115e+02
4.315789473684210620e-01 2.674596173307526858e-01 4.039614444358602396e-01 1.076918535561195212e+00 1.586431671275291500e+00 1.683986136022618041e+00 1.623237758871966605e+02 1.979892615673938110e+02
4.789473684210526772e-01 2.954099067321055982e-01 4.479462690803488467e-01 1.080067551164000550e+00 1.587394149830181789e+00 1.683421609397382612e+00 1.665791451681932926e+02 2.036648481099372248e+02
5.263157894736841813e-01 3.228513777830526177e-01 4.918001639917345402e-01 1.083641624214292776e+00 1.588484844790423622e+00 1.682795770501837929e+00 1.715792384096035903e+02 2.103553921503569484e+02
5.736842105263157965e-01 3.497259166995033142e-01 5.355072674683377665e-01 1.087616970836798647e+00 1.589690780210470278e+00 1.682110842895345071e+00 1.773693532006224984e+02 2.181298115526219021e+02
6.210526315789474117e-01 3.759846646857114005e-01 5.790534084462509723e-01 1.091968074106307363e+00 1.590996550623790196e+00 1.681370970172941126e+00 1.839911595274111278e+02 2.270534483127885323e+02
6.684210526315789158e-01 4.015843213078488794e-01 6.224264465614630648e-01 1.096654848982619557e+00 1.592385281382701301e+00 1.680581964297607644e+00 1.914828374106716637e+02 2.371881704918025946e+02
7.157894736842105310e-01 4.264916782088887803e-01 6.656163259616785233e-01 1.101635923388264882e+00 1.593838856676148330e+00 1.679750344517657812e+00 1.998788844162451710e+02 2.485921800547783960e+02
7.631578947368421462e-01 4.506834756810133014e-01 7.086150639835953058e-01 1.106869325572755081e+00 1.595339175454270286e+00 1.678883392010155351e+00 2.092104767034923043e+02 2.613203681938653631e+02
8.105263157894736503e-01 4.741420579501968158e-01 7.514165586904183458e-01 1.112305549685246753e+00 1.596868600124268234e+00 1.677988601083898024e+00 2.195057260688695635e+02 2.754245907416373029e+02
8.578947368421052655e-01 4.968612600502493315e-01 7.940162941169757183e-01 1.117903789178661622e+00 1.598410709289860732e+00 1.677073323608051503e+00 2.307898101278563843e+02 2.909537827859485333e+02
9.052631578947368807e-01 5.188394978010935077e-01 8.364110254269845335e-01 1.123620224341441709e+00 1.599950722671816150e+00 1.676144545177091327e+00 2.430852802851196657e+02 3.079542500612109848e+02
9.526315789473683848e-01 5.400799846188746312e-01 8.785984341038556300e-01 1.129412521336715658e+00 1.601475915185767374e+00 1.675208858284441549e+00 2.564120746787932603e+02 3.264695938082744533e+02
1.000000000000000000e+00 5.605924589101969335e-01 9.205767879321327118e-01 1.135245229878215412e+00 1.602975152593182795e+00 1.674272372657632291e+00 2.707876594521054585e+02 3.465407899092838875e+02
