1.000000000000000056e-01 6.295642316539908079e-02 9.383914758711929538e-02 1.066444247335629036e+00 1.584126866529044664e+00 1.687219342206955242e+00 1.484192170463427658e+02 1.796128010825727586e+02
1.473684210526315930e-01 9.276301947858565933e-02 1.382846023622850695e-01 1.065973438885902347e+00 1.583621333118303998e+00 1.686674861269634063e+00 1.484416538013378215e+02 1.796573011807690534e+02
1.947368421052631526e-01 1.225362544276945992e-01 1.827195167808598752e-01 1.065869757454209088e+00 1.583419115948645262e+00 1.686380423645028381e+00 1.486242261224773529e+02 1.799168656695075015e+02
2.421052631578947401e-01 1.522415922128627086e-01 2.271333870399814825e-01 1.066013684973446507e+00 1.583379886530996261e+00 1.686168510094958162e+00 1.490114826255014009e+02 1.804570726343978322e+02
2.894736842105263275e-01 1.818326517450978563e-01 2.715114050105728039e-01 1.066416015698314013e+00 1.583470752554397842e+00 1.685976221145002008e+00 1.496704827945087004e+02 1.813720048206060369e+02
3.368421052631579427e-01 2.112475403386520345e-01 3.158345337034763611e-01 1.067107355555102277e+00 1.583689637014898732e+00 1.685771105300863937e+00 1.506778286418685866e+02 1.827683420249796313e+02
3.842105263157894468e-01 2.404121894072425991e-01 3.600800450059967184e-01 1.068131565926254467e+00 1.584044423236180110e+00 1.685531423770811221e+00 1.521142713938897941e+02 1.847585565005567503e+02
4.315789473684210620e-01 2.692414929241947474e-01 4.042225117172323912e-01 1.069527190085670876e+00 1.584546006201706270e+00 1.685243721834285946e+00 1.540608618306602864e+02 1.874560150535279774e+02
4.789473684210526772e-01 2.976468540795835227e-01 4.482352711779743482e-01 1.071335383721108592e+00 1.585202826193349290e+00 1.684896881967029136e+00 1.565960205637261424e+02 1.909711370016442800e+02
5.263157894736841813e-01 3.255376970162376926e-01 4.920920877598991550e-01 1.073578859773803629e+00 1.586018644375232434e+00 1.684484783767346450e+00 1.597926192287064282e+02 1.954077061150628936e+02
5.736842105263157965e-01 3.528305564075931988e-01 5.357689071484947885e-01 1.076273433803893731e+00 1.586991841746349108e+00 1.684004109160637253e+00 1.637160726774382908e+02 2.008603771143239669e+02
6.210526315789474117e-01 3.794497876127165270e-01 5.792454277137610852e-01 1.079413371843608971e+00 1.588114685364899747e+00 1.683454993797232957e+00 1.684233622221909172e+02 2.074133470436557047e+02
6.684210526315789158e-01 4.053359015083010664e-01 6.225061607193193014e-01 1.082986174448973493e+00 1.589373840014180139e+00 1.682840368762079875e+00 1.739624856566034907e+02 2.151396923912190005e+02
7.157894736842105310e-01 4.304438966877174866e-01 6.655410585104922783e-01 1.086962579489741954e+00 1.590751610914570069e+00 1.682165507242028735e+00 1.803732069952820609e+02 2.241022132267269455e+02
7.631578947368421462e-01 4.547438372818042307e-01 7.083455354895131784e-01 1.091300895728888554e+00 1.592227127576837820e+00 1.681437189779840580e+00 1.876880995663794067e+02 2.343547373489091683e+02
8.105263157894736503e-01 4.782246814477021379e-01 7.509200674421729893e-01 1.095961224069396112e+00 1.593778459522287694e+00 1.680663469260561538e+00 1.959340759230454125e+02 2.459440081376861542e+02
8.578947368421052655e-01 5.008857483214035344e-01 7.932694448517914054e-01 1.100892978234897956e+00 1.595383746067851938e+00 1.679852913480735177e+00 2.051338377642666728e+02 2.589115188025559746e+02
9.052631578947368807e-01 5.227394948206619540e-01 8.354019071888026948e-01 1.106049046087024257e+00 1.597021976924805964e+00 1.679014016119045438e+00 2.153073853018776447e+02 2.732953915792053863e+02
9.526315789473683848e-01 5.438079576778486190e-01 8.773282850950575584e-01 1.111384954876954545e+00 1.598673952898125306e+00 1.678154597499194267e+00 2.264734157803595167e+02 2.891320980116176429e+02
1.000000000000000000e+00 5.641187799132280078e-01 9.190611176529204229e-01 1.116857666880658240e+00 1.600322863397790396e+00 1.677281973820545780e+00 2.386501470573433892e+02 3.064575477327477415e+02
