1.000000000000000056e-01 6.291636093423401410e-02 9.383157339994920021e-02 1.068016841688429919e+00 1.584305009982143631e+00 1.686945993327170656e+00 1.494408502476427429e+02 1.808970654024260512e+02
1.473684210526315930e-01 9.266876912522362120e-02 1.382681668032590128e-01 1.067920280867089566e+00 1.583861199003676168e+00 1.686275088816712397e+00 1.499104987362713644e+02 1.815089328545486751e+02
1.947368421052631526e-01 1.223573114399510026e-01 1.826914328845608559e-01 1.068326524431172597e+00 1.583775069275100256e+00 1.685861823288266725e+00 1.506647179683619129e+02 1.824878300890885043e+02
2.421052631578947401e-01 1.519535700673215750e-01 2.270945371193808515e-01 1.069080519804458618e+00 1.583877643858276008e+00 1.685528501045616689e+00 1.517079169305371522e+02 1.838439091076854481e+02
2.894736842105263275e-01 1.814246371907819178e-01 2.714691879942668917e-01 1.070140508724148898e+00 1.584115142981896707e+00 1.685213023057321013e+00 1.530619455298489413e+02 1.856089724638273140e+02
3.368421052631579427e-01 2.107322417954187732e-01 3.158055884282947035e-01 1.071492456159445439e+00 1.584467383847774080e+00 1.684887734271997450e+00 1.547550292277607582e+02 1.878232090387811297e+02
3.842105263157894468e-01 2.398353068160628265e-01 3.600924369808321535e-01 1.073140901333352604e+00 1.584925531861497872e+00 1.684537579337560320e+00 1.568185234131161110e+02 1.905313510373827057e+02
4.315789473684210620e-01 2.686861036063658559e-01 4.043170055897792325e-01 1.075080410694621458e+00 1.585485398143756441e+00 1.684153836154872241e+00 1.592858128980033996e+02 1.937813917552169585e+02
4.789473684210526772e-01 2.972380305438001025e-01 4.484652838046550016e-01 1.077323133048087689e+00 1.586144292978221015e+00 1.683731394071612320e+00 1.621913353177095871e+02 1.976234542005585411e+02
5.263157894736841813e-01 3.254381637068374800e-01 4.925222044461467497e-01 1.079861829441912668e+00 1.586899213135371411e+00 1.683267057524850951e+00 1.655701599973892257e+02 2.021093080993635454e+02
5.736842105263157965e-01 3.532349986070721926e-01 5.364719060549706375e-01 1.082695280643631630e+00 1.587746450356415151e+00 1.682759541930317626e+00 1.694572315076480891e+02 2.072914982778787305e+02
6.210526315789474117e-01 3.805776724222926233e-01 5.802980498614348503e-01 1.085818432948540302e+00 1.588680936900677798e+00 1.682208875181224972e+00 1.738868780678375856e+02 2.132227603009124550e+02
6.684210526315789158e-01 4.074153014942917261e-01 6.239841489101515259e-01 1.089217164902001933e+00 1.589696150465779834e+00 1.681616248135593183e+00 1.788922688971199761e+02 2.199553647513903627e+02
7.157894736842105310e-01 4.336985702849580626e-01 6.675138615723863467e-01 1.092870847613730767e+00 1.590784283077571359e+00 1.680983997981807088e+00 1.845048540241251658e+02 2.275404467917319664e+02
7.631578947368421462e-01 4.593849756319374755e-01 7.108712807774801856e-01 1.096762205077686181e+00 1.591936125861930673e+00 1.680315103325112913e+00 1.907539491006039043e+02 2.360274559637944094e+02
8.105263157894736503e-01 4.844355481608483838e-01 7.540411393766455195e-01 1.100867349285919117e+00 1.593141603459141020e+00 1.679613335357146520e+00 1.976663277870804052e+02 2.454636201370017830e+02
8.578947368421052655e-01 5.088164370450309892e-01 7.970089489351696033e-01 1.105159156629930362e+00 1.594390034355217312e+00 1.678882984025621194e+00 2.052658770316646155e+02 2.558934531503049641e+02
9.052631578947368807e-01 5.324995902252221969e-01 8.397610573084886010e-01 1.109608756517639128e+00 1.595670468172756040e+00 1.678128690916900867e+00 2.135732948201298882e+02 2.673582872720850219e+02
9.526315789473683848e-01 5.554629504788889394e-01 8.822846364960585941e-01 1.114186463365499868e+00 1.596972012033952559e+00 1.677355277955917101e+00 2.226058281522049640e+02 2.798958143448052169e+02
1.000000000000000000e+00 5.776908448201797386e-01 9.245675939840899416e-01 1.118863340226583736e+00 1.598284135691077745e+00 1.676567593007890045e+00 2.323770306764211284e+02 2.935396192685971073e+02
