1.000000000000000056e-01 6.293851854043915062e-02 9.383504221604632711e-02 1.067136826940225713e+00 1.583955608452100261e+00 1.686813757867338115e+00 1.489031304069258397e+02 1.802222659660785098e+02
1.473684210526315930e-01 9.272188550706550458e-02 1.382750454302762166e-01 1.066832385635762437e+00 1.583530240767574870e+00 1.686291133921929974e+00 1.490701127841444134e+02 1.804562863728428681e+02
1.947368421052631526e-01 1.224510988319256755e-01 1.827004611047361449e-01 1.066944632782420577e+00 1.583411263258457602e+00 1.685985179159884106e+00 1.494842941718349323e+02 1.810175592809640079e+02
2.421052631578947401e-01 1.520890414020359405e-01 2.271014842658385102e-01 1.067383919437248085e+00 1.583469705859905652e+00 1.685740914801652224e+00 1.501924389084826714e+02 1.819707533416615490e+02
2.894736842105263275e-01 1.815914980106359544e-01 2.714668641607656530e-01 1.068147372090754388e+00 1.583670993712507968e+00 1.685501766258984402e+00 1.512489792315647321e+02 1.833887751209904593e+02
3.368421052631579427e-01 2.109104877801446232e-01 3.157847084151619854e-01 1.069254753035976169e+00 1.584004959984344874e+00 1.685239971017640004e+00 1.527058140996465454e+02 1.853405054983926732e+02
3.842105263157894468e-01 2.399944071100216514e-01 3.600433362711173979e-01 1.070717101078146882e+00 1.584468488312066325e+00 1.684940613065389670e+00 1.546096584532899385e+02 1.878876233701275282e+02
4.315789473684210620e-01 2.687953698110504552e-01 4.042321013254021045e-01 1.072553408332864056e+00 1.585058767452429684e+00 1.684595278333493651e+00 1.570010011287153304e+02 1.910833878010824662e+02
4.789473684210526772e-01 2.972672734139036876e-01 4.483421026026849221e-01 1.074765838472660606e+00 1.585770958833351507e+00 1.684199337046018652e+00 1.599140577754833714e+02 1.949726444652473845e+02
5.263157894736841813e-01 3.253723980503712698e-01 4.923667204698053967e-01 1.077357766452955223e+00 1.586598094567494899e+00 1.683751385643795562e+00 1.633769951449124846e+02 1.995921712952759322e+02
5.736842105263157965e-01 3.530777121419902409e-01 5.363019591335866920e-01 1.080315286218967774e+00 1.587530494400843262e+00 1.683252129478937320e+00 1.674126265129209230e+02 2.049715777827307477e+02
6.210526315789474117e-01 3.803577660155296192e-01 5.801465285505342795e-01 1.083617641220008920e+00 1.588556507940891205e+00 1.682704068209018633e+00 1.720390861926954358e+02 2.111342265815652297e+02
6.684210526315789158e-01 4.071979297669126030e-01 6.239018012437493876e-01 1.087246108782561560e+00 1.589662899969972454e+00 1.682110696724958832e+00 1.772708184663862028e+02 2.180984466902368695e+02
7.157894736842105310e-01 4.335896884554755748e-01 6.675715501676859898e-01 1.091172973993994155e+00 1.590835662721301613e+00 1.681476412775644969e+00 1.831194155274891671e+02 2.258786287835062581e+02
7.631578947368421462e-01 4.595316709456337967e-01 7.111616138876066806e-01 1.095368311925353666e+00 1.592060548799678621e+00 1.680806054929902649e+00 1.895944413516151599e+02 2.344862548014324943e+02
8.105263157894736503e-01 4.850285865597849799e-01 7.546794962891325564e-01 1.099801008522444112e+00 1.593323690655407132e+00 1.680104665997582680e+00 1.967041265998711879e+02 2.439307718531654245e+02
8.578947368421052655e-01 5.100910980491815128e-01 7.981339415810903004e-01 1.104441688537469268e+00 1.594612064552270336e+00 1.679377233422991278e+00 2.044559278257095798e+02 2.542203028526315052e+02
9.052631578947368807e-01 5.347364134098901989e-01 8.415345559746613135e-01 1.109266097246923266e+00 1.595913717194550996e+00 1.678628543415263907e+00 2.128570464768305044e+02 2.653622762978341711e+02
9.526315789473683848e-01 5.589800503548120192e-01 8.848914437268395883e-01 1.114242038355865105e+00 1.597217920467254526e+00 1.677863081824306324e+00 2.219147421837262470e+02 2.773638243488779267e+02
1.000000000000000000e+00 5.828433819840588281e-01 9.282148856339331733e-01 1.119345894525043850e+00 1.598515268334527395e+00 1.677084904582344826e+00 2.316364406196442189e+02 2.902319313307310722e+02
