1.000000000000000056e-01 6.293664821155031674e-02 9.383495016220502749e-02 1.067945716028679159e+00 1.584227611122146051e+00 1.686975445703182030e+00 1.491713275167662118e+02 1.805472725521073585e+02
1.473684210526315930e-01 9.273794444420058181e-02 1.382796434957971610e-01 1.067391351810021982e+00 1.583638741343358358e+00 1.686357116738871564e+00 1.491608377943295523e+02 1.805473902208730692e+02
1.947368421052631526e-01 1.225142360455095808e-01 1.827165534474208819e-01 1.067203076398994588e+00 1.583379905085779082e+00 1.686030958942300373e+00 1.492802118629006713e+02 1.807204538478794120e+02
2.421052631578947401e-01 1.522413600134356337e-01 2.271379411555711492e-01 1.067246127612397011e+00 1.583284715159761102e+00 1.685809597870580268e+00 1.495561671447891001e+02 1.811074090948063144e+02
2.894736842105263275e-01 1.818841413332027701e-01 2.715330439061900414e-01 1.067499070851250620e+00 1.583307373124728690e+00 1.685624462484977659e+00 1.500364465837009789e+02 1.817752714130506888e+02
3.368421052631579427e-01 2.113971479769900796e-01 3.158882616708936220e-01 1.067976934310379100e+00 1.583437660402645442e+00 1.685442168025586218e+00 1.507767732770792009e+02 1.828010663190504204e+02
3.842105263157894468e-01 2.407270812011723937e-01 3.601876239021621351e-01 1.068712367157712118e+00 1.583677469476447497e+00 1.685242416178895031e+00 1.518358172380294775e+02 1.842654929881653345e+02
4.315789473684210620e-01 2.698120763745890383e-01 4.044135411496121990e-01 1.069732729088904488e+00 1.584032840807229947e+00 1.685011535434930430e+00 1.532724078040263009e+02 1.862493187597583812e+02
4.789473684210526772e-01 2.985876386002821459e-01 4.485477682349426898e-01 1.071069845704260670e+00 1.584509486818882928e+00 1.684739403292144999e+00 1.551432224770974244e+02 1.888304126498830158e+02
5.263157894736841813e-01 3.269893696053331467e-01 4.925725424949559672e-01 1.072751815785069951e+00 1.585112034997194996e+00 1.684419673484917501e+00 1.575013441189524315e+02 1.920818240274690822e+02
5.736842105263157965e-01 3.549542636695657283e-01 5.364716622967677928e-01 1.074793946861718474e+00 1.585841293725042345e+00 1.684048038417005566e+00 1.603947670987600418e+02 1.960699398380658067e+02
6.210526315789474117e-01 3.824239789727175709e-01 5.802315267467819115e-01 1.077199672072452596e+00 1.586694417332503271e+00 1.683622545148790506e+00 1.638658887679856093e+02 2.008537801622226766e+02
6.684210526315789158e-01 4.093512596905181655e-01 6.238419018840953845e-01 1.079970501384707182e+00 1.587665136867711935e+00 1.683143577942834757e+00 1.679512795314584537e+02 2.064847264411795607e+02
7.157894736842105310e-01 4.356965872797263217e-01 6.672963980323555200e-01 1.083092495660419763e+00 1.588743653686297552e+00 1.682613099470645635e+00 1.726819908471958058e+02 2.130069148624449156e+02
7.631578947368421462e-01 4.614317751382552846e-01 7.105926270061045935e-01 1.086545417860542706e+00 1.589917478573209975e+00 1.682034454374003785e+00 1.780841396727065558e+02 2.204579811489500969e+02
8.105263157894736503e-01 4.865427046700637748e-01 7.537320881150491036e-01 1.090310136763239512e+00 1.591172583677749497e+00 1.681412194531191506e+00 1.841799551487237068e+02 2.288703609769335685e+02
8.578947368421052655e-01 5.110223971731563397e-01 7.967197894623813115e-01 1.094355990769486420e+00 1.592493971123689622e+00 1.680751509608695127e+00 1.909886609431252680e+02 2.382724205694894408e+02
9.052631578947368807e-01 5.348744285025804901e-01 8.395637373244926316e-01 1.098652914276124104e+00 1.593866440121339600e+00 1.680057923984011214e+00 1.985274974862623480e+02 2.486897360751414112e+02
9.526315789473683848e-01 5.581102672770648088e-01 8.822743477261324463e-01 1.103170101780443613e+00 1.595275148039842383e+00 1.679337011241992750e+00 2.068126332269315526e+02 2.601462336364929797e+02
1.000000000000000000e+00 5.807477803604027544e-01 9.248638572690219828e-01 1.107877436047086217e+00 1.596706171003266839e+00 1.678594202680992131e+00 2.158599514575772673e+02 2.726651612744595923e+02
