1.000000000000000056e-01 6.293798584521068107e-02 9.383592509076636723e-02 1.066455544697608060e+00 1.584054386661008174e+00 1.687036064300680982e+00 1.486703827966574920e+02 1.799385955729436830e+02
1.473684210526315930e-01 9.270348626575228290e-02 1.382747122637555948e-01 1.066417985537378543e+00 1.583715012994014071e+00 1.686490973574517049e+00 1.491004962672646172e+02 1.805010816074405966e+02
1.947368421052631526e-01 1.224060677145388382e-01 1.826998425693857897e-01 1.066830143335662839e+00 1.583677115269940039e+00 1.686145956158618509e+00 1.498074681279034621e+02 1.814221332711839523e+02
2.421052631578947401e-01 1.520151625020074171e-01 2.271039169276042602e-01 1.067568535998083545e+00 1.583806751202784024e+00 1.685856617666426027e+00 1.508041487906095597e+02 1.827227246494860822e+02
2.894736842105263275e-01 1.814963024401789471e-01 2.714778593742829260e-01 1.068612959649090088e+00 1.584063476424338868e+00 1.685572291777857723e+00 1.521183389629443923e+02 1.844425206146840139e+02
3.368421052631579427e-01 2.108083776857512803e-01 3.158108429853458410e-01 1.069957696846689288e+00 1.584432754682036260e+00 1.685269220701171466e+00 1.537833104183631008e+02 1.866285881996151943e+02
3.842105263157894468e-01 2.399043944343828560e-01 3.600902997854996124e-01 1.071603017292449556e+00 1.584909983360076158e+00 1.684934705091391649e+00 1.558352460729680047e+02 1.893323756111958289e+02
4.315789473684210620e-01 2.687350884586082733e-01 4.043020365629693136e-01 1.073560984787536698e+00 1.585493076737785723e+00 1.684560916868765634e+00 1.583121509185515947e+02 1.926084284036139991e+02
4.789473684210526772e-01 2.972454131384592024e-01 4.484304054832763398e-01 1.075832054413642824e+00 1.586180604336166144e+00 1.684143079974864010e+00 1.612529609060207179e+02 1.965133959547569020e+02
5.263157894736841813e-01 3.253798585553028255e-01 4.924585730921500759e-01 1.078420719080980916e+00 1.586970437572267079e+00 1.683678521097334846e+00 1.646968103788619828e+02 2.011051876737052453e+02
5.736842105263157965e-01 3.530821604462852092e-01 5.363688945248714646e-01 1.081326483464597699e+00 1.587859178515186320e+00 1.683166332427689316e+00 1.686825474101035240e+02 2.064423780757116447e+02
6.210526315789474117e-01 3.802946233723422664e-01 5.801432592619345519e-01 1.084537395845854846e+00 1.588841330541318486e+00 1.682606788185756042e+00 1.732478237543305966e+02 2.125831696010249914e+02
6.684210526315789158e-01 4.069641348326805130e-01 6.237635202601111706e-01 1.088043388892043328e+00 1.589909760998492461e+00 1.682001569422697518e+00 1.784286172437878690e+02 2.195847719956146591e+02
7.157894736842105310e-01 4.330376347794231973e-01 6.672118625813435733e-01 1.091820022138568991e+00 1.591055635811703839e+00 1.681353412250187196e+00 1.842586391881278018e+02 2.275026665605903133e+02
7.631578947368421462e-01 4.584710091487941841e-01 7.104711146260241916e-01 1.095848523714411327e+00 1.592268606153097732e+00 1.680665973776331201e+00 1.907687528702706174e+02 2.363898549910862243e+02
8.105263157894736503e-01 4.832218343274571337e-01 7.535249628085143314e-01 1.100096715143615622e+00 1.593537234453504370e+00 1.679943854097794009e+00 1.979865456822861631e+02 2.462962791978543180e+02
8.578947368421052655e-01 5.072582541086881891e-01 7.963581100245381572e-01 1.104538275737114494e+00 1.594849182693583334e+00 1.679191869005965065e+00 2.059360415207022470e+02 2.572683401277212738e+02
9.052631578947368807e-01 5.305532433871783526e-01 8.389562871764256746e-01 1.109140642976212732e+00 1.596192075634442320e+00 1.678415371416821067e+00 2.146373274923086001e+02 2.693483183117245403e+02
9.526315789473683848e-01 5.530866362403983327e-01 8.813062023061067896e-01 1.113870544674704366e+00 1.597553726419943310e+00 1.677619811088715718e+00 2.241063426002180563e+02 2.825739198408193147e+02
1.000000000000000000e+00 5.748446777308904299e-01 9.233954046115433467e-01 1.118694616314760193e+00 1.598922563774940686e+00 1.676810598621170767e+00 2.343546425530467729e+02 2.969777476381879637e+02
