1.000000000000000056e-01 6.294501952674720624e-02 9.383638668893859447e-02 1.068763003531678635e+00 1.585652040308540567e+00 1.688546943207072326e+00 1.490418850074539705e+02 1.803819084860733426e+02
1.473684210526315930e-01 9.273574590058680789e-02 1.382768435869364265e-01 1.067782845389849244e+00 1.584620479961016404e+00 1.687454389088692830e+00 1.490454484219103790e+02 1.804167615272373268e+02
1.947368421052631526e-01 1.224638031045524045e-01 1.826963388363995466e-01 1.067509544436445745e+00 1.584192888926537091e+00 1.686871053293119482e+00 1.493431367771356122e+02 1.808509738192910277e+02
2.421052631578947401e-01 1.520579550866591190e-01 2.270714694123343036e-01 1.067722228417665287e+00 1.584089713191179305e+00 1.686457930268527861e+00 1.500375483371306302e+02 1.818369016498016890e+02
2.894736842105263275e-01 1.814146539791199608e-01 2.713685898868652968e-01 1.068431747135220489e+00 1.584248767337617325e+00 1.686086910464796418e+00 1.512828016154256829e+02 1.835931354656347878e+02
3.368421052631579427e-01 2.103997476785151310e-01 3.155452215948743588e-01 1.069705640578779926e+00 1.584666578651301005e+00 1.685690471040468541e+00 1.532531378939565911e+02 1.863651400308492612e+02
3.842105263157894468e-01 2.388608635492470988e-01 3.595535222944288289e-01 1.071631722646571028e+00 1.585356457117901074e+00 1.685229003722465091e+00 1.561253820645638370e+02 1.904026187465840110e+02
4.315789473684210620e-01 2.666375730917190379e-01 4.033454314221591730e-01 1.074268110833779488e+00 1.586325975331762006e+00 1.684677138755332981e+00 1.600653736663491600e+02 1.959418202608146089e+02
4.789473684210526772e-01 2.935838968378813862e-01 4.468784129915231440e-01 1.077651167975594459e+00 1.587570685758953548e+00 1.684023154516453236e+00 1.652177535255217151e+02 2.031922311696044119e+02
5.263157894736841813e-01 3.195785666576038131e-01 4.901204051638646253e-01 1.081768688061683248e+00 1.589069337108038438e+00 1.683265297866532340e+00 1.717008267134620496e+02 2.123298050416798617e+02
5.736842105263157965e-01 3.445369276939715397e-01 5.330527756579238607e-01 1.086572265668879878e+00 1.590786307678253131e+00 1.682410273034999904e+00 1.796062177107086484e+02 2.234964295825225520e+02
6.210526315789474117e-01 3.684145046964677483e-01 5.756709361020707627e-01 1.091987236426095409e+00 1.592676983732210783e+00 1.681471106004696514e+00 1.890030117602190103e+02 2.368050813975022493e+02
6.684210526315789158e-01 3.912042690096594888e-01 6.179829217114551909e-01 1.097922568233866913e+00 1.594692396763028430e+00 1.680463896869212714e+00 1.999440213824460102e+02 2.523477517999473889e+02
7.157894736842105310e-01 4.129270341497334740e-01 6.600067449521286322e-01 1.104275649096539968e+00 1.596784295469209747e+00 1.679405933549280361e+00 2.124724082622542483e+02 2.702038737850119787e+02
7.631578947368421462e-01 4.336266749812996979e-01 7.017673936677396584e-01 1.110950372974097711e+00 1.598910469453153071e+00 1.678314201887549872e+00 2.266276322964494057e+02 2.904478941037177719e+02
8.105263157894736503e-01 4.533613973738003233e-01 7.432941346433226126e-01 1.117858713072394261e+00 1.601034686523129302e+00 1.677203564870729746e+00 2.424502756126341012e+02 3.131553423827055553e+02
8.578947368421052655e-01 4.721967535331349497e-01 7.846182236423284717e-01 1.124922965118023699e+00 1.603128051054713232e+00 1.676086742529172779e+00 2.599850127628095606e+02 3.384066915399480422e+02
9.052631578947368807e-01 4.902008267306599554e-01 8.257713167566935741e-01 1.132077103053280576e+00 1.605168351156383899e+00 1.674974324591745445e+00 2.792827626514338704e+02 3.662900404582611600e+02
9.526315789473683848e-01 5.074408673778938450e-01 8.667843733789596383e-01 1.139266575774826151e+00 1.607139680100387880e+00 1.673874529686123047e+00 3.004018742118427667e+02 3.969025968329022476e+02
1.000000000000000000e+00 5.239826539481277079e-01 9.076870126241921577e-01 1.146449482626326066e+00 1.609031622766663228e+00 1.672793734852944025e+00 3.234089096994312627e+02 4.303515818430517470e+02
