1.000000000000000056e-01 6.290186390953235451e-02 9.382686707920918912e-02 1.068507522792210729e+00 1.585032679780080667e+00 1.687670312712958420e+00 1.495552904866258643e+02 1.810623349838285492e+02
1.473684210526315930e-01 9.258223117371698618e-02 1.382443812832357677e-01 1.068627639735505674e+00 1.584528018483301492e+00 1.686715875933859632e+00 1.505359793383948954e+02 1.823610448884314792e+02
1.947368421052631526e-01 1.220957852639964203e-01 1.826231271561050695e-01 1.069726844755142681e+00 1.584606898350151560e+00 1.686069405363813223e+00 1.522600871982031379e+02 1.846310460321331561e+02
2.421052631578947401e-01 1.513617288468159794e-01 2.269445698321397031e-01 1.071626790362609105e+00 1.585045627226040921e+00 1.685480982524356408e+00 1.548018285340038176e+02 1.879750059130795705e+02
2.894736842105263275e-01 1.802961048749934792e-01 2.711900742073869441e-01 1.074275601130971536e+00 1.585767958134860045e+00 1.684864658037772411e+00 1.582396630772810795e+02 1.924995885134701723e+02
3.368421052631579427e-01 2.088182718229964763e-01 3.153424717852176817e-01 1.077642083628032488e+00 1.586732892713789589e+00 1.684185399317334575e+00 1.626442008226510438e+02 1.983012229050928568e+02
3.842105263157894468e-01 2.368575677727182416e-01 3.593873484655358275e-01 1.081695644197895767e+00 1.587907529413502550e+00 1.683430126182116737e+00 1.680762410557764497e+02 2.054639699546785323e+02
4.315789473684210620e-01 2.643529861967168770e-01 4.033139609134179793e-01 1.086380525444933909e+00 1.589259318988851533e+00 1.682597310585145722e+00 1.745877386088024537e+02 2.140607751683973845e+02
4.789473684210526772e-01 2.912586738423133537e-01 4.471156098765711739e-01 1.091634693599748296e+00 1.590754215207079936e+00 1.681691620429484058e+00 1.822231229754167146e+02 2.241552141774749884e+02
5.263157894736841813e-01 3.175436679363969894e-01 4.907896188181230523e-01 1.097388865852774398e+00 1.592358008664801705e+00 1.680721659542265156e+00 1.910213243239998349e+02 2.358039632733035376e+02
5.736842105263157965e-01 3.431888727254329141e-01 5.343369254833701953e-01 1.103563765055302959e+00 1.594037655374645368e+00 1.679698033002341440e+00 2.010175989789497919e+02 2.490590666854934909e+02
6.210526315789474117e-01 3.681888412111787301e-01 5.777614337647284382e-01 1.110085347507914433e+00 1.595762409290412798e+00 1.678631952104622460e+00 2.122450583222188243e+02 2.639698512648375868e+02
6.684210526315789158e-01 3.925484879595920740e-01 6.210692985706024460e-01 1.116883055149922033e+00 1.597504862743553522e+00 1.677534402458737084e+00 2.247360618151871279e+02 2.805846356501871242e+02
7.157894736842105310e-01 4.162797468318056304e-01 6.642682175531468003e-01 1.123889274076444122e+00 1.599241553417032780e+00 1.676415666332840226e+00 2.385231871491924380e+02 2.989519282261262560e+02
7.631578947368421462e-01 4.393997165159301277e-01 7.073667999400202744e-01 1.131041770247542599e+00 1.600953506740154797e+00 1.675285519209728458e+00 2.536399402158740202e+02 3.191213091067732535e+02
8.105263157894736503e-01 4.619317875855133426e-01 7.503740354180664651e-01 1.138290548957403114e+00 1.602624865707749313e+00 1.674151521515686580e+00 2.701210421726475488e+02 3.411438048868181454e+02
8.578947368421052655e-01 4.839015724096992210e-01 7.932989001831128872e-01 1.145591531747189418e+00 1.604243922090688557e+00 1.673020753590824139e+00 2.880028112586313682e+02 3.650723639569006309e+02
9.052631578947368807e-01 5.053329098542395093e-01 8.361500802080367167e-01 1.152901485533391002e+00 1.605801595784977387e+00 1.671898975698992151e+00 3.073233305406066620e+02 3.909620623453951112e+02
9.526315789473683848e-01 5.262524486314558159e-01 8.789357679404014023e-01 1.160188422623685378e+00 1.607292131807635194e+00 1.670790996360240310e+00 3.281222229759138145e+02 4.188698457540298250e+02
1.000000000000000000e+00 5.466862527308724573e-01 9.216635416771929989e-01 1.167425257563709184e+00 1.608711829065277987e+00 1.669700401373294785e+00 3.504406602390854459e+02 4.488545594080671890e+02
