1.000000000000000056e-01 6.292351882410843200e-02 9.383130925802944666e-02 1.067910068114666489e+00 1.584413610629045177e+00 1.687151750032336972e+00 1.492304323642854058e+02 1.806402725921237220e+02
1.473684210526315930e-01 9.266513730055640774e-02 1.382606353908542862e-01 1.067703452834051214e+00 1.583923781155807120e+00 1.686441404380533804e+00 1.496742288524830826e+02 1.812451642926999966e+02
1.947368421052631526e-01 1.222954791146158432e-01 1.826605673532373797e-01 1.068179736461273510e+00 1.583877960514885386e+00 1.685990743686157645e+00 1.506084600775882052e+02 1.825003256812694019e+02
2.421052631578947401e-01 1.517418470569065481e-01 2.270122970446998290e-01 1.069238544492641330e+00 1.584115228440290624e+00 1.685594409744400890e+00 1.521316052570268198e+02 1.845409603936838892e+02
2.894736842105263275e-01 1.809211599799094572e-01 2.712946222633148552e-01 1.070891106151236727e+00 1.584593016293120105e+00 1.685176287981050125e+00 1.543479387519802799e+02 1.875082422725638196e+02
3.368421052631579427e-01 2.097450972399176883e-01 3.154857517179752713e-01 1.073160494473107240e+00 1.585295942138374548e+00 1.684700572014600439e+00 1.573545639261390079e+02 1.915337431590780000e+02
3.842105263157894468e-01 2.381272538279114448e-01 3.595651812783235424e-01 1.076061577265824409e+00 1.586212661079125175e+00 1.684149956635949241e+00 1.612374465352134507e+02 1.967347366175978891e+02
4.315789473684210620e-01 2.659886864860208644e-01 4.035154373770019620e-01 1.079590031020094987e+00 1.587327772962096040e+00 1.683517351373725601e+00 1.660705358391203674e+02 2.032131559529235574e+02
4.789473684210526772e-01 2.932609153982591033e-01 4.473233680706105719e-01 1.083714663533369871e+00 1.588620387275663903e+00 1.682802894402330773e+00 1.719161148989833521e+02 2.110561067247742812e+02
5.263157894736841813e-01 3.198940912658422286e-01 4.909808718466264210e-01 1.088399386118565682e+00 1.590064476960455497e+00 1.682011524480274023e+00 1.788262511761997757e+02 2.203376865859651730e+02
5.736842105263157965e-01 3.458521199196277762e-01 5.344850259329929631e-01 1.093584833159574554e+00 1.591630641374119692e+00 1.681151330683460010e+00 1.868448973947870968e+02 2.311215947398327444e+02
6.210526315789474117e-01 3.711163838185808084e-01 5.778376735299041167e-01 1.099208424736002332e+00 1.593288346817765655e+00 1.680232448450921456e+00 1.960099894855538309e+02 2.434637693779860683e+02
6.684210526315789158e-01 3.956842478840358890e-01 6.210446918474208378e-01 1.105207539691301255e+00 1.595007667838729715e+00 1.679265757363796796e+00 2.063556660603613864e+02 2.574151270792104356e+02
7.157894736842105310e-01 4.195615313392446755e-01 6.641150897501383321e-01 1.111510509902396970e+00 1.596760993612261315e+00 1.678262269381205263e+00 2.179141895390229990e+02 2.730239332707407129e+02
7.631578947368421462e-01 4.427658634948063998e-01 7.070600584821719048e-01 1.118055312544699031e+00 1.598523751988874864e+00 1.677232380746442875e+00 2.307173090254093779e+02 2.903375100390676948e+02
8.105263157894736503e-01 4.653209946532795294e-01 7.498921373543585567e-01 1.124783014081519372e+00 1.600274939596736834e+00 1.676185475854179652e+00 2.447974531083076215e+02 3.094036923189469803e+02
8.578947368421052655e-01 4.872555676110451039e-01 7.926245035870238542e-01 1.131641366802459414e+00 1.601996615931394530e+00 1.675130073991777824e+00 2.601884832605023234e+02 3.302717559872296533e+02
9.052631578947368807e-01 5.086011629012187063e-01 8.352704087049198645e-01 1.138584829201111592e+00 1.603675551953917866e+00 1.674073151398341563e+00 2.769261514793778360e+02 3.529929891901006158e+02
9.526315789473683848e-01 5.293905518554580247e-01 8.778427859883155548e-01 1.145573891054871840e+00 1.605301443232482139e+00 1.673020734027458989e+00 2.950483730956950126e+02 3.776210065858930989e+02
1.000000000000000000e+00 5.496559235337287186e-01 9.203539613642744976e-01 1.152573638453908256e+00 1.606866849069887859e+00 1.671977853588437091e+00 3.145953312328493325e+02 4.042118857849861229e+02
