1.000000000000000056e-01 6.296285876096247014e-02 9.383949622480343422e-02 1.065533936258627357e+00 1.584713572161838169e+00 1.688114099907057408e+00 1.478512729970926785e+02 1.789237916687286827e+02
1.473684210526315930e-01 9.271004768913525262e-02 1.382690244748401021e-01 1.065301920321296336e+00 1.584221924814656735e+00 1.687375142131559258e+00 1.483516388168513345e+02 1.796104749070070454e+02
1.947368421052631526e-01 1.223228790077724865e-01 1.826628706778929967e-01 1.065885217833345999e+00 1.584220995636947293e+00 1.686896471360407990e+00 1.494467774592920648e+02 1.810852831690706921e+02
2.421052631578947401e-01 1.517151805282165311e-01 2.269989089241651881e-01 1.067171266554023612e+00 1.584541340785671437e+00 1.686459974134053130e+00 1.512511813169431036e+02 1.835053145450250156e+02
2.894736842105263275e-01 1.807900927511802425e-01 2.712535011201792079e-01 1.069164532716999183e+00 1.585138479168659575e+00 1.685986211442743743e+00 1.538845642298762186e+02 1.870315824679935872e+02
3.368421052631579427e-01 2.094501739012907537e-01 3.154041959924627769e-01 1.071881852277209113e+00 1.585992809165679640e+00 1.685439217470615869e+00 1.574535128082063125e+02 1.918070648343194478e+02
3.842105263157894468e-01 2.376078084594398232e-01 3.594322262162945592e-01 1.075332621999168570e+00 1.587085260222975025e+00 1.684803934293246597e+00 1.620472776495883807e+02 1.979517863740252892e+02
4.315789473684210620e-01 2.651873641305622642e-01 4.033243632484948549e-01 1.079486027020622130e+00 1.588390475170515126e+00 1.684076281380618267e+00 1.677378372456186639e+02 2.055631159716116940e+02
4.789473684210526772e-01 2.921349724277159110e-01 4.470739214264456418e-01 1.084300644069666975e+00 1.589876815171311408e+00 1.683260539795666366e+00 1.745822407607025184e+02 2.147187734617820070e+02
5.263157894736841813e-01 3.184151366866965205e-01 4.906808234416991099e-01 1.089707589686307321e+00 1.591508247690534006e+00 1.682365580337668032e+00 1.826258279475086397e+02 2.254809293803310766e+02
5.736842105263157965e-01 3.440127831553792537e-01 5.341509116752082287e-01 1.095630384340803953e+00 1.593246927298098914e+00 1.681402947003856951e+00 1.919057767757719262e+02 2.379006818084712904e+02
6.210526315789474117e-01 3.689311490915346270e-01 5.774948333270806256e-01 1.101991466103690476e+00 1.595056314843254608e+00 1.680385596297502726e+00 2.024544821660903722e+02 2.520222393611134351e+02
6.684210526315789158e-01 3.931865570037587077e-01 6.207267150786833776e-01 1.108711187862489345e+00 1.596902682937057394e+00 1.679326179642088190e+00 2.143022863372056861e+02 2.678863209189224222e+02
7.157894736842105310e-01 4.168037955643773551e-01 6.638628764538592186e-01 1.115710591130608442e+00 1.598757020245710425e+00 1.678236915897281856e+00 2.274793989166670087e+02 2.855325309746660878e+02
7.631578947368421462e-01 4.398178807480369046e-01 7.069207007628813821e-01 1.122925378075256830e+00 1.600594445765583629e+00 1.677128435921174443e+00 2.420174445048196219e+02 3.050012840066976878e+02
8.105263157894736503e-01 4.622666552005059715e-01 7.499177715081011275e-01 1.130295322242816036e+00 1.602394088096915858e+00 1.676010457923317487e+00 2.579501511576267490e+02 3.263346107344129337e+02
8.578947368421052655e-01 4.841900802009794225e-01 7.928712145588935334e-01 1.137768202544292562e+00 1.604141658917769941e+00 1.674890457628043894e+00 2.753138418916009300e+02 3.495767570773404032e+02
9.052631578947368807e-01 5.056280785111807452e-01 8.357972476225163927e-01 1.145298611445964898e+00 1.605825497616862219e+00 1.673774928888572378e+00 2.941475532965613979e+02 3.747743218761585240e+02
9.526315789473683848e-01 5.266213831092341202e-01 8.787108879360694402e-01 1.152851119409168401e+00 1.607437971437909008e+00 1.672669274173371967e+00 3.144928218513716729e+02 4.019759963351276610e+02
1.000000000000000000e+00 5.472090861883122104e-01 9.216258262633661991e-01 1.160395763184336460e+00 1.608973836402023627e+00 1.671577660548613675e+00 3.363936341352144836e+02 4.312324691524081004e+02
