1.000000000000000056e-01 6.298495457763851613e-02 9.384548855174074111e-02 1.064862614987989176e+00 1.584227882473379090e+00 1.687750252100772563e+00 1.475150575895767133e+02 1.784825336559880782e+02
1.473684210526315930e-01 9.281310859507665989e-02 1.382963258115933458e-01 1.064306484442695711e+00 1.583710460629862204e+00 1.687228123588317752e+00 1.474607509297779870e+02 1.784249960116133025e+02
1.947368421052631526e-01 1.226245123147210597e-01 1.827411879484180379e-01 1.064087861684328562e+00 1.583476961090745094e+00 1.686959990020700406e+00 1.475084058390243342e+02 1.785029638359593207e+02
2.421052631578947401e-01 1.523965283917438629e-01 2.271725853669391837e-01 1.064056003158007746e+00 1.583380598840013587e+00 1.686783003641169731e+00 1.476759871289851276e+02 1.787475531931235366e+02
2.894736842105263275e-01 1.820950759962583487e-01 2.715791230044309335e-01 1.064194956933141478e+00 1.583384389555964056e+00 1.686637511526839939e+00 1.480101790063165197e+02 1.792260791327393008e+02
3.368421052631579427e-01 2.116733152471148571e-01 3.159454958401659574e-01 1.064528430852811791e+00 1.583484044255627943e+00 1.686493346056655573e+00 1.485709674754295406e+02 1.800228823968139693e+02
3.842105263157894468e-01 2.410726796143926043e-01 3.602530160313369145e-01 1.065096569586387876e+00 1.583686509237221429e+00 1.686330492483620436e+00 1.494253395166979033e+02 1.812311161981768066e+02
4.315789473684210620e-01 2.702230992126729570e-01 4.044806563688171375e-01 1.065936137579204468e+00 1.584003924606863567e+00 1.686135286055497895e+00 1.506429683068961651e+02 1.829469796133290629e+02
4.789473684210526772e-01 2.990502850985349292e-01 4.486065399999658032e-01 1.067091573190533715e+00 1.584447415724659969e+00 1.685896575949568543e+00 1.522924859040827812e+02 1.852647308308481513e+02
5.263157894736841813e-01 3.274784252385208316e-01 4.926096876563949567e-01 1.068599766993499678e+00 1.585026039864148473e+00 1.685606633670513332e+00 1.544385208396234930e+02 1.882727567313148427e+02
5.736842105263157965e-01 3.554335801885721291e-01 5.364717954065375549e-01 1.070482106679126577e+00 1.585744101554504848e+00 1.685260128069788310e+00 1.571393119749614016e+02 1.920504653400821553e+02
6.210526315789474117e-01 3.828537617459497056e-01 5.801788032625848635e-01 1.072759504723411972e+00 1.586601264140874656e+00 1.684854731755017765e+00 1.604453644845927442e+02 1.966665488877937662e+02
6.684210526315789158e-01 4.096863942479294085e-01 6.237220367025723133e-01 1.075432207245594629e+00 1.587591707632759030e+00 1.684390246013403258e+00 1.643991481540762152e+02 2.021786109678006653e+02
7.157894736842105310e-01 4.358947067000977782e-01 6.670987796547246385e-01 1.078493489351817658e+00 1.588705594993816694e+00 1.683869034859087899e+00 1.690354431600988221e+02 2.086336648160665845e+02
7.631578947368421462e-01 4.614568488292535853e-01 7.103122996553800084e-01 1.081925085296926436e+00 1.589928179361467686e+00 1.683294563496070095e+00 1.743825021063448446e+02 2.160696460809068356e+02
8.105263157894736503e-01 4.863684582000110113e-01 7.533714200929455540e-01 1.085708098960213253e+00 1.591243920024883129e+00 1.682672130991341719e+00 1.804636470739263530e+02 2.245174442071650844e+02
8.578947368421052655e-01 5.106341090164381313e-01 7.962897235955861408e-01 1.089808979832641800e+00 1.592635303206419106e+00 1.682007947193557840e+00 1.872987885506702241e+02 2.340028517932069292e+02
9.052631578947368807e-01 5.342726959988298718e-01 8.390845718247166296e-01 1.094198077952902803e+00 1.594084643965480552e+00 1.681308182293940190e+00 1.949059664787309600e+02 2.445485137356960763e+02
9.526315789473683848e-01 5.573104810822880895e-01 8.817761173733424940e-01 1.098841796076577504e+00 1.595574886487434618e+00 1.680578910872897902e+00 2.033027132568483353e+02 2.561755931997720950e+02
1.000000000000000000e+00 5.797809309721777549e-01 9.243863521948568751e-01 1.103708929502235092e+00 1.597090651980217046e+00 1.679826264603203168e+00 2.125071391056062566e+02 2.689050803107301135e+02
