1.000000000000000056e-01 6.293338930701428136e-02 9.383458974031995414e-02 1.067599504759940476e+00 1.585110960373572242e+00 1.688056103530920504e+00 1.488898765178014685e+02 1.802119942979460916e+02
1.473684210526315930e-01 9.267983461457918182e-02 1.382686271016555779e-01 1.067301440985057637e+00 1.584454476330773742e+00 1.687139071180511429e+00 1.494062180943795397e+02 1.808954603400415806e+02
1.947368421052631526e-01 1.223384475994758191e-01 1.826825320366685657e-01 1.067733613325320130e+00 1.584307046914493089e+00 1.686586213210975016e+00 1.503299150223733420e+02 1.821075580293255598e+02
2.421052631578947401e-01 1.518633520852093743e-01 2.270649005984882729e-01 1.068672178498894398e+00 1.584432509529763999e+00 1.686143969908728169e+00 1.516823755613817468e+02 1.838832791282100345e+02
2.894736842105263275e-01 1.812004183713877559e-01 2.714018594797524275e-01 1.070059950700919194e+00 1.584757760184412057e+00 1.685723648253453444e+00 1.535092458822429933e+02 1.862878085010811162e+02
3.368421052631579427e-01 2.102889306920621981e-01 3.156771958212470364e-01 1.071887685311377236e+00 1.585255034509208238e+00 1.685285031564946578e+00 1.558638909570979934e+02 1.893968023880314320e+02
3.842105263157894468e-01 2.390625188276966628e-01 3.598726442741875808e-01 1.074157256207084021e+00 1.585911360688539329e+00 1.684806864669420756e+00 1.588026578786329992e+02 1.932908023128427715e+02
4.315789473684210620e-01 2.674504637935332108e-01 4.039683786202848959e-01 1.076868332031958531e+00 1.586718912283245908e+00 1.684277947559485344e+00 1.623828936395110816e+02 1.980528698162247281e+02
4.789473684210526772e-01 2.953819789393754558e-01 4.479435609881623481e-01 1.080020508200313145e+00 1.587669249630950574e+00 1.683692113542622604e+00 1.666611232603818564e+02 2.037665115556225714e+02
5.263157894736841813e-01 3.227857100319207473e-01 4.917770677131841905e-01 1.083598797392967494e+00 1.588752525279291783e+00 1.683047472806813660e+00 1.716921623412942211e+02 2.105145548712888512e+02
5.736842105263157965e-01 3.495945174166664171e-01 5.354481597205712484e-01 1.087581900179686034e+00 1.589956251442392832e+00 1.682345006064841275e+00 1.775279554392639625e+02 2.183777644751268951e+02
6.210526315789474117e-01 3.757454875402206351e-01 5.789370812641005948e-01 1.091935574443145818e+00 1.591265570431805054e+00 1.681588228610637614e+00 1.842167390401301077e+02 2.274338146131531460e+02
6.684210526315789158e-01 4.011869073147854015e-01 6.222255504424194505e-01 1.096627757236513512e+00 1.592663310811450517e+00 1.680782178535618510e+00 1.918024456109173173e+02 2.377564873561948104e+02
7.157894736842105310e-01 4.258741430495290303e-01 6.652970384053406017e-01 1.101614667180067286e+00 1.594131103879409039e+00 1.679933379666566085e+00 2.003242531199344114e+02 2.494150539344596780e+02
7.631578947368421462e-01 4.497720878656515375e-01 7.081368751180687759e-01 1.106848511877137398e+00 1.595650032298363552e+00 1.679049162341353263e+00 2.098163155965080193e+02 2.624738168812271510e+02
8.105263157894736503e-01 4.728544181437544514e-01 7.507321676872287242e-01 1.112277989328250616e+00 1.597201448503141830e+00 1.678137255274217754e+00 2.203075385038592913e+02 2.769916743335225533e+02
8.578947368421052655e-01 4.951095787841247042e-01 7.930715551431585242e-01 1.117863277818738954e+00 1.598767891738708702e+00 1.677205686108153682e+00 2.318214197021151506e+02 2.930217351497806817e+02
9.052631578947368807e-01 5.165269270805447066e-01 8.351449631494736181e-01 1.123550286305643020e+00 1.600333090927461788e+00 1.676261797639378104e+00 2.443761118470103781e+02 3.106110444022932029e+02
9.526315789473683848e-01 5.371070194244618179e-01 8.769431732814106928e-01 1.129295967199740680e+00 1.601882311265861114e+00 1.675312868218067797e+00 2.579840729905375269e+02 3.297998612334969266e+02
1.000000000000000000e+00 5.568560097677451859e-01 9.184574742296210959e-01 1.135059676585642219e+00 1.603403322695122091e+00 1.674365233978851952e+00 2.726519141684993883e+02 3.506209846630574702e+02
