1.000000000000000056e-01 6.293544983637200385e-02 9.383419469451333150e-02 1.068152777584734592e+00 1.585484136398828792e+00 1.688417013723190641e+00 1.489552526178351002e+02 1.802914783769647613e+02
1.473684210526315930e-01 9.268302161956892826e-02 1.382663685775322449e-01 1.067624952231412738e+00 1.584665535570616512e+00 1.687367902686053966e+00 1.493796180858499838e+02 1.808682650668572194e+02
1.947368421052631526e-01 1.223321394263359868e-01 1.826739849955329731e-01 1.067937438966874319e+00 1.584445968205141941e+00 1.686751513190273499e+00 1.502712167863965362e+02 1.820559390712320749e+02
2.421052631578947401e-01 1.518243015251992123e-01 2.270424886422079402e-01 1.068844882575440414e+00 1.584552983771490009e+00 1.686266194356196291e+00 1.516763149485109352e+02 1.839221605576713614e+02
2.894736842105263275e-01 1.810937870128591642e-01 2.713551782797286593e-01 1.070301341272039464e+00 1.584903232373203075e+00 1.685805461299536123e+00 1.536617369785986682e+02 1.865591814937953927e+02
3.368421052631579427e-01 2.100680560202445590e-01 3.155940610770383015e-01 1.072294985991768757e+00 1.585463832571315512e+00 1.685321562562543729e+00 1.562959380874987687e+02 1.900612796855328384e+02
3.842105263157894468e-01 2.386737929137494052e-01 3.597408786934295222e-01 1.074827318510879648e+00 1.586216616073979901e+00 1.684790080735012907e+00 1.596442014606455757e+02 1.945190116796323707e+02
4.315789473684210620e-01 2.668389523000521679e-01 4.037781349719067880e-01 1.077890381343427073e+00 1.587146820307138384e+00 1.684199009024679228e+00 1.637666475468144540e+02 2.000168868816006693e+02
4.789473684210526772e-01 2.944986092624046758e-01 4.476900894189359548e-01 1.081472791785458076e+00 1.588238473604339340e+00 1.683543745694203730e+00 1.687177777344356002e+02 2.066327908407328948e+02
5.263157894736841813e-01 3.215943131289905610e-01 4.914634875995672059e-01 1.085544362534043961e+00 1.589472878315145055e+00 1.682824480480310969e+00 1.745462221414123007e+02 2.144377469603877273e+02
5.736842105263157965e-01 3.480790374767860351e-01 5.350880780190288011e-01 1.090069065732777842e+00 1.590828848439451937e+00 1.682044843876604689e+00 1.812952813446942173e+02 2.234965440317419620e+02
6.210526315789474117e-01 3.739147084872831428e-01 5.785568018997133688e-01 1.094996267892113906e+00 1.592283631675017963e+00 1.681210825823206356e+00 1.890036227777447095e+02 2.338685942773713293e+02
6.684210526315789158e-01 3.990771510283355750e-01 6.218657063206095570e-01 1.100278055367268415e+00 1.593814023842943906e+00 1.680329987726164376e+00 1.977060760812338742e+02 2.456089093248282609e+02
7.157894736842105310e-01 4.235510299892221164e-01 6.650136330420065578e-01 1.105858978501073731e+00 1.595397134988766563e+00 1.679410601650970447e+00 2.074345409099143467e+02 2.587692234919955467e+02
7.631578947368421462e-01 4.473324688158447082e-01 7.080017823840001334e-01 1.111688186228602993e+00 1.597011246205072066e+00 1.678461030661273723e+00 2.182188387010795623e+02 2.733990328092509117e+02
8.105263157894736503e-01 4.704243537192041025e-01 7.508332174622779354e-01 1.117713483849449130e+00 1.598636930417855151e+00 1.677489508474894420e+00 2.300874566753278145e+02 2.895464998633259484e+02
8.578947368421052655e-01 4.928360705922398277e-01 7.935123542201255598e-01 1.123886032791316270e+00 1.600257270173328861e+00 1.676503711631112115e+00 2.430681311212456990e+02 3.072591764097267060e+02
9.052631578947368807e-01 5.145808625801816527e-01 8.360445052986323899e-01 1.130159099869908479e+00 1.601857465335716935e+00 1.675510728945213579e+00 2.571882899296519440e+02 3.265845385183495750e+02
9.526315789473683848e-01 5.356790417980519248e-01 8.784354693651810209e-01 1.136497074254263939e+00 1.603426626955613221e+00 1.674516766473515217e+00 2.724752363404923017e+02 3.475702212749961859e+02
1.000000000000000000e+00 5.561500193291314398e-01 9.206912169100786025e-01 1.142862593029429386e+00 1.604954862893747558e+00 1.673527050100718006e+00 2.889565321111007847e+02 3.702644854631464000e+02
