1.000000000000000056e-01 6.288254454967551199e-02 9.382475449343670448e-02 1.070431723869334384e+00 1.586230403971938596e+00 1.688613670449844673e+00 1.502890814469641896e+02 1.819677292084162161e+02
1.473684210526315930e-01 9.255126092491483547e-02 1.382442663612173939e-01 1.070343718851264558e+00 1.585367813287554384e+00 1.687233558307286607e+00 1.513925670021982626e+02 1.834077144250377103e+02
1.947368421052631526e-01 1.220699779402680402e-01 1.826318090204095135e-01 1.071358687453900060e+00 1.585253413251495491e+00 1.686367838210044878e+00 1.531720941475360860e+02 1.857226083071892617e+02
2.421052631578947401e-01 1.513728327036868992e-01 2.269716863775964322e-01 1.073147372088778972e+00 1.585539233540108173e+00 1.685654866449293854e+00 1.556504289841116417e+02 1.889523898896711387e+02
2.894736842105263275e-01 1.803856304793987897e-01 2.712459471115917786e-01 1.075599700472189335e+00 1.586109752160842046e+00 1.684971236228047786e+00 1.588833013263514999e+02 1.931782239504450160e+02
3.368421052631579427e-01 2.090321817762443579e-01 3.154349613895112703e-01 1.078679303420305047e+00 1.586912661951115799e+00 1.684263986937486246e+00 1.629361330825702225e+02 1.984945542489379591e+02
3.842105263157894468e-01 2.372324880242772660e-01 3.595181397907805110e-01 1.082348589620028889e+00 1.587916332313799916e+00 1.683508722750460596e+00 1.678771663730145463e+02 2.050009511058950125e+02
4.315789473684210620e-01 2.649100716707856740e-01 4.034747715594764195e-01 1.086577308581356816e+00 1.589095260088603023e+00 1.682694969017400011e+00 1.737744816238371186e+02 2.127985440044711538e+02
4.789473684210526772e-01 2.919915630902548687e-01 4.472848339914450855e-01 1.091320263413274594e+00 1.590424813474382137e+00 1.681820244834670630e+00 1.806942480204628509e+02 2.219879468903316990e+02
5.263157894736841813e-01 3.184135676810406212e-01 4.909296614103806911e-01 1.096532937507681993e+00 1.591879593260185244e+00 1.680887222322194008e+00 1.886994079237781250e+02 2.326677061353204863e+02
5.736842105263157965e-01 3.441194154985518505e-01 5.343924671308203367e-01 1.102153766023648895e+00 1.593433685982463599e+00 1.679902176467381159e+00 1.978492068821790042e+02 2.449336756727317379e+02
6.210526315789474117e-01 3.690646485955114131e-01 5.776585424054172524e-01 1.108121062216466779e+00 1.595060603399095500e+00 1.678873121525089607e+00 2.081983948724372908e+02 2.588780802824479679e+02
6.684210526315789158e-01 3.932155633157435326e-01 6.207153045109364831e-01 1.114369588098753194e+00 1.596734837399894635e+00 1.677809436378000507e+00 2.197971758292983679e+02 2.745893429322111956e+02
7.157894736842105310e-01 4.165488606869371391e-01 6.635520962276977297e-01 1.120833339111829030e+00 1.598432483507401969e+00 1.676720894153739927e+00 2.326909828848323514e+02 2.921517338581294894e+02
7.631578947368421462e-01 4.390519354485140080e-01 7.061598623100021621e-01 1.127450504106456641e+00 1.600131943276977609e+00 1.675617093364232479e+00 2.469203214170463241e+02 3.116450316750886600e+02
8.105263157894736503e-01 4.607181903653523314e-01 7.485307552868936121e-01 1.134157755916135768e+00 1.601813836340201913e+00 1.674507552201871086e+00 2.625205883322142313e+02 3.331440871452456918e+02
8.578947368421052655e-01 4.815513913715707139e-01 7.906576941647033285e-01 1.140903553665032044e+00 1.603463181422922990e+00 1.673400056054121787e+00 2.795217462006206688e+02 3.567181622930234539e+02
9.052631578947368807e-01 5.015599699250352650e-01 8.325339693893166748e-01 1.147639539657440588e+00 1.605067126436041880e+00 1.672302201247868547e+00 2.979479465344472828e+02 3.824300751013188915e+02
9.526315789473683848e-01 5.207566715195488527e-01 8.741528731366265959e-01 1.154322981720679708e+00 1.606616101247858364e+00 1.671220099760186262e+00 3.178170418062954354e+02 4.103351137309548449e+02
1.000000000000000000e+00 5.391576118751487678e-01 9.155073875976920128e-01 1.160917148969017543e+00 1.608102497891892302e+00 1.670158965416633778e+00 3.391399687405498184e+02 4.404796439711089988e+02
