1.000000000000000056e-01 6.293837184772374527e-02 9.383526439490409710e-02 1.068215260111614606e+00 1.584583378792436825e+00 1.687353705909224511e+00 1.491694864844487256e+02 1.805431787038569382e+02
1.473684210526315930e-01 9.273932859566230702e-02 1.382797046948642805e-01 1.067539586971343102e+00 1.583876701515596785e+00 1.686616707872946375e+00 1.491454379923739566e+02 1.805282319821631063e+02
1.947368421052631526e-01 1.225123186381888857e-01 1.827149517985419691e-01 1.067302484324513134e+00 1.583562836922687289e+00 1.686230050737121511e+00 1.492696779355281649e+02 1.807115722765120438e+02
2.421052631578947401e-01 1.522261295015150118e-01 2.271311467700536935e-01 1.067329387699113674e+00 1.583443320117891240e+00 1.685969095733283130e+00 1.495766997857831200e+02 1.811464245558813104e+02
2.894736842105263275e-01 1.818366630514292315e-01 2.715141384756447618e-01 1.067604924572155944e+00 1.583465437017137711e+00 1.685751778500095277e+00 1.501288152463449705e+02 1.819209614705478373e+02
3.368421052631579427e-01 2.112854485676450011e-01 3.158456532485374169e-01 1.068153686381603906e+00 1.583618610584323294e+00 1.685536986201294551e+00 1.510000281172750647e+02 1.831383516951486001e+02
3.842105263157894468e-01 2.405012171431381296e-01 3.601039768200480218e-01 1.069014007877488792e+00 1.583907528344285387e+00 1.685299972372393595e+00 1.522694050853050385e+02 1.849082962247308615e+02
4.315789473684210620e-01 2.694040101261370168e-01 4.042651239238994609e-01 1.070229708601269980e+00 1.584340524018725826e+00 1.685023276886019383e+00 1.540164847445257692e+02 1.873410933246726131e+02
4.789473684210526772e-01 2.979088962435343380e-01 4.483044359643262866e-01 1.071838707683188119e+00 1.584925589381480870e+00 1.684694901724840266e+00 1.563178373488919419e+02 1.905431264206231674e+02
5.263157894736841813e-01 3.259294580026669830e-01 4.921983774461665129e-01 1.073862991730345051e+00 1.585667214447126439e+00 1.684307161564229771e+00 1.592441123245522476e+02 1.946130578036623433e+02
5.736842105263157965e-01 3.533902760740620930e-01 5.359263492924813965e-01 1.076329507060617363e+00 1.586564248316008285e+00 1.683855651657996777e+00 1.628582125202557052e+02 1.996394184219988404e+02
6.210526315789474117e-01 3.802220361168293095e-01 5.794721587741848978e-01 1.079234931931537966e+00 1.587610170435082901e+00 1.683339565142466077e+00 1.672142142175804338e+02 2.056992574074954518e+02
6.684210526315789158e-01 4.063711519576029829e-01 6.228250552010620167e-01 1.082568208606834670e+00 1.588792970901403701e+00 1.682760835071108518e+00 1.723574268362786768e+02 2.128581837178923024e+02
7.157894736842105310e-01 4.318011255130423387e-01 6.659801738216845068e-01 1.086308803148440028e+00 1.590096114933504001e+00 1.682123580571968757e+00 1.783252689756118059e+02 2.211714724317876346e+02
7.631578947368421462e-01 4.564883740238972476e-01 7.089384102954383593e-01 1.090419552183241381e+00 1.591500529850200518e+00 1.681433855777566544e+00 1.851485903632510599e+02 2.306857561290674425e+02
8.105263157894736503e-01 4.804287156999917374e-01 7.517058905459710338e-01 1.094867229359624883e+00 1.592985724696092564e+00 1.680698758708688567e+00 1.928535111187025279e+02 2.414413268800425101e+02
8.578947368421052655e-01 5.036268784979592850e-01 7.942930896680215902e-01 1.099605752363419953e+00 1.594530611575996515e+00 1.679925933299398322e+00 2.014629320368042045e+02 2.534740912714300407e+02
9.052631578947368807e-01 5.261012785278816883e-01 8.367139370041434265e-01 1.104594541234140914e+00 1.596115066202446808e+00 1.679122885519691577e+00 2.109983649200693492e+02 2.668178091277123940e+02
9.526315789473683848e-01 5.478778662425067836e-01 8.789848342213619770e-01 1.109792826776941022e+00 1.597720927595120965e+00 1.678296895567233715e+00 2.214811661313318325e+02 2.815056633432946569e+02
1.000000000000000000e+00 5.689881196732713420e-01 9.211237762818876851e-01 1.115161776952389605e+00 1.599332355212842671e+00 1.677454740491183482e+00 2.329335656341202139e+02 2.975715447942843070e+02
