1.000000000000000056e-01 6.295020117577816710e-02 9.383738433727382977e-02 1.066072293582306152e+00 1.583948769557047775e+00 1.687053527175354617e+00 1.483775044974567550e+02 1.795727959690143791e+02
1.473684210526315930e-01 9.272627262095023415e-02 1.382753504545529422e-01 1.065889504234599050e+00 1.583593936515011791e+00 1.686556387101154630e+00 1.486562299218743988e+02 1.799546027079805981e+02
1.947368421052631526e-01 1.224286075176722749e-01 1.826938893655239149e-01 1.066181773705365154e+00 1.583549379953581582e+00 1.686245069558349075e+00 1.492622100452533971e+02 1.807693885477773676e+02
2.421052631578947401e-01 1.520088000473039380e-01 2.270807698719094214e-01 1.066871155422292050e+00 1.583699960300715803e+00 1.685974324468787477e+00 1.502575048782909732e+02 1.821018496047400390e+02
2.894736842105263275e-01 1.814130443510558466e-01 2.714223586626600127e-01 1.067973265646245284e+00 1.584016436868014965e+00 1.685690104440217940e+00 1.517083754210690074e+02 1.840404753255470780e+02
3.368421052631579427e-01 2.105819804466317891e-01 3.157046912330164767e-01 1.069503121567308757e+00 1.584490028804839801e+00 1.685366763657521361e+00 1.536758972726350407e+02 1.866663466322290788e+02
3.842105263157894468e-01 2.394560885473907830e-01 3.599145472629931009e-01 1.071474448890643805e+00 1.585115914804432258e+00 1.684990723305987537e+00 1.562135211459014101e+02 1.900502855757115412e+02
4.315789473684210620e-01 2.679810566448586617e-01 4.040404572057730292e-01 1.073899255898860261e+00 1.585888130871516477e+00 1.684555039343877070e+00 1.593666674728077055e+02 1.942524141120023273e+02
4.789473684210526772e-01 2.961060457954433622e-01 4.480734579965137132e-01 1.076766527452600153e+00 1.586797388870648140e+00 1.684057265833013517e+00 1.631728486832812166e+02 1.993224380513042320e+02
5.263157894736841813e-01 3.237935793312654575e-01 4.920076348312296122e-01 1.080073003763612594e+00 1.587831538001364562e+00 1.683498503708200866e+00 1.676626276392309478e+02 2.053008527106769634e+02
5.736842105263157965e-01 3.510111024616410780e-01 5.358403081179688998e-01 1.083788289290906537e+00 1.588975163064942242e+00 1.682881788386943134e+00 1.728605484470429872e+02 2.122201935441184730e+02
6.210526315789474117e-01 3.777380907188480075e-01 5.795719982398916947e-01 1.087882178427757474e+00 1.590211032358717747e+00 1.682211909732822086e+00 1.787864427242772081e+02 2.201066606289802223e+02
6.684210526315789158e-01 4.039645715598949582e-01 6.232061411123649419e-01 1.092321414492002374e+00 1.591521132509449155e+00 1.681494742133486930e+00 1.854566137124116665e+02 2.289816218161032282e+02
7.157894736842105310e-01 4.296879533567039000e-01 6.667486583197630434e-01 1.097065998119571173e+00 1.592887221732492087e+00 1.680736667960597952e+00 1.928849520496443404e+02 2.388630139236379932e+02
7.631578947368421462e-01 4.549115173848231608e-01 7.102074557843129909e-01 1.102071935811976378e+00 1.594292028512191317e+00 1.679944491387347139e+00 2.010838658952727371e+02 2.497664996666118498e+02
8.105263157894736503e-01 4.796492912517398843e-01 7.535918791779574466e-01 1.107305922934917364e+00 1.595719084852735836e+00 1.679124383306260127e+00 2.100650754965238605e+02 2.617064799637651618e+02
8.578947368421052655e-01 5.039175078799418284e-01 7.969122433174374853e-01 1.112730198290778239e+00 1.597154016021412382e+00 1.678282477303049580e+00 2.198401887337778362e+02 2.746967838684096819e+02
9.052631578947368807e-01 5.277363064913912494e-01 8.401793893700457705e-01 1.118310196519844313e+00 1.598584206239486827e+00 1.677424354385951721e+00 2.304211376322156752e+02 2.887512169937555768e+02
9.526315789473683848e-01 5.511283255964759542e-01 8.834043212546075496e-01 1.124014272567573469e+00 1.599998774704973092e+00 1.676555009446711209e+00 2.418204424117809310e+02 3.038838868403646529e+02
1.000000000000000000e+00 5.741171323411781158e-01 9.265979152293755128e-01 1.129812799281310287e+00 1.601388554079948179e+00 1.675679089238711894e+00 2.540513796280598342e+02 3.201094105437751409e+02
