1.000000000000000056e-01 6.297166232068612812e-02 9.384214903230643501e-02 1.065449753361283225e+00 1.584285382616908766e+00 1.687658012967632626e+00 1.478436047166382821e+02 1.788987985078887277e+02
1.473684210526315930e-01 9.277275348170127556e-02 1.382851447283542923e-01 1.064999764264678239e+00 1.583784832382367558e+00 1.687086830211176780e+00 1.479389267174620102e+02 1.790459172112696251e+02
1.947368421052631526e-01 1.225136465075908898e-01 1.827095050360650064e-01 1.065023384524571348e+00 1.583629651257316029e+00 1.686761778778346210e+00 1.483026003075434573e+02 1.795552366594731666e+02
2.421052631578947401e-01 1.521376245414541861e-01 2.270985437265642948e-01 1.065421991731221985e+00 1.583684055576329408e+00 1.686503373031279507e+00 1.490206622492052873e+02 1.805483665087304246e+02
2.894736842105263275e-01 1.815709888829578900e-01 2.714310033344592976e-01 1.066222970637044298e+00 1.583923010764491490e+00 1.686242151091131181e+00 1.502001974540727645e+02 1.821721245002719343e+02
3.368421052631579427e-01 2.107283033125200711e-01 3.156827880511657858e-01 1.067487396505828467e+00 1.584347979486906421e+00 1.685941388586263523e+00 1.519506012200202179e+02 1.845751592336348779e+02
3.842105263157894468e-01 2.395170071661360534e-01 3.598292809475417409e-01 1.069266991846556936e+00 1.584966774395287104e+00 1.685579726873548401e+00 1.543750708083473455e+02 1.878971518672450145e+02
4.315789473684210620e-01 2.678446409038010567e-01 4.038479135641190321e-01 1.071594799209736548e+00 1.585782008302961010e+00 1.685144043307566841e+00 1.575657479590783510e+02 1.922626217973785856e+02
4.789473684210526772e-01 2.956295261426877818e-01 4.477205370635894965e-01 1.074493349157747746e+00 1.586790095379201126e+00 1.684628497955244386e+00 1.616010797405749599e+02 1.977776142700461435e+02
5.263157894736841813e-01 3.228045598724876841e-01 4.914352004588623535e-01 1.077960737509963574e+00 1.587977975065201219e+00 1.684032249983784313e+00 1.665454569560748439e+02 2.045292886119152058e+02
5.736842105263157965e-01 3.493200775470652331e-01 5.349870790837408796e-01 1.081970825023892191e+00 1.589326302425873028e+00 1.683358853128634758e+00 1.724503837787262626e+02 2.125874619432205463e+02
6.210526315789474117e-01 3.751484437379312142e-01 5.783785288282616843e-01 1.086487967326528636e+00 1.590809881087909883e+00 1.682615547288886848e+00 1.793567786921406082e+02 2.220075560800406436e+02
6.684210526315789158e-01 4.002801181172446210e-01 6.216184315854846876e-01 1.091461847887258862e+00 1.592400559802925386e+00 1.681811004728404502e+00 1.872979944595810480e+02 2.328343963706460897e+02
7.157894736842105310e-01 4.247227014981984072e-01 6.647210236956024865e-01 1.096836938889943935e+00 1.594069650553952000e+00 1.680955092470269419e+00 1.963025657849950960e+02 2.451056929577155188e+02
7.631578947368421462e-01 4.484970933702077112e-01 7.077045380586465262e-01 1.102555051179922918e+00 1.595790023434739524e+00 1.680058071006962139e+00 2.063967639331761745e+02 2.588552173176469751e+02
8.105263157894736503e-01 4.716366428179961656e-01 7.505898525356992090e-01 1.108564204851270052e+00 1.597536583813997879e+00 1.679129564598875968e+00 2.176066400967961840e+02 2.741153137570063905e+02
8.578947368421052655e-01 4.941773756467145451e-01 7.933992775380331874e-01 1.114806755522323112e+00 1.599287629077015271e+00 1.678178636086915310e+00 2.299595388574362005e+02 2.909187358753317767e+02
9.052631578947368807e-01 5.161650967212648711e-01 8.361555476605823101e-01 1.121240584370658100e+00 1.601024581117203915e+00 1.677212828885726426e+00 2.434849273501089613e+02 3.092996217945908484e+02
9.526315789473683848e-01 5.376435524604566973e-01 8.788810591355549207e-01 1.127820350110191550e+00 1.602731567060075690e+00 1.676239250265011416e+00 2.582149994779414328e+02 3.292941622405815565e+02
1.000000000000000000e+00 5.586587699978416977e-01 9.215972925422443174e-01 1.134509555547588366e+00 1.604396648441730910e+00 1.675263525658808650e+00 2.741849346639123155e+02 3.509408651537818855e+02
