1.000000000000000056e-01 6.240498346893512405e-02 9.377512648247463001e-02 1.086166113235910391e+00 1.589824162078844472e+00 1.687069166758264682e+00 1.634887291986127309e+02 1.983909188113157143e+02
1.473684210526315930e-01 9.149254260620168222e-02 1.381442855336612319e-01 1.091232136624109783e+00 1.589629732618132341e+00 1.684066178334212793e+00 1.713063494332865275e+02 2.081931290019117000e+02
1.947368421052631526e-01 1.201960865046238641e-01 1.824688567619655033e-01 1.097790595887068177e+00 1.590408612534438326e+00 1.681817897949382967e+00 1.805983922985539607e+02 2.198660396864559061e+02
2.421052631578947401e-01 1.484732544336462845e-01 2.267416687688511290e-01 1.105172841350804624e+00 1.591596633699419616e+00 1.679840080964748017e+00 1.912804166273239730e+02 2.333150302852294260e+02
2.894736842105263275e-01 1.762909850156942904e-01 2.709567161834782190e-01 1.113079764796425897e+00 1.592981165480316541e+00 1.677981966388772950e+00 2.033432483163013273e+02 2.485380893446124730e+02
3.368421052631579427e-01 2.036230551448036941e-01 3.151090211672525343e-01 1.121328159325285512e+00 1.594457159461071694e+00 1.676187521775414080e+00 2.168080769366555955e+02 2.655712497066427886e+02
3.842105263157894468e-01 2.304524031702575304e-01 3.591944521894456788e-01 1.129801638289497756e+00 1.595963746139802186e+00 1.674435362142327355e+00 2.317110876607809757e+02 2.844699503066469788e+02
4.315789473684210620e-01 2.567649834748217397e-01 4.032096085657561613e-01 1.138400988583142537e+00 1.597462641310469333e+00 1.672717940919312696e+00 2.480984104280763916e+02 3.053027867050138866e+02
4.789473684210526772e-01 2.825536378488731626e-01 4.471516066277653190e-01 1.147056183476354185e+00 1.598928691415222092e+00 1.671033939734451135e+00 2.660217766062955889e+02 3.281463879643101222e+02
5.263157894736841813e-01 3.078128485140355641e-01 4.910179964872492531e-01 1.155703893673558635e+00 1.600345006555165872e+00 1.669384671638294737e+00 2.855378466321004680e+02 3.530845005185203149e+02
5.736842105263157965e-01 3.325410532378152428e-01 5.348065846076400787e-01 1.164295864135503011e+00 1.601700613807685025e+00 1.667772459043502575e+00 3.067061944255106596e+02 3.802056897587748381e+02
6.210526315789474117e-01 3.567394584822595749e-01 5.785153169389682937e-01 1.172793912503731217e+00 1.602988372265057526e+00 1.666199804118652317e+00 3.295885927325015814e+02 4.096025331998233696e+02
6.684210526315789158e-01 3.804109768979789807e-01 6.221422065273408686e-01 1.181166914287184566e+00 1.604204852769779643e+00 1.664668905736895299e+00 3.542485676567736164e+02 4.413710954903860966e+02
7.157894736842105310e-01 4.035595655254377023e-01 6.656852697168023081e-01 1.189389340600054412e+00 1.605348754505299125e+00 1.663181614576616063e+00 3.807509677788831937e+02 4.756104431561432193e+02
7.631578947368421462e-01 4.261901621284199249e-01 7.091424589979030690e-01 1.197441068995719560e+00 1.606420294477348021e+00 1.661739323165677629e+00 4.091614198848461683e+02 5.124220560207999142e+02
8.105263157894736503e-01 4.483086401673147536e-01 7.525116162287680543e-01 1.205306958812346618e+00 1.607420668171843703e+00 1.660343053013811465e+00 4.395458126028935908e+02 5.519092514610240414e+02
8.578947368421052655e-01 4.699219794220305113e-01 7.957904247057969727e-01 1.212976647406094788e+00 1.608352294873587329e+00 1.658993312106107343e+00 4.719697011042411532e+02 5.941765296443215902e+02
9.052631578947368807e-01 4.910372278042169913e-01 8.389764153920413747e-01 1.220442307520195113e+00 1.609218249335399475e+00 1.657690276727330270e+00 5.064983065038651944e+02 6.393295514727032014e+02
9.526315789473683848e-01 5.116610040545962468e-01 8.820669586648430816e-01 1.227697771547477501e+00 1.610021835870848683e+00 1.656433796985838258e+00 5.431963265735161031e+02 6.874749190168664654e+02
1.000000000000000000e+00 5.318018604679298766e-01 9.250591744353944268e-01 1.234741736027546555e+00 1.610766319502888955e+00 1.655223500400911485e+00 5.821262364191395591e+02 7.387182497566260508e+02
