1.000000000000000056e-01 6.298696018679293684e-02 9.384571085822950021e-02 1.063960801237245679e+00 1.583686954488022547e+00 1.687288684317600707e+00 1.472794720530468169e+02 1.781961242112202228e+02
1.473684210526315930e-01 9.280673758479116020e-02 1.382939711997514254e-01 1.063672714101919325e+00 1.583390815663341833e+00 1.686955057318032303e+00 1.473271196126148652e+02 1.782722630273519258e+02
1.947368421052631526e-01 1.225913040042463376e-01 1.827316693145056847e-01 1.063670590831143681e+00 1.583299156175539624e+00 1.686765870601652395e+00 1.475347204788082820e+02 1.785628554241577035e+02
2.421052631578947401e-01 1.523096330513130647e-01 2.271493843924135281e-01 1.063896857282403241e+00 1.583330253753013395e+00 1.686616204532825680e+00 1.479459631899555063e+02 1.791304437946803318e+02
2.894736842105263275e-01 1.819191462792611180e-01 2.715348312072797254e-01 1.064361051585004381e+00 1.583467723309084807e+00 1.686464075428915965e+00 1.486199910315888246e+02 1.800562445793323718e+02
3.368421052631579427e-01 2.113687431540178796e-01 3.158734351745575153e-01 1.065097665660084569e+00 1.583715287976092068e+00 1.686288554299986142e+00 1.496195858809046513e+02 1.814256080070329915e+02
3.842105263157894468e-01 2.405997707078495751e-01 3.601492060533703632e-01 1.066141740704090957e+00 1.584080139463337478e+00 1.686075516567102195e+00 1.510068241290449862e+02 1.833225013712532530e+02
4.315789473684210620e-01 2.695502785606534446e-01 4.043457938464699031e-01 1.067526374961218050e+00 1.584569949554329948e+00 1.685815403755887232e+00 1.528402487373948304e+02 1.858259324576533800e+02
4.789473684210526772e-01 2.981578176067448127e-01 4.484476640734248454e-01 1.069276706590465364e+00 1.585189057520075329e+00 1.685501709663313141e+00 1.551733795755749838e+02 1.890080126747530471e+02
5.263157894736841813e-01 3.263636483474762762e-01 4.924411831535513429e-01 1.071410433097342629e+00 1.585938148734689079e+00 1.685131032887357660e+00 1.580534025577209434e+02 1.929323607184815046e+02
5.736842105263157965e-01 3.541162055591456359e-01 5.363156057398040799e-01 1.073935726764549292e+00 1.586814247475881068e+00 1.684701681314939359e+00 1.615210530410077752e+02 1.976539036709733637e+02
6.210526315789474117e-01 3.813721119940338689e-01 5.800636910274091784e-01 1.076848997359272531e+00 1.587809357413348499e+00 1.684214888060322712e+00 1.656104892573522704e+02 2.032188179141996898e+02
6.684210526315789158e-01 4.080985094724313145e-01 6.236820783155642145e-01 1.080137227546045020e+00 1.588912898581434474e+00 1.683673320457019340e+00 1.703500619888085339e+02 2.096654753270456126e+02
7.157894736842105310e-01 4.342731351109888061e-01 6.671713104363578006e-01 1.083778392904528820e+00 1.590111083712578033e+00 1.683080744319300770e+00 1.757632301415046925e+02 2.170256134508021830e+02
7.631578947368421462e-01 4.598857355201826369e-01 7.105355786559509612e-01 1.087748034469793401e+00 1.591388710127206396e+00 1.682442139798654424e+00 1.818696140613589876e+02 2.253256730749889414e+02
8.105263157894736503e-01 4.849325759478257392e-01 7.537822347722301641e-01 1.092010853141851312e+00 1.592730272336383424e+00 1.681763552080785207e+00 1.886860088961178121e+02 2.345881061569606629e+02
8.578947368421052655e-01 5.094227202517883635e-01 7.969212820190413327e-01 1.096538522120924508e+00 1.594119739521600465e+00 1.681050652942903234e+00 1.962276023587926090e+02 2.448328357999980085e+02
9.052631578947368807e-01 5.333709966763340304e-01 8.399647010738842123e-01 1.101298957708353621e+00 1.595541913408688117e+00 1.680309255266969615e+00 2.045086932799615340e+02 2.560782054488784638e+02
9.526315789473683848e-01 5.567972792314972441e-01 8.829258761629449337e-01 1.106259589585282255e+00 1.596982766455085301e+00 1.679544739203431947e+00 2.135434681216357831e+02 2.683419111706597846e+02
1.000000000000000000e+00 5.797257378959498331e-01 9.258190523688433204e-01 1.111390224228022028e+00 1.598429300686222021e+00 1.678762615882651632e+00 2.233465504716562577e+02 2.816416695186985066e+02
