1.000000000000000056e-01 6.288834602858055234e-02 9.383688675334317386e-02 1.066249001757529458e+00 1.584319508239762087e+00 1.686962242097145959e+00 1.495745459727154127e+02 1.810526292709629104e+02
1.473684210526315930e-01 9.256519251500365530e-02 1.382726125576126674e-01 1.067430908078248919e+00 1.584356828772022441e+00 1.686326701142115470e+00 1.511637387364851861e+02 1.830475671492229992e+02
1.947368421052631526e-01 1.221407697174820978e-01 1.826945764607909861e-01 1.069050090748036919e+00 1.584633103620098904e+00 1.685822564627492914e+00 1.530701955767534912e+02 1.854460456737899392e+02
2.421052631578947401e-01 1.515938461959994155e-01 2.270982805808357263e-01 1.070972785667115845e+00 1.585037601200856461e+00 1.685348666459622002e+00 1.552737252664424261e+02 1.882261754666408535e+02
2.894736842105263275e-01 1.809019795421912546e-01 2.714787189923690280e-01 1.073150614928756186e+00 1.585532480971337588e+00 1.684872096399125718e+00 1.577756400176432123e+02 1.913923711490894561e+02
3.368421052631579427e-01 2.100405405031157968e-01 3.158303967764382048e-01 1.075555467684838673e+00 1.586100956672473750e+00 1.684379599069872002e+00 1.605852088377291977e+02 1.949589964796287802e+02
3.842105263157894468e-01 2.389854632937617462e-01 3.601473534660741271e-01 1.078177720523532779e+00 1.586733540573637358e+00 1.683864912846782413e+00 1.637155674874648810e+02 1.989454463081233371e+02
4.315789473684210620e-01 2.677098737785579274e-01 4.044232014492470384e-01 1.081002123907490953e+00 1.587424241052854512e+00 1.683325497400056658e+00 1.671821465319782760e+02 2.033742627037080979e+02
4.789473684210526772e-01 2.961879744380302992e-01 4.486512081332812429e-01 1.084022157706120204e+00 1.588167988770569306e+00 1.682760039477626535e+00 1.710019851987814832e+02 2.082702782572617934e+02
5.263157894736841813e-01 3.243925904756178036e-01 4.928243343428442835e-01 1.087227215399546143e+00 1.588960421781763666e+00 1.682168505291745886e+00 1.751931154066668057e+02 2.136599307327257691e+02
5.736842105263157965e-01 3.522976363237508846e-01 5.369352981428822114e-01 1.090609834045464188e+00 1.589797186670415696e+00 1.681551462000685060e+00 1.797741773254499265e+02 2.195708162941763533e+02
6.210526315789474117e-01 3.798776285187906443e-01 5.809766707484259607e-01 1.094162096146393148e+00 1.590674193586682161e+00 1.680910275726236192e+00 1.847644218158651768e+02 2.260316789914436413e+02
6.684210526315789158e-01 4.071063021957477268e-01 6.249409256074276442e-01 1.097870796433881191e+00 1.591586723191145580e+00 1.680246193006446065e+00 1.901832515010139559e+02 2.330718978675517690e+02
7.157894736842105310e-01 4.339589956655506842e-01 6.688205134175457811e-01 1.101724097279490389e+00 1.592530188891424059e+00 1.679561065700865718e+00 1.960502137492160273e+02 2.407214832120489518e+02
7.631578947368421462e-01 4.604133580879552490e-01 7.126079104962370625e-01 1.105711623783751207e+00 1.593499777984632715e+00 1.678856925728525962e+00 2.023847110386874704e+02 2.490107489673384293e+02
8.105263157894736503e-01 4.864459984152904037e-01 7.562956900202462140e-01 1.109816730113849292e+00 1.594490678862729105e+00 1.678135959493754159e+00 2.092060643315334971e+02 2.579703798007431033e+02
8.578947368421052655e-01 5.120363473940799937e-01 7.998765363999040812e-01 1.114025232111536035e+00 1.595498130148760962e+00 1.677400601302601268e+00 2.165331638205777836e+02 2.676310385912286733e+02
9.052631578947368807e-01 5.371666989327458230e-01 8.433432682375142653e-01 1.118324372189228422e+00 1.596517232781501372e+00 1.676653176106862597e+00 2.243843219953596986e+02 2.780231927324314256e+02
9.526315789473683848e-01 5.618203053317043505e-01 8.866888701573185649e-01 1.122699286086980885e+00 1.597543320655811172e+00 1.675896133486601824e+00 2.327772901699581780e+02 2.891771172379375230e+02
1.000000000000000000e+00 5.859825457960988748e-01 9.299064800010327092e-01 1.127135383039189920e+00 1.598571909989314088e+00 1.675131924905889580e+00 2.417290576670353346e+02 3.011226578624564922e+02
