1.000000000000000056e-01 6.291699964523031485e-02 9.383656181219880710e-02 1.065486334688148462e+00 1.584001103269246036e+00 1.686968101518712349e+00 1.487660256891632855e+02 1.800629883114975200e+02
1.473684210526315930e-01 9.262768492870276926e-02 1.382718019015205246e-01 1.066282797597960075e+00 1.583980620678796969e+00 1.686447393622202195e+00 1.499268861989058621e+02 1.815343159871454191e+02
1.947368421052631526e-01 1.222449964173241282e-01 1.826920732888784871e-01 1.067524964344593874e+00 1.584196699073954662e+00 1.686038848382058086e+00 1.514277029621372890e+02 1.834394296328441101e+02
2.421052631578947401e-01 1.517440545517377004e-01 2.270921059362410177e-01 1.069102079017262508e+00 1.584548949531259021e+00 1.685648844859505502e+00 1.532544073289875541e+02 1.857639650056894141e+02
2.894736842105263275e-01 1.810974694856425371e-01 2.714660606953882560e-01 1.070967513423171535e+00 1.585003207115550872e+00 1.685247037502735967e+00 1.554108976158151734e+02 1.885156815960137635e+02
3.368421052631579427e-01 2.102778035613590280e-01 3.158075413966630607e-01 1.073104793270598822e+00 1.585543611196054581e+00 1.684820658079579037e+00 1.579079005435141312e+02 1.917110184403300934e+02
3.842105263157894468e-01 2.392548909607835894e-01 3.601096527834673489e-01 1.075496126081912696e+00 1.586161347192355686e+00 1.684364116556538171e+00 1.607598778221012310e+02 1.953713267417239763e+02
4.315789473684210620e-01 2.679989087733260500e-01 4.043650749459812843e-01 1.078132953644658443e+00 1.586850191636065999e+00 1.683874936471750239e+00 1.639834235699624969e+02 1.995209316267459201e+02
4.789473684210526772e-01 2.964790069949986839e-01 4.485661574617976766e-01 1.081004461473856537e+00 1.587604808570278525e+00 1.683352244369201722e+00 1.675966294624872148e+02 2.041863661173265712e+02
5.263157894736841813e-01 3.246650461620539940e-01 4.927049983197900884e-01 1.084102078762394061e+00 1.588420101768324599e+00 1.682796296238775469e+00 1.716184127004272000e+02 2.093955964346231724e+02
5.736842105263157965e-01 3.525279420694971133e-01 5.367735742350093764e-01 1.087417657500657997e+00 1.589291059782714344e+00 1.682208252258438952e+00 1.760683938452601183e+02 2.151778496613095797e+02
6.210526315789474117e-01 3.800377927322676763e-01 5.807638169849298482e-01 1.090936346292778358e+00 1.590212125604872018e+00 1.681589559017995672e+00 1.809664372774197432e+02 2.215631040321221690e+02
6.684210526315789158e-01 4.071672392244338745e-01 6.246677230208261822e-01 1.094646019158555417e+00 1.591177598849990771e+00 1.680942238840743119e+00 1.863325262837066703e+02 2.285819315079640717e+02
7.157894736842105310e-01 4.338890476926565154e-01 6.684774415063596820e-01 1.098529538411679995e+00 1.592181515283318971e+00 1.680268631733563556e+00 1.921866320329594942e+02 2.362653481236672519e+02
7.631578947368421462e-01 4.601796016353361662e-01 7.121853309746554173e-01 1.102572975921827680e+00 1.593217719811658828e+00 1.679571345460470155e+00 1.985484080238597073e+02 2.446444652129242456e+02
8.105263157894736503e-01 4.860142603367779146e-01 7.557840408508023078e-01 1.106754801665979171e+00 1.594280169781014944e+00 1.678853350113520326e+00 2.054372395443357675e+02 2.537505277290830179e+02
8.578947368421052655e-01 5.113753471512723081e-01 7.992664797313057123e-01 1.111062584282177745e+00 1.595362437092356478e+00 1.678117394446737798e+00 2.128718191784047633e+02 2.636144641695984205e+02
9.052631578947368807e-01 5.362447937080234706e-01 8.426258997057144429e-01 1.115477535876274517e+00 1.596458480482047193e+00 1.677366521612731587e+00 2.208703230960231281e+02 2.742670323640130050e+02
9.526315789473683848e-01 5.606074564824619078e-01 8.858558633738311539e-01 1.119981745316191546e+00 1.597562429364821845e+00 1.676603742151992149e+00 2.294501781881625959e+02 2.857385609574916430e+02
1.000000000000000000e+00 5.844504543394126728e-01 9.289502268699292298e-01 1.124557157310741573e+00 1.598668706036058484e+00 1.675832018698280468e+00 2.386279803204198515e+02 2.980588378378106427e+02
