1.000000000000000056e-01 6.298358151675649552e-02 9.384514028302654021e-02 1.064626384728200481e+00 1.583973058608082685e+00 1.687487782871718522e+00 1.474991925408477016e+02 1.784653003830351565e+02
1.473684210526315930e-01 9.280975155684827171e-02 1.382953771816385624e-01 1.064182090961169003e+00 1.583547908965430961e+00 1.687050487368492391e+00 1.474729630233062210e+02 1.784434028199887337e+02
1.947368421052631526e-01 1.226156251591728613e-01 1.827388223283050173e-01 1.064029912750415585e+00 1.583365309561418188e+00 1.686821614309681472e+00 1.475532448322144319e+02 1.785641558598928214e+02
2.421052631578947401e-01 1.523771183793676265e-01 2.271676040230687088e-01 1.064058187388185805e+00 1.583306369739508446e+00 1.686664134603692355e+00 1.477661664802429868e+02 1.788686102503224902e+02
2.894736842105263275e-01 1.820588822776197380e-01 2.715699564502432328e-01 1.064266046142495092e+00 1.583343790063955980e+00 1.686527228298910108e+00 1.481619899101701776e+02 1.794284518590549737e+02
3.368421052631579427e-01 2.116124295287496460e-01 3.159301014463137824e-01 1.064681956220949965e+00 1.583477049206994280e+00 1.686384193270412224e+00 1.488025436588976902e+02 1.803304600689063193e+02
3.842105263157894468e-01 2.409751543789790673e-01 3.602285458629417847e-01 1.065338999230729833e+00 1.583714672537337664e+00 1.686216686228692696e+00 1.497560235498853274e+02 1.816698529769912511e+02
4.315789473684210620e-01 2.700760960188083870e-01 4.044428643459130335e-01 1.066284739724009611e+00 1.584069983126525472e+00 1.686012342353301330e+00 1.510933763411386792e+02 1.835455104530061590e+02
4.789473684210526772e-01 2.988348012200969794e-01 4.485488965928221550e-01 1.067556756263340789e+00 1.584553902831260741e+00 1.685760018516742065e+00 1.528852145801740789e+02 1.860559148335444490e+02
5.263157894736841813e-01 3.271690914823772722e-01 4.925222826905553131e-01 1.069191124932546755e+00 1.585176565564012874e+00 1.685453188390491963e+00 1.551988801283849000e+02 1.892953098348622234e+02
5.736842105263157965e-01 3.549979592086870417e-01 5.363401750545996327e-01 1.071211857994804229e+00 1.585941872524623486e+00 1.685086181564150465e+00 1.580963595140107429e+02 1.933509346385012293e+02
6.210526315789474117e-01 3.822470830190790037e-01 5.799828395969520711e-01 1.073631535581948793e+00 1.586849237917068001e+00 1.684656742785093808e+00 1.616325292707193739e+02 1.983007765864023781e+02
6.684210526315789158e-01 4.088542872498140412e-01 6.234349841063304698e-01 1.076454243533722543e+00 1.587893187712291709e+00 1.684165307722890415e+00 1.658544511224947087e+02 2.042126406288685416e+02
7.157894736842105310e-01 4.347704683745244325e-01 6.666866529104666927e-01 1.079669459495557371e+00 1.589062648634052888e+00 1.683614273992145804e+00 1.708015723789139031e+02 2.111443626391692021e+02
7.631578947368421462e-01 4.599598405416043811e-01 7.097335194995619823e-01 1.083252341570696053e+00 1.590343286687900148e+00 1.683008001178992963e+00 1.765062481937200687e+02 2.191445302976167682e+02
8.105263157894736503e-01 4.844057556150954125e-01 7.525767690492404238e-01 1.087178908294180069e+00 1.591717916792530829e+00 1.682352035279720104e+00 1.829951642226489525e+02 2.282542516366977168e+02
8.578947368421052655e-01 5.081035103568073419e-01 7.952225598249775818e-01 1.091414759095150178e+00 1.593167736726973205e+00 1.681653219941712685e+00 1.902907544673781501e+02 2.385089627492808404e+02
9.052631578947368807e-01 5.310586307220759306e-01 8.376812314341334220e-01 1.095918683812245886e+00 1.594674136249765617e+00 1.680918588246139933e+00 1.984126459938841833e+02 2.499402704441055789e+02
9.526315789473683848e-01 5.532916322231153927e-01 8.799664496843487838e-01 1.100657646628905084e+00 1.596218700560606996e+00 1.680154755721137150e+00 2.073792268006858990e+02 2.625779042344966570e+02
1.000000000000000000e+00 5.748256522685103453e-01 9.220942743889792848e-01 1.105591321320564813e+00 1.597785557051157213e+00 1.679368877357195755e+00 2.172085683770358742e+02 2.764509194045892855e+02
