1.000000000000000056e-01 6.296114659511313494e-02 9.384005346718179985e-02 1.065275583158612926e+00 1.584059818403649844e+00 1.687374036285159917e+00 1.479497890511837852e+02 1.790407435663871070e+02
1.473684210526315930e-01 9.274038526970808383e-02 1.382798203654379554e-01 1.065133586137199995e+00 1.583713552946688363e+00 1.686864432486948395e+00 1.482780542629472791e+02 1.794815758776137216e+02
1.947368421052631526e-01 1.224512341395893322e-01 1.827030098172045536e-01 1.065468353310627947e+00 1.583674200368608842e+00 1.686544372748966847e+00 1.489163371272836116e+02 1.803275419684197232e+02
2.421052631578947401e-01 1.520548787756916542e-01 2.271002765664869305e-01 1.066171681092050294e+00 1.583816616236485952e+00 1.686270294309041962e+00 1.498973153234045697e+02 1.816247870063223502e+02
2.894736842105263275e-01 1.815087955242392359e-01 2.714610362356541517e-01 1.067236286889971852e+00 1.584104846238933106e+00 1.685991149147098467e+00 1.512627247802631416e+02 1.834299823933242521e+02
3.368421052631579427e-01 2.107663027053576776e-01 3.157739145358330335e-01 1.068667659478621523e+00 1.584525637581999158e+00 1.685682620393224918e+00 1.530540954579040829e+02 1.857993280374599010e+02
3.842105263157894468e-01 2.397767174949398672e-01 3.600272389246780280e-01 1.070463963320533285e+00 1.585073555270479995e+00 1.685332669178764453e+00 1.553105606264437029e+02 1.887859923014036667e+02
4.315789473684210620e-01 2.684929409754167606e-01 4.042095627671378200e-01 1.072638030310428592e+00 1.585743441437675205e+00 1.684934148326140635e+00 1.580681173679184326e+02 1.924392439711570262e+02
4.789473684210526772e-01 2.968668105133854818e-01 4.483101490840807335e-01 1.075183439648106365e+00 1.586529613246205450e+00 1.684483999505286933e+00 1.613595526412404126e+02 1.968044094098476933e+02
5.263157894736841813e-01 3.248555728892773553e-01 4.923193947295297357e-01 1.078095475146675142e+00 1.587424586747172572e+00 1.683981704452415462e+00 1.652142911808169004e+02 2.019227161461082005e+02
5.736842105263157965e-01 3.524195186134293500e-01 5.362292040264318160e-01 1.081357041033440103e+00 1.588418816447287885e+00 1.683428348616065273e+00 1.696588748608721176e+02 2.078318480776339641e+02
6.210526315789474117e-01 3.795254132773312472e-01 5.800331896154701239e-01 1.084948719571307896e+00 1.589501271071696031e+00 1.682826633965408103e+00 1.747170413863617284e+02 2.145660871895847492e+02
6.684210526315789158e-01 4.061460214945236125e-01 6.237267793619717393e-01 1.088845837662876681e+00 1.590659589567077425e+00 1.682180220794250447e+00 1.804101307160440228e+02 2.221568123022314012e+02
7.157894736842105310e-01 4.322632775123229076e-01 6.673072129103562178e-01 1.093026962869040553e+00 1.591880741413672418e+00 1.681493537303877073e+00 1.867575331614205822e+02 2.306330458180305243e+02
7.631578947368421462e-01 4.578599014764734854e-01 7.107734581344123947e-01 1.097455237188953880e+00 1.593151787326279489e+00 1.680771749746055033e+00 1.937771956162680169e+02 2.400220576497252978e+02
8.105263157894736503e-01 4.829293665184490880e-01 7.541259823421707642e-01 1.102104218623907617e+00 1.594459505593337934e+00 1.680019759255453993e+00 2.014857836118169985e+02 2.503496196009897403e+02
8.578947368421052655e-01 5.074682574524912448e-01 7.973665814467698620e-01 1.106942391517865110e+00 1.595791603133140502e+00 1.679242748834774979e+00 2.098992698151012064e+02 2.616406788989237953e+02
9.052631578947368807e-01 5.314783195589637410e-01 8.404981205191479621e-01 1.111940197460844271e+00 1.597136665060746141e+00 1.678445735914580350e+00 2.190331799251903249e+02 2.739196811168308159e+02
9.526315789473683848e-01 5.549632464040080704e-01 8.835242929308827486e-01 1.117066036977562460e+00 1.598484326782118492e+00 1.677633493146534427e+00 2.289028761909848413e+02 2.872109198161041945e+02
1.000000000000000000e+00 5.779333400180098890e-01 9.264493846256312004e-01 1.122296361250052055e+00 1.599825378987236313e+00 1.676810457577325275e+00 2.395236980883032061e+02 3.015387177549256990e+02
