1.000000000000000056e-01 6.291887724986203190e-02 9.383233629416141974e-02 1.067323680458447166e+00 1.584215997643160900e+00 1.686974205317068654e+00 1.491848288241226328e+02 1.805838657324482881e+02
1.473684210526315930e-01 9.265920715235531624e-02 1.382668938589243779e-01 1.067421666063329111e+00 1.583873927069229470e+00 1.686342560665496260e+00 1.498124088066140871e+02 1.813976901236107153e+02
1.947368421052631526e-01 1.223213432084696572e-01 1.826856100206852018e-01 1.068050016540239566e+00 1.583873741696764537e+00 1.685929051279089652e+00 1.507802396286473936e+02 1.826497428732039339e+02
2.421052631578947401e-01 1.518725897136452008e-01 2.270813289760742759e-01 1.069057383594946620e+00 1.584062397615368045e+00 1.685574749347411583e+00 1.520920752589680376e+02 1.843488361663318074e+02
2.894736842105263275e-01 1.812793744068904034e-01 2.714459228645264011e-01 1.070412152067303335e+00 1.584390219312613146e+00 1.685225015307935781e+00 1.537668934716495528e+02 1.865224952683549020e+02
3.368421052631579427e-01 2.105029284290811931e-01 3.157703693721176097e-01 1.072091830516204158e+00 1.584836486326846927e+00 1.684855801080630933e+00 1.558284735113855390e+02 1.892044826327835381e+02
3.842105263157894468e-01 2.395042012202444059e-01 3.600449025492661881e-01 1.074093924854969018e+00 1.585390520890720190e+00 1.684454963143444228e+00 1.583026745873785330e+02 1.924315125561424225e+02
4.315789473684210620e-01 2.682411070914987317e-01 4.042591750349492918e-01 1.076409493150038310e+00 1.586045489209269466e+00 1.684016379760197024e+00 1.612161537082668019e+02 1.962417536826262676e+02
4.789473684210526772e-01 2.966719738829850517e-01 4.484025077638256751e-01 1.079032969829477384e+00 1.586795166185299033e+00 1.683536634325651704e+00 1.645960355941453770e+02 2.006743885196824522e+02
5.263157894736841813e-01 3.247547726081453923e-01 4.924640868034625973e-01 1.081953873427559110e+00 1.587633391530037574e+00 1.683014671987076216e+00 1.684692296284930819e+02 2.057688536722907600e+02
5.736842105263157965e-01 3.524513284750658282e-01 5.364331992982358521e-01 1.085166748551394278e+00 1.588553243586662944e+00 1.682450831565985183e+00 1.728621859057481061e+02 2.115645431945005157e+02
6.210526315789474117e-01 3.797223806195155205e-01 5.802994928512271722e-01 1.088652699284232250e+00 1.589547320725850588e+00 1.681846850943364613e+00 1.778008655571076702e+02 2.181007330005228937e+02
6.684210526315789158e-01 4.065330982408545402e-01 6.240530945801422424e-01 1.092394681402217627e+00 1.590606932842723253e+00 1.681204918974797291e+00 1.833102145597358970e+02 2.254160276574846193e+02
7.157894736842105310e-01 4.328507820963761188e-01 6.676848135631159309e-01 1.096369886383134151e+00 1.591723042041852443e+00 1.680528162200272346e+00 1.894142704461717130e+02 2.335484268198797793e+02
7.631578947368421462e-01 4.586486878453635563e-01 7.111862114516575017e-01 1.100558424711010286e+00 1.592886116966176768e+00 1.679820160617615077e+00 1.961359186886214161e+02 2.425350592714911500e+02
8.105263157894736503e-01 4.839032147701993747e-01 7.545496674922200775e-01 1.104936175939421616e+00 1.594086459819562762e+00 1.679084845325803377e+00 2.034969170516140196e+02 2.524121914712293346e+02
8.578947368421052655e-01 5.085928925564042746e-01 7.977683843736482761e-01 1.109474017772249743e+00 1.595314428756701153e+00 1.678326330498729035e+00 2.115178569331818323e+02 2.632151689392965181e+02
9.052631578947368807e-01 5.327043768081910491e-01 8.408363083755828749e-01 1.114150586003268995e+00 1.596560792226751069e+00 1.677548984858474812e+00 2.202178941103945817e+02 2.749781081892930956e+02
9.526315789473683848e-01 5.562250633592283888e-01 8.837481194704106535e-01 1.118938064532389198e+00 1.597816575728302491e+00 1.676756859915139453e+00 2.296151165464357859e+02 2.877342715643170550e+02
1.000000000000000000e+00 5.791476968837281358e-01 9.264990837513127353e-01 1.123812489222430377e+00 1.599073574954758437e+00 1.675954056987520202e+00 2.397261988730357132e+02 3.015156626311023729e+02
