1.000000000000000056e-01 6.294903194323588080e-02 9.383764433659112780e-02 1.066158754904304340e+00 1.584077956890995731e+00 1.687177922403188424e+00 1.484094233247299712e+02 1.796110666539108820e+02
1.473684210526315930e-01 9.272803237570942381e-02 1.382779898220113379e-01 1.065972995796518941e+00 1.583690480135667711e+00 1.686639725771625464e+00 1.487047298827989721e+02 1.800056687727434337e+02
1.947368421052631526e-01 1.224497098148428359e-01 1.827048047376344242e-01 1.066235308147375882e+00 1.583610910563126861e+00 1.686312502508446443e+00 1.492645117437309921e+02 1.807444446489889458e+02
2.421052631578947401e-01 1.520825293170544323e-01 2.271105080567455137e-01 1.066822326376841490e+00 1.583702671110628124e+00 1.686045540316420954e+00 1.501086925887138079e+02 1.818568702721450450e+02
2.894736842105263275e-01 1.815911515522805608e-01 2.714862356521863251e-01 1.067714448775249236e+00 1.583925127228841045e+00 1.685785592740342231e+00 1.512687176897413224e+02 1.833863069662847636e+02
3.368421052631579427e-01 2.109364703007982345e-01 3.158220052891742013e-01 1.068915013483445753e+00 1.584263508197669257e+00 1.685507835625787099e+00 1.527781845094267226e+02 1.853788849074468317e+02
3.842105263157894468e-01 2.400744324438003618e-01 3.601069749482107563e-01 1.070424116910752232e+00 1.584712115294425905e+00 1.685199165046154413e+00 1.546707824233372151e+02 1.878810354249336854e+02
4.315789473684210620e-01 2.689604391810984096e-01 4.043297363405401468e-01 1.072249890154032936e+00 1.585267563793436363e+00 1.684851697117507818e+00 1.569793036641015078e+02 1.909383369231923098e+02
4.789473684210526772e-01 2.975486749936594455e-01 4.484786538560595059e-01 1.074395035792534259e+00 1.585926917596742536e+00 1.684461033196883450e+00 1.597353049490935746e+02 1.945951197700817090e+02
5.263157894736841813e-01 3.257926062560429492e-01 4.925422050391126683e-01 1.076854305064723238e+00 1.586686147808900715e+00 1.684024917487673134e+00 1.629687268875092911e+02 1.988940315397629774e+02
5.736842105263157965e-01 3.536518901102553292e-01 5.365093593497216595e-01 1.079632412781265982e+00 1.587540212166315357e+00 1.683543111550649840e+00 1.667079053356605414e+02 2.038760140874155979e+02
6.210526315789474117e-01 3.810837377542472537e-01 5.803698427420734829e-01 1.082711410062124679e+00 1.588482065053113734e+00 1.683016270843933571e+00 1.709792522684200833e+02 2.095799745488368444e+02
6.684210526315789158e-01 4.080520166049072528e-01 6.241144315391271569e-01 1.086078158377655312e+00 1.589503509269353243e+00 1.682446390343036891e+00 1.758073956349656726e+02 2.160429069183873310e+02
7.157894736842105310e-01 4.345258875440822788e-01 6.677351174334554829e-01 1.089716766943907400e+00 1.590595159413506599e+00 1.681836304097092727e+00 1.812151550421147306e+02 2.232998811582294252e+02
7.631578947368421462e-01 4.604771322961371260e-01 7.112252183767605596e-01 1.093602181553971153e+00 1.591746834103055397e+00 1.681189528105820230e+00 1.872236692871308037e+02 2.313841871436463293e+02
8.105263157894736503e-01 4.858836939698155666e-01 7.545794011570771120e-01 1.097709675609386260e+00 1.592947962608704415e+00 1.680510157038344721e+00 1.938525042572541111e+02 2.403274648566641645e+02
8.578947368421052655e-01 5.107298327971195873e-01 7.977936253041160164e-01 1.102015099834461553e+00 1.594187666184458507e+00 1.679802402200655020e+00 2.011198082020569871e+02 2.501598999882959902e+02
9.052631578947368807e-01 5.350044447772616119e-01 8.408650562993185140e-01 1.106492567985538411e+00 1.595455351900097796e+00 1.679070672235414952e+00 2.090425137882276658e+02 2.609104528062434269e+02
9.526315789473683848e-01 5.587007250687759941e-01 8.837919272442354979e-01 1.111115478224578457e+00 1.596740896694875067e+00 1.678319427609243908e+00 2.176365078715345476e+02 2.726070588396361245e+02
1.000000000000000000e+00 5.818160432953330963e-01 9.265733728176397399e-01 1.115857825974242878e+00 1.598034736619474261e+00 1.677553043831527813e+00 2.269167741231732691e+02 2.852767984715620742e+02
