1.000000000000000056e-01 6.297191066073545840e-02 9.384250303712692032e-02 1.064386376370686227e+00 1.584008943429467298e+00 1.687519040170637696e+00 1.475301016648504060e+02 1.785195106198900135e+02
1.473684210526315930e-01 9.274889955891106597e-02 1.382821190550345414e-01 1.064322744553559241e+00 1.583728891989954146e+00 1.687048770898590622e+00 1.479288844602914708e+02 1.790513616459038531e+02
1.947368421052631526e-01 1.224493988062576449e-01 1.827036129302355150e-01 1.064765204537623688e+00 1.583743855275506984e+00 1.686739551603125387e+00 1.486726236301589665e+02 1.800328874289894259e+02
2.421052631578947401e-01 1.520316516592084277e-01 2.270967269574493130e-01 1.065604395110999913e+00 1.583939120118361910e+00 1.686461096699712670e+00 1.497916773425827444e+02 1.815084221597675764e+02
2.894736842105263275e-01 1.814479754659234778e-01 2.714494406468285770e-01 1.066827768054579240e+00 1.584283145110685576e+00 1.686167094227347230e+00 1.513302631341250901e+02 1.835391709957624187e+02
3.368421052631579427e-01 2.106457138514257477e-01 3.157483127173109083e-01 1.068442983708000060e+00 1.584765865512542504e+00 1.685835679223331551e+00 1.533352494370181773e+02 1.861898340422363560e+02
3.842105263157894468e-01 2.395677330093618218e-01 3.599788983889489202e-01 1.070455275496848824e+00 1.585383100645318066e+00 1.685455360058163210e+00 1.558530351653967330e+02 1.895249483357995928e+02
4.315789473684210620e-01 2.681568134009275073e-01 4.041262759111752256e-01 1.072873384893649362e+00 1.586131094366839189e+00 1.685019684003810303e+00 1.589284565431113947e+02 1.936075816452847960e+02
4.789473684210526772e-01 2.963541166924871240e-01 4.481755952121244668e-01 1.075691158281353532e+00 1.587004713976407633e+00 1.684525946916644923e+00 1.626041304031885204e+02 1.984985753880830543e+02
5.263157894736841813e-01 3.241048702349745847e-01 4.921126425542188265e-01 1.078901699875403075e+00 1.587996544338536209e+00 1.683973773933625573e+00 1.669200292998516488e+02 2.042560205623106810e+02
5.736842105263157965e-01 3.513583510089774431e-01 5.359243365095066602e-01 1.082489514952254428e+00 1.589096473308110324e+00 1.683364907531978982e+00 1.719133496110399904e+02 2.109351007786766843e+02
6.210526315789474117e-01 3.780685132487211497e-01 5.795991108265379221e-01 1.086429047362789113e+00 1.590292379060477490e+00 1.682702672559538648e+00 1.776183439647778357e+02 2.185878957611397482e+02
6.684210526315789158e-01 4.041983778727821219e-01 6.231271697623695927e-01 1.090695253897979722e+00 1.591570335831648642e+00 1.681991571012627640e+00 1.840663963025183989e+02 2.272634682037493121e+02
7.157894736842105310e-01 4.297178620146382411e-01 6.665006291080859402e-01 1.095256720024946562e+00 1.592915665871805775e+00 1.681237300042168759e+00 1.912863637315682581e+02 2.370082467272173403e+02
7.631578947368421462e-01 4.546023286190488122e-01 7.097134690494569798e-01 1.100073866318834748e+00 1.594312871084595074e+00 1.680445753437563194e+00 1.993045877091609839e+02 2.478660595200438763e+02
8.105263157894736503e-01 4.788358816453890943e-01 7.527614235333303094e-01 1.105109495029324318e+00 1.595746815460223900e+00 1.679623293438408327e+00 2.081453624163642644e+02 2.598786760665683460e+02
8.578947368421052655e-01 5.024100950878922500e-01 7.956417672354809678e-01 1.110327489621764530e+00 1.597203011853150389e+00 1.678776240098695416e+00 2.178311281837774516e+02 2.730860320891162019e+02
9.052631578947368807e-01 5.253220076162644636e-01 8.383530600964217427e-01 1.115691305244339127e+00 1.598668075446292747e+00 1.677910732742800226e+00 2.283827866021805448e+02 2.875265968016016700e+02
9.526315789473683848e-01 5.475719201492218469e-01 8.808948737435325915e-01 1.121162896410225818e+00 1.600130126936181396e+00 1.677032770900569236e+00 2.398198959511838666e+02 3.032375878830817442e+02
1.000000000000000000e+00 5.691669195239512646e-01 9.232675082094317087e-01 1.126711149491947062e+00 1.601578548223713039e+00 1.676147709218198889e+00 2.521607664438425900e+02 3.202550707435092363e+02
