1.000000000000000056e-01 6.288005743741391373e-02 9.382304402646585162e-02 1.069611717200232404e+00 1.584731277453089726e+00 1.687004467740274016e+00 1.503131660769850839e+02 1.820037400759828756e+02
1.473684210526315930e-01 9.255974521405514743e-02 1.382425521178289873e-01 1.069816753516174668e+00 1.584285207211631130e+00 1.686116544621431235e+00 1.512922151274599116e+02 1.832873766406382003e+02
1.947368421052631526e-01 1.220954426256117831e-01 1.826301464958861864e-01 1.070873375854456633e+00 1.584355903777093566e+00 1.685513810753930697e+00 1.529067056374544791e+02 1.853978146630770425e+02
2.421052631578947401e-01 1.514202209858452886e-01 2.269705867245230269e-01 1.072601656070703458e+00 1.584736613570713937e+00 1.684971239612548022e+00 1.552048164597030961e+02 1.884040539556290810e+02
2.894736842105263275e-01 1.804647694543186354e-01 2.712474669993557574e-01 1.074962862796506435e+00 1.585358494881244695e+00 1.684411381888534009e+00 1.582466361284392349e+02 1.923896921026394580e+02
3.368421052631579427e-01 2.091572609061291277e-01 3.154440585865023183e-01 1.077930992557070589e+00 1.586187734416487638e+00 1.683801343970384945e+00 1.620923123769487972e+02 1.974388302399201507e+02
3.842105263157894468e-01 2.374275448030131463e-01 3.595441960091753097e-01 1.081479294711391592e+00 1.587200674815581136e+00 1.683127174930967307e+00 1.667991673957330931e+02 2.036326476131430923e+02
4.315789473684210620e-01 2.652108250014577617e-01 4.035330592213324796e-01 1.085575424483682161e+00 1.588375109081581638e+00 1.682384583802126521e+00 1.724206541962381039e+02 2.110482155998607254e+02
4.789473684210526772e-01 2.924502191115330718e-01 4.473978257205788456e-01 1.090179079625206215e+00 1.589687775644457179e+00 1.681574964900482749e+00 1.790063271112599637e+02 2.197584528497715155e+02
5.263157894736841813e-01 3.190969970870466965e-01 4.911280640632033623e-01 1.095237851070195889e+00 1.591114218500616406e+00 1.680703414605687840e+00 1.866019865044825679e+02 2.298323377540142758e+02
5.736842105263157965e-01 3.451163000750398502e-01 5.347158976848378487e-01 1.100704964394548124e+00 1.592629384763105227e+00 1.679777314660205523e+00 1.952501095224514529e+02 2.413354341493525794e+02
6.210526315789474117e-01 3.704787546929390052e-01 5.781559656462410546e-01 1.106514895797782394e+00 1.594208609091775086e+00 1.678805369544426496e+00 2.049906364043166036e+02 2.543308258876587900e+02
6.684210526315789158e-01 3.951684358667752472e-01 6.214451464340524645e-01 1.112612223186553173e+00 1.595828334202174847e+00 1.677796735640005865e+00 2.158611947438958225e+02 2.688794405562875340e+02
7.157894736842105310e-01 4.191750730323839935e-01 6.645822394264027100e-01 1.118934613394289235e+00 1.597467129762536020e+00 1.676760600069315599e+00 2.278979700835891151e+02 2.850410730333687184e+02
7.631578947368421462e-01 4.424983205693757693e-01 7.075675334346771539e-01 1.125428890298959983e+00 1.599104302488284279e+00 1.675706333224114886e+00 2.411359130909198427e+02 3.028746686036583355e+02
8.105263157894736503e-01 4.651432492990217327e-01 7.504024120771461970e-01 1.132044045120981890e+00 1.600725573918967415e+00 1.674641502103880963e+00 2.556092103997187053e+02 3.224388794040756920e+02
8.578947368421052655e-01 4.871186223510030056e-01 7.930889733845125633e-01 1.138731737307554504e+00 1.602316945356919042e+00 1.673573489499148526e+00 2.713515031329116027e+02 3.437923297471128876e+02
9.052631578947368807e-01 5.084377278879672613e-01 8.356296922603879684e-01 1.145450838273706085e+00 1.603867245365932837e+00 1.672508722732954256e+00 2.883958715209188881e+02 3.669935958385483445e+02
9.526315789473683848e-01 5.291168779624958463e-01 8.780271585695896830e-01 1.152166148182881766e+00 1.605368043842881454e+00 1.671452682718185700e+00 3.067749442845823751e+02 3.921013194051381561e+02
1.000000000000000000e+00 5.491734286907273832e-01 9.202838780971767108e-01 1.158846232712891888e+00 1.606813889265192863e+00 1.670410441230065102e+00 3.265208482192815040e+02 4.191741118006107172e+02
