1.000000000000000056e-01 6.297676741603301653e-02 9.384250997280785267e-02 1.066260698119026795e+00 1.585720107066605156e+00 1.689221715077187325e+00 1.477588222396000788e+02 1.787943603681302136e+02
1.473684210526315930e-01 9.273556439363261905e-02 1.382741995788176192e-01 1.065488396814695982e+00 1.584852093602909351e+00 1.688157936769875134e+00 1.480964511926949854e+02 1.792801795738731414e+02
1.947368421052631526e-01 1.223618362706110491e-01 1.826692293919990884e-01 1.065751667319750462e+00 1.584657938159162338e+00 1.687532071242298093e+00 1.490584826910207425e+02 1.805927988560293613e+02
2.421052631578947401e-01 1.517613797186868063e-01 2.270020517999228327e-01 1.066812617195257440e+00 1.584863240973089837e+00 1.687016786286453573e+00 1.507536390412700200e+02 1.828874756554021985e+02
2.894736842105263275e-01 1.808233146490699217e-01 2.712434417735296033e-01 1.068648216056133249e+00 1.585393952599368550e+00 1.686493648410734236e+00 1.533194095262063854e+02 1.863531939739393692e+02
3.368421052631579427e-01 2.094312117689423047e-01 3.153635577210331387e-01 1.071279698823392579e+00 1.586223098038911594e+00 1.685908967671559733e+00 1.568888544124955899e+02 1.911723930813256516e+02
3.842105263157894468e-01 2.374716625645576507e-01 3.593352257466310706e-01 1.074709256850573613e+00 1.587328810643015675e+00 1.685236940983557030e+00 1.615801224791075015e+02 1.975082051345069374e+02
4.315789473684210620e-01 2.648471025618459596e-01 4.031368335406400050e-01 1.078920355359084260e+00 1.588685442667055581e+00 1.684468797439970578e+00 1.674932755060858085e+02 2.055005870833625750e+02
4.789473684210526772e-01 2.914797711878644448e-01 4.467542348176085643e-01 1.083861045957432268e+00 1.590256673673726251e+00 1.683605514732223751e+00 1.747105200472533113e+02 2.152667092418273853e+02
5.263157894736841813e-01 3.173202132058693392e-01 4.901814766893585751e-01 1.089467270078340322e+00 1.592001900897650257e+00 1.682656349147623631e+00 1.832990827101237699e+02 2.269045386217026703e+02
5.736842105263157965e-01 3.423395389260229238e-01 5.334203850723756579e-01 1.095643781169000963e+00 1.593876413937390657e+00 1.681633984848088348e+00 1.933150202003044740e+02 2.404975983428600728e+02
6.210526315789474117e-01 3.665335994840533962e-01 5.764793456472836475e-01 1.102297264543513400e+00 1.595835804468484165e+00 1.680552684367447869e+00 2.048072996025789791e+02 2.561200515095242167e+02
6.684210526315789158e-01 3.899181615243941246e-01 6.193717028887031351e-01 1.109337817465898768e+00 1.597840274241912883e+00 1.679427956007410794e+00 2.178214960797529898e+02 2.738412820467407300e+02
7.157894736842105310e-01 4.125179612697899567e-01 6.621141060354298613e-01 1.116669245361164409e+00 1.599854570972107481e+00 1.678274224769232603e+00 2.324027266366188940e+02 2.937295304592851153e+02
7.631578947368421462e-01 4.343716642835642183e-01 7.047250350530711582e-01 1.124215621098303863e+00 1.601849234180055648e+00 1.677103974973629619e+00 2.485976093346052096e+02 3.158543140751806391e+02
8.105263157894736503e-01 4.555207695365416920e-01 7.472236344408288433e-01 1.131904279568107130e+00 1.603800850252674159e+00 1.675927975421730221e+00 2.664557582166020211e+02 3.402882482475835673e+02
8.578947368421052655e-01 4.760109929370044402e-01 7.896288359692620329e-01 1.139676168115416166e+00 1.605691418487616096e+00 1.674755685348265466e+00 2.860305257567041508e+02 3.671079562715820543e+02
9.052631578947368807e-01 4.958868634318905344e-01 8.319587713615396174e-01 1.147478715098239954e+00 1.607509017270115192e+00 1.673594299911445260e+00 3.073793805996817241e+02 3.963945095079420753e+02
9.526315789473683848e-01 5.151930630829346658e-01 8.742304140901003828e-01 1.155270585924221605e+00 1.609245222937436770e+00 1.672449877187509149e+00 3.305639750514598632e+02 4.282334729768978718e+02
1.000000000000000000e+00 5.339734435614035268e-01 9.164593776244496226e-01 1.163019807984379206e+00 1.610894681914317283e+00 1.671326677832304153e+00 3.556500693441069529e+02 4.627147905015486344e+02
