1.000000000000000056e-01 6.293827773358938449e-02 9.383543312933793901e-02 1.068110490677413704e+00 1.584385483448234266e+00 1.687137112312233178e+00 1.491829778561845785e+02 1.805586889578296166e+02
1.473684210526315930e-01 9.274679188675911956e-02 1.382822677163991487e-01 1.067463432864157014e+00 1.583727021603541729e+00 1.686468996983349289e+00 1.491180845993822004e+02 1.804856302530305356e+02
1.947368421052631526e-01 1.225436190326610469e-01 1.827249139299773339e-01 1.067172466103393003e+00 1.583411642240759587e+00 1.686127793972170608e+00 1.491347285563252285e+02 1.805199010641915152e+02
2.421052631578947401e-01 1.523122941983733880e-01 2.271576795165907436e-01 1.067061646536799246e+00 1.583251392766745314e+00 1.685911486508303581e+00 1.492403479660618757e+02 1.806779167757721609e+02
2.894736842105263275e-01 1.820268189266321945e-01 2.715713415808745368e-01 1.067098544139092997e+00 1.583192143881090086e+00 1.685747802763278402e+00 1.494692086623506384e+02 1.810103818953144810e+02
3.368421052631579427e-01 2.116493160886930847e-01 3.159526535535487346e-01 1.067293677137346908e+00 1.583220124648328397e+00 1.685601436460083757e+00 1.498695543193728383e+02 1.815865189960407804e+02
3.842105263157894468e-01 2.411272754822787467e-01 3.602841790928401067e-01 1.067667918861797016e+00 1.583337691495852795e+00 1.685450913158818453e+00 1.504988487055927067e+02 1.824880186133668190e+02
4.315789473684210620e-01 2.703975331784496672e-01 4.045446056366385768e-01 1.068260973166440753e+00 1.583554123318714257e+00 1.685280661297648308e+00 1.514207714472056523e+02 1.838049772844502172e+02
4.789473684210526772e-01 2.993835552252701038e-01 4.487095013897305917e-01 1.069105075166249419e+00 1.583881016818535548e+00 1.685078359737088860e+00 1.527022462520621957e+02 1.856319349406757908e+02
5.263157894736841813e-01 3.280051251668015255e-01 4.927525780453588800e-01 1.070245946901441148e+00 1.584329412666872994e+00 1.684833855270082559e+00 1.544105441971832420e+02 1.880639600655541130e+02
5.736842105263157965e-01 3.561765735171626424e-01 5.366473073663672322e-01 1.071714809511333577e+00 1.584909116720273126e+00 1.684540318273254123e+00 1.566105637268568955e+02 1.911930207115305507e+02
6.210526315789474117e-01 3.838149704090382808e-01 5.803687071612342319e-01 1.073537987790095460e+00 1.585624841100462756e+00 1.684192215566672424e+00 1.593622380562806882e+02 1.951045889133395121e+02
6.684210526315789158e-01 4.108417877327119605e-01 6.238951047494287749e-01 1.075724720524579459e+00 1.586476900385898947e+00 1.683786789028677511e+00 1.627188388367526102e+02 1.998753782149776725e+02
7.157894736842105310e-01 4.371939452589739816e-01 6.672095840768703656e-01 1.078283895088195221e+00 1.587461090304886246e+00 1.683323974990652117e+00 1.667260146291017406e+02 2.055720838480420980e+02
7.631578947368421462e-01 4.628195428722335913e-01 7.103009519789927895e-01 1.081205317259008591e+00 1.588568147630998739e+00 1.682805586616653581e+00 1.714216252524487061e+02 2.122511685201843648e+02
8.105263157894736503e-01 4.876822781515642302e-01 7.531641456332046625e-01 1.084468388857161791e+00 1.589784619369135399e+00 1.682235062980528495e+00 1.768363156578004407e+02 2.199596065176564821e+02
8.578947368421052655e-01 5.117660346593462251e-01 7.958001401777592410e-01 1.088054561686256916e+00 1.591095278010955072e+00 1.681617631985948158e+00 1.829948564611610777e+02 2.287365794516234700e+02
9.052631578947368807e-01 5.350658388623054096e-01 8.382153779820497030e-01 1.091931592053776878e+00 1.592483076731520120e+00 1.680959295890674721e+00 1.899174630844728711e+02 2.386152075338891905e+02
9.526315789473683848e-01 5.575905503164291233e-01 8.804209608617582505e-01 1.096066102663902919e+00 1.593930164319440124e+00 1.680266510906515354e+00 1.976213832004001745e+02 2.496245797107216617e+02
1.000000000000000000e+00 5.793599044466931636e-01 9.224317161952670929e-01 1.100424140014869101e+00 1.595419512206595059e+00 1.679545723013481151e+00 2.061223657005966743e+02 2.617916299446076778e+02
