1.000000000000000056e-01 6.298523549115560283e-02 9.384531984092298051e-02 1.064739156182600510e+00 1.584319420936207701e+00 1.687882849065625690e+00 1.474420988119895242e+02 1.783953061084852720e+02
1.473684210526315930e-01 9.279997955127571030e-02 1.382927040873669078e-01 1.064234150719969296e+00 1.583813269558343118e+00 1.687327870457722367e+00 1.474899447446303498e+02 1.784748498411052253e+02
1.947368421052631526e-01 1.225777029474222485e-01 1.827294734842537793e-01 1.064166570820005875e+00 1.583627783836355718e+00 1.687024989088934612e+00 1.477319602599607720e+02 1.788095226555485908e+02
2.421052631578947401e-01 1.522876677007015955e-01 2.271469312186117084e-01 1.064381088290720090e+00 1.583609887772721381e+00 1.686803376498826612e+00 1.481915900695955202e+02 1.794363147175569964e+02
2.894736842105263275e-01 1.818896280861316828e-01 2.715334921977447524e-01 1.064855662706377437e+00 1.583719591602661625e+00 1.686601293707753468e+00 1.489155832238419919e+02 1.804209203071703200e+02
3.368421052631579427e-01 2.113352161571402654e-01 3.158747143534946233e-01 1.065613425980214357e+00 1.583947367041430798e+00 1.686388278264000951e+00 1.499583088524006484e+02 1.818388954902999330e+02
3.842105263157894468e-01 2.405659624981324740e-01 3.601535186894244678e-01 1.066676988253181246e+00 1.584295511138409829e+00 1.686146599827659243e+00 1.513771079656060863e+02 1.837700584997625981e+02
4.315789473684210620e-01 2.695161882637803208e-01 4.043506527952926977e-01 1.068071826604404029e+00 1.584768514491105451e+00 1.685863880680969373e+00 1.532300531764724099e+02 1.862957304258477791e+02
4.789473684210526772e-01 2.981156292816774522e-01 4.484453373923444897e-01 1.069822898445933923e+00 1.585371461824907957e+00 1.685532106571524968e+00 1.555741075641690259e+02 1.894964975723813154e+02
5.263157894736841813e-01 3.262920707741073789e-01 4.924161230623185226e-01 1.071948216969471179e+00 1.586105886792520181e+00 1.685145407664288886e+00 1.584638465261234330e+02 1.934505911529655577e+02
5.736842105263157965e-01 3.539732275966843700e-01 5.362418312129514364e-01 1.074454540530338509e+00 1.586971290928092193e+00 1.684700925174076769e+00 1.619502995900726319e+02 1.982324332580383839e+02
6.210526315789474117e-01 3.810916331690782921e-01 5.799024770937526441e-01 1.077341913586452593e+00 1.587963153341922506e+00 1.684198251030415872e+00 1.660798841901307128e+02 2.039113043167901083e+02
6.684210526315789158e-01 4.075858704671138644e-01 6.233801449424455354e-01 1.080598257237046944e+00 1.589072720162023611e+00 1.683638260267981579e+00 1.708941422184811074e+02 2.105509235067282248e+02
7.157894736842105310e-01 4.334043693804775499e-01 6.666595844905875978e-01 1.084205028207822830e+00 1.590288087493981983e+00 1.683024322541610163e+00 1.764292839881696580e+02 2.182088825126963343e+02
7.631578947368421462e-01 4.585052096724855919e-01 7.097285970453696136e-01 1.088134119100488517e+00 1.591594644108674128e+00 1.682361137098610904e+00 1.827163488045758868e+02 2.269367843903627602e+02
8.105263157894736503e-01 4.828575630962209653e-01 7.525781442268807409e-01 1.092351882947388608e+00 1.592976394741693502e+00 1.681654345660440697e+00 1.897815277610845328e+02 2.367805959479487115e+02
8.578947368421052655e-01 5.064442102411577107e-01 7.952022505280973430e-01 1.096826516152039188e+00 1.594416441335840373e+00 1.680910313090407282e+00 1.976468441925018737e+02 2.477814151739772512e+02
9.052631578947368807e-01 5.292547645435635717e-01 8.375976507354752076e-01 1.101516812734674833e+00 1.595897893231551734e+00 1.680135756524213431e+00 2.063305175727719245e+02 2.599759106757877021e+02
9.526315789473683848e-01 5.512879563660709747e-01 8.797633885835698386e-01 1.106382020950463785e+00 1.597404673745388415e+00 1.679337434855345812e+00 2.158476532408943740e+02 2.733970990353595312e+02
1.000000000000000000e+00 5.725508455905864436e-01 9.217003404315810000e-01 1.111384140491807671e+00 1.598921866010010850e+00 1.678521874962759730e+00 2.262108325683067562e+02 2.880750186862732676e+02
