1.000000000000000056e-01 6.297206457921342149e-02 9.384272278136730761e-02 1.065781630683744874e+00 1.584326970393260314e+00 1.687643063951692834e+00 1.479666670141464806e+02 1.790447947199613452e+02
1.473684210526315930e-01 9.279494850150291074e-02 1.382924948171414536e-01 1.065192396735540781e+00 1.583753677192313081e+00 1.687062270095740724e+00 1.479099058883084865e+02 1.789833924320237770e+02
1.947368421052631526e-01 1.226025448486335323e-01 1.827367178152881910e-01 1.064948549169066672e+00 1.583488256089032431e+00 1.686764453093001048e+00 1.479481115399340752e+02 1.790482811397255034e+02
2.421052631578947401e-01 1.523733730007195697e-01 2.271680939907279040e-01 1.064891777229325154e+00 1.583368696824942745e+00 1.686570853469745668e+00 1.480981295114776515e+02 1.792691622328338212e+02
2.894736842105263275e-01 1.820733182835150288e-01 2.715751561531651870e-01 1.064997594954299576e+00 1.583352165254050314e+00 1.686416080786719673e+00 1.484058153318319739e+02 1.797127188565933693e+02
3.368421052631579427e-01 2.116562818263331425e-01 3.159419931442836171e-01 1.065294931516594490e+00 1.583432282222668963e+00 1.686267893018619235e+00 1.489316614682156512e+02 1.804647952364939840e+02
3.842105263157894468e-01 2.410605091030468827e-01 3.602484913790124921e-01 1.065817666466687630e+00 1.583615703238615335e+00 1.686103550196505596e+00 1.497449200952148658e+02 1.816227685541536800e+02
4.315789473684210620e-01 2.702122598235307538e-01 4.044712084252771178e-01 1.066608351578130609e+00 1.583915040764492854e+00 1.685909028931718900e+00 1.509195738626164598e+02 1.832900619743683706e+02
4.789473684210526772e-01 2.990286963755107719e-01 4.485847576743537957e-01 1.067709995802258671e+00 1.584343473520334999e+00 1.685671558158619909e+00 1.525303168013733455e+02 1.855707984667303094e+02
5.263157894736841813e-01 3.274250978858278538e-01 4.925636657250234141e-01 1.069166011012671946e+00 1.584911596323592464e+00 1.685382352203569356e+00 1.546491254521253040e+02 1.885651841325571354e+02
5.736842105263157965e-01 3.553166935017008088e-01 5.363843965199550645e-01 1.071003802763304424e+00 1.585625995621781525e+00 1.685035157481360457e+00 1.573422968600514196e+02 1.923656149812440503e+02
6.210526315789474117e-01 3.826260198617948971e-01 5.800272823733130245e-01 1.073239538580917474e+00 1.586487503460445758e+00 1.684626442264009150e+00 1.606683217246290951e+02 1.970539097361452718e+02
6.684210526315789158e-01 4.092922743003764019e-01 6.234781245826293006e-01 1.075888319579705321e+00 1.587491511102315789e+00 1.684155707318499395e+00 1.646770979837581024e+02 2.027002394254791398e+02
7.157894736842105310e-01 4.352643381557959046e-01 6.667291166274358361e-01 1.078936391838102526e+00 1.588628159440628407e+00 1.683624914303522235e+00 1.694097717942160841e+02 2.093630091152772934e+02
7.631578947368421462e-01 4.605114908239971161e-01 7.097792040856601981e-01 1.082367457111158560e+00 1.589882789060550250e+00 1.683037689502800527e+00 1.748998367999548975e+02 2.170902393171180051e+02
8.105263157894736503e-01 4.850200296169408509e-01 7.526337878244750978e-01 1.086156992877533423e+00 1.591238468523059169e+00 1.682399833529848010e+00 1.811746271364365271e+02 2.259215125298069609e+02
8.578947368421052655e-01 5.087926779439737590e-01 7.953040011841846502e-01 1.090275581682866202e+00 1.592676207850431958e+00 1.681717625203164923e+00 1.882572038835166666e+02 2.358903752462199179e+02
9.052631578947368807e-01 5.318417594228608269e-01 8.378056823679551623e-01 1.094683637747022376e+00 1.594177168352831631e+00 1.680998256028797044e+00 1.961680455796724516e+02 2.470265051395292346e+02
9.526315789473683848e-01 5.541932488034130300e-01 8.801582750696438362e-01 1.099346807354367295e+00 1.595722734208220084e+00 1.680248678198335233e+00 2.049268147776982971e+02 2.593579199997903402e+02
1.000000000000000000e+00 5.758798688016140144e-01 9.223837423248617551e-01 1.104229041692153190e+00 1.597295479909046190e+00 1.679475242744380203e+00 2.145536731673781503e+02 2.729126094300073646e+02
