1.000000000000000056e-01 6.294833242981202892e-02 9.383823882042685582e-02 1.066065025787141796e+00 1.584942091187021784e+00 1.688193641103798548e+00 1.482199355445890774e+02 1.793816456718659538e+02
1.473684210526315930e-01 9.268939191274834510e-02 1.382719885311192165e-01 1.065979466450027280e+00 1.584434072650009462e+00 1.687367564506303097e+00 1.488871120358462292e+02 1.802569288072811560e+02
1.947368421052631526e-01 1.223303977028138284e-01 1.826841456319030221e-01 1.066633930023233479e+00 1.584395245073142666e+00 1.686843266448817769e+00 1.500080917076219862e+02 1.817183697292556417e+02
2.421052631578947401e-01 1.518263061976797834e-01 2.270639095648373518e-01 1.067819494808492919e+00 1.584614575397000014e+00 1.686400609790590588e+00 1.515933093245174632e+02 1.837863157487759338e+02
2.894736842105263275e-01 1.811248439434137436e-01 2.713987870853316609e-01 1.069469352173700649e+00 1.585025126536518503e+00 1.685964009177617573e+00 1.536780891359286727e+02 1.865117061986549345e+02
3.368421052631579427e-01 2.101698889047965146e-01 3.156748577410320999e-01 1.071564124131114015e+00 1.585599504996923370e+00 1.685500068659868012e+00 1.563049405042009710e+02 1.899548726389882916e+02
3.842105263157894468e-01 2.389047984954019155e-01 3.598771190401598430e-01 1.074105488823161814e+00 1.586323333207035446e+00 1.684992646204418465e+00 1.595185853327329824e+02 1.941796519578839195e+02
4.315789473684210620e-01 2.672678948434632495e-01 4.039899344177309559e-01 1.077074995920222378e+00 1.587185534704104395e+00 1.684433337026397970e+00 1.633641907278226881e+02 1.992512882259972855e+02
4.789473684210526772e-01 2.952012872802424748e-01 4.479975255488506947e-01 1.080464595526051674e+00 1.588175408508166742e+00 1.683818816660404671e+00 1.678861916328406210e+02 2.052350382621954736e+02
5.263157894736841813e-01 3.226474360373319250e-01 4.918844835481365196e-01 1.084251358648484764e+00 1.589281240003782791e+00 1.683149057570290763e+00 1.731277084723335520e+02 2.121954628874827335e+02
5.736842105263157965e-01 3.495544834907727827e-01 5.356361833121920935e-01 1.088411388686098658e+00 1.590489557367367190e+00 1.682426314557331937e+00 1.791298319019309133e+02 2.201956107306926356e+02
6.210526315789474117e-01 3.758751264632583244e-01 5.792391570507701148e-01 1.092911523461060463e+00 1.591785420401910178e+00 1.681654546206638789e+00 1.859314116625347424e+02 2.292967361977487997e+02
6.684210526315789158e-01 4.015702583473395038e-01 6.226813332964138414e-01 1.097718217231810067e+00 1.593152925246204443e+00 1.680839013182603647e+00 1.935687884075459806e+02 2.395579651383013129e+02
7.157894736842105310e-01 4.266066067436409259e-01 6.659521575741752519e-01 1.102790619508384751e+00 1.594575707852950996e+00 1.679985834523399779e+00 2.020757457736358447e+02 2.510362098095801002e+02
7.631578947368421462e-01 4.509577543321485193e-01 7.090425707146005285e-01 1.108085185584225307e+00 1.596037633241446319e+00 1.679101716014892443e+00 2.114833804340542542e+02 2.637859951398218641e+02
8.105263157894736503e-01 4.746062825729081003e-01 7.519449015061137054e-01 1.113561907907225645e+00 1.597523039250137167e+00 1.678193366647534157e+00 2.218201589283859789e+02 2.778594827391268609e+02
8.578947368421052655e-01 4.975408690507828746e-01 7.946526843383427963e-01 1.119179865113989036e+00 1.599017389062609373e+00 1.677267477061008760e+00 2.331118990580992829e+02 2.933063864948544506e+02
9.052631578947368807e-01 5.197557947337585471e-01 8.371604330498568780e-01 1.124898975715022065e+00 1.600507562453225230e+00 1.676330465292368510e+00 2.453817823541758116e+02 3.101739052972145601e+02
9.526315789473683848e-01 5.412502066441318149e-01 8.794633889319216635e-01 1.130681027082899748e+00 1.601982000716790200e+00 1.675388289366928740e+00 2.586503090297042604e+02 3.285065675485231509e+02
1.000000000000000000e+00 5.620279872277222921e-01 9.215572629844074326e-01 1.136491492503957312e+00 1.603430806113993690e+00 1.674446387456338448e+00 2.729351565748915505e+02 3.483459335464200990e+02
