1.000000000000000056e-01 6.297516977277169137e-02 9.384319738002605549e-02 1.064780227280872626e+00 1.583726351584330061e+00 1.687133901124118873e+00 1.476960752274875972e+02 1.787145089191887450e+02
1.473684210526315930e-01 9.279140781708780650e-02 1.382907060609856742e-01 1.064466157261801715e+00 1.583390813702739042e+00 1.686763975590277020e+00 1.477304708369272532e+02 1.787728259988498962e+02
1.947368421052631526e-01 1.225743771266206428e-01 1.827279723920271215e-01 1.064429880508876325e+00 1.583272677186967403e+00 1.686558152315916770e+00 1.479125422407190058e+02 1.790305157531288955e+02
2.421052631578947401e-01 1.522933675938554221e-01 2.271454147011499614e-01 1.064616948510139993e+00 1.583281773564897854e+00 1.686400527281541883e+00 1.482898129327989523e+02 1.795552136375957275e+02
2.894736842105263275e-01 1.819055471785676059e-01 2.715305863090663463e-01 1.065038332588673198e+00 1.583400719205225293e+00 1.686246513231093758e+00 1.489247450521480403e+02 1.804324011652864783e+02
3.368421052631579427e-01 2.113589433552022501e-01 3.158690315554634198e-01 1.065726823937794610e+00 1.583630904076426038e+00 1.686071707799249531e+00 1.498829188281076199e+02 1.817505953822833078e+02
3.842105263157894468e-01 2.405962845660612748e-01 3.601454730288166095e-01 1.066722130705140659e+00 1.583979946697560592e+00 1.685861567847351861e+00 1.512279456270766218e+02 1.835947900100134973e+02
4.315789473684210620e-01 2.695577628051734620e-01 4.043451369659537553e-01 1.068058812480146003e+00 1.584454998126634262e+00 1.685605654874141379e+00 1.530182271791731807e+02 1.860423296740093804e+02
4.789473684210526772e-01 2.981858764356305480e-01 4.484551069336952245e-01 1.069763758644376006e+00 1.585059595391576925e+00 1.685297819140803455e+00 1.553052576003254046e+02 1.891607210223423294e+02
5.263157894736841813e-01 3.264283580637842297e-01 4.924654644171282958e-01 1.071851744670572648e+00 1.585793613174011796e+00 1.684934337395253667e+00 1.581325161378321127e+02 1.930063143493792381e+02
5.736842105263157965e-01 3.542441868429033747e-01 5.363701411418425602e-01 1.074334420352853092e+00 1.586652069564960632e+00 1.684513968345270563e+00 1.615354327104306265e+02 1.976243147051020514e+02
6.210526315789474117e-01 3.815995284769767570e-01 5.801673737086332494e-01 1.077202262477382710e+00 1.587626662828937496e+00 1.684038447007141226e+00 1.655420151617893509e+02 2.030496467211380605e+02
6.684210526315789158e-01 4.084744023915015676e-01 6.238597381609880532e-01 1.080442645522478262e+00 1.588705146182276540e+00 1.683510314818258413e+00 1.701737109455144719e+02 2.093081364842607002e+02
7.157894736842105310e-01 4.348595834427668727e-01 6.674538689720078688e-01 1.084033468539281619e+00 1.589873067044221822e+00 1.682933598502812655e+00 1.754468141087779429e+02 2.164183193501692131e+02
7.631578947368421462e-01 4.607577677792921156e-01 7.109599157215185095e-01 1.087950819235036892e+00 1.591115034585170118e+00 1.682313510089001429e+00 1.813737432919196806e+02 2.243930847604874828e+02
8.105263157894736503e-01 4.861804444982548157e-01 7.543908468986362248e-01 1.092165716082814431e+00 1.592415029995691622e+00 1.681655483743941915e+00 1.879642678140444616e+02 2.332412398907855788e+02
8.578947368421052655e-01 5.111448677266328122e-01 7.977616790814684444e-01 1.096643747430805726e+00 1.593757344537208409e+00 1.680965077619258174e+00 1.952264481529248314e+02 2.429687201877189580e+02
9.052631578947368807e-01 5.356772470257057384e-01 8.410887565714798564e-01 1.101356569688002995e+00 1.595127227339863341e+00 1.680247680305534841e+00 2.031675060905028829e+02 2.535796703835204653e+02
9.526315789473683848e-01 5.598069417383063628e-01 8.843891227455792370e-01 1.106274120911114434e+00 1.596511114145816812e+00 1.679508366513300377e+00 2.117944688412998460e+02 2.650772202777285429e+02
1.000000000000000000e+00 5.835668344520240636e-01 9.276798937049838267e-01 1.111368824772254182e+00 1.597896576298991178e+00 1.678752003956105687e+00 2.211143729714619042e+02 2.774637954641103761e+02
