1.000000000000000056e-01 6.297328103058201509e-02 9.384280380081184980e-02 1.065637589426020826e+00 1.584362642036797553e+00 1.687718584913647124e+00 1.478871907040197584e+02 1.789480109478087684e+02
1.473684210526315930e-01 9.278890734079338343e-02 1.382902098640749755e-01 1.065078149387924000e+00 1.583799496810354146e+00 1.687126392594270108e+00 1.478806366265031329e+02 1.789563411716382006e+02
1.947368421052631526e-01 1.225723195519988901e-01 1.827270017676079772e-01 1.064920586939891001e+00 1.583566411346882585e+00 1.686811364515470091e+00 1.480348201459588040e+02 1.791806903061236369e+02
2.421052631578947401e-01 1.522876314679487419e-01 2.271417805180514227e-01 1.065026128228069968e+00 1.583507484600602533e+00 1.686589519612248456e+00 1.483942468837867352e+02 1.796881172250699308e+02
2.894736842105263275e-01 1.818826192156800803e-01 2.715181585042309442e-01 1.065389693283503192e+00 1.583586027190955869e+00 1.686391325464668078e+00 1.490320919597099589e+02 1.805819166756826917e+02
3.368421052631579427e-01 2.112912134051990742e-01 3.158349429923191787e-01 1.066058535375591143e+00 1.583801399214044947e+00 1.686180838773527979e+00 1.500337612522633890e+02 1.819812952810953277e+02
3.842105263157894468e-01 2.404313193731831277e-01 3.600669277301286608e-01 1.067079236143973375e+00 1.584163171290389638e+00 1.685935050692370485e+00 1.514897358912988636e+02 1.840122734083190039e+02
4.315789473684210620e-01 2.692105107631197480e-01 4.041863689427548367e-01 1.068499032153632289e+00 1.584683409758924633e+00 1.685637608853106650e+00 1.534907376499300540e+02 1.868013282244165509e+02
4.789473684210526772e-01 2.975320876579492513e-01 4.481649002059623355e-01 1.070358705398166022e+00 1.585372160046743195e+00 1.685277653517343710e+00 1.561233264069944369e+02 1.904697404928360811e+02
5.263157894736841813e-01 3.253025743816773119e-01 4.919757674083246046e-01 1.072690089070915898e+00 1.586232740953019693e+00 1.684847623448958664e+00 1.594666551105822236e+02 1.951293250529059264e+02
5.736842105263157965e-01 3.524354584015788605e-01 5.355959308657746165e-01 1.075504407700729637e+00 1.587262530863617460e+00 1.684344952903919168e+00 1.635902291611819805e+02 2.008795510785325860e+02
6.210526315789474117e-01 3.788570492252078536e-01 5.790077688430217417e-01 1.078792674825171716e+00 1.588451353582057912e+00 1.683770222520184268e+00 1.685528728024799534e+02 2.078061911994939521e+02
6.684210526315789158e-01 4.045155063077638946e-01 6.222001454919857677e-01 1.082542536925316545e+00 1.589782959936618667e+00 1.683127215197274040e+00 1.744031429488415768e+02 2.159817953901778083e+02
7.157894736842105310e-01 4.293728920580813235e-01 6.651687073285315055e-01 1.086714423039983668e+00 1.591236015086472610e+00 1.682422418122701657e+00 1.811805035343703310e+02 2.254671879278780011e+02
7.631578947368421462e-01 4.534125368809642787e-01 7.079155444106122186e-01 1.091266839606752637e+00 1.592787339647951717e+00 1.681663854064048946e+00 1.889172386089181543e+02 2.363138718442734216e+02
8.105263157894736503e-01 4.766340112029301967e-01 7.504483600428529799e-01 1.096151506599612357e+00 1.594412312623771699e+00 1.680860252469950300e+00 1.976405688818894362e+02 2.485667065512835450e+02
8.578947368421052655e-01 4.990530038015826286e-01 7.927793905858480095e-01 1.101322410029111243e+00 1.596087161221308337e+00 1.680020585431484692e+00 2.073748115378171804e+02 2.622666251492454990e+02
9.052631578947368807e-01 5.206918462810171677e-01 8.349242552167207565e-01 1.106725588020697426e+00 1.597790216552886555e+00 1.679154134450170588e+00 2.181430982003607539e+02 2.774527923217624448e+02
9.526315789473683848e-01 5.415824390829326873e-01 8.769008170488197251e-01 1.112313657652841403e+00 1.599501494348476216e+00 1.678268899218355870e+00 2.299688149490165756e+02 2.941644610728818634e+02
1.000000000000000000e+00 5.617639187415804924e-01 9.187283120833314998e-01 1.118046818094752481e+00 1.601204479307619222e+00 1.677372221667243091e+00 2.428768816165242583e+02 3.124425089126448825e+02
