1.000000000000000056e-01 6.295563571619561261e-02 9.383892304412502772e-02 1.066052086088988826e+00 1.583759752777618601e+00 1.686854854857926966e+00 1.483664166799541420e+02 1.795502127486662403e+02
1.473684210526315930e-01 9.275963692164097829e-02 1.382837506738409938e-01 1.065731089407461640e+00 1.583387819772797966e+00 1.686434126331708416e+00 1.484287501883079301e+02 1.796452042581031776e+02
1.947368421052631526e-01 1.225268611353378528e-01 1.827177616657464088e-01 1.065718353911254246e+00 1.583259084958854368e+00 1.686197751428790692e+00 1.486564726504323346e+02 1.799618922511974688e+02
2.421052631578947401e-01 1.522265641372260170e-01 2.271316776127898229e-01 1.065949463303915934e+00 1.583269891106521055e+00 1.686016954086981601e+00 1.490947647204029067e+02 1.805642409872974952e+02
2.894736842105263275e-01 1.818170406943450668e-01 2.715135286421019867e-01 1.066429726189120464e+00 1.583396467684202058e+00 1.685842826342853762e+00 1.498017802676060057e+02 1.815318868886874952e+02
3.368421052631579427e-01 2.112469797220418444e-01 3.158492157513436704e-01 1.067182235249117817e+00 1.583637093192781897e+00 1.685650244622510119e+00 1.508385325479891890e+02 1.829476495586679050e+02
3.842105263157894468e-01 2.404602181774383729e-01 3.601233252987796618e-01 1.068243619264143129e+00 1.583996967778590559e+00 1.685423491324876455e+00 1.522649172317394459e+02 1.848925053028442562e+02
4.315789473684210620e-01 2.693954467063456870e-01 4.043200861876852237e-01 1.069639656042232101e+00 1.584481325306094757e+00 1.685152498403378329e+00 1.541373071963076882e+02 1.874425753154676784e+02
4.789473684210526772e-01 2.979947865568736698e-01 4.484244493241402174e-01 1.071403985666770087e+00 1.585093212013926278e+00 1.684830419248219968e+00 1.565071974641740269e+02 1.906673629191142822e+02
5.263157894736841813e-01 3.261998231501206935e-01 4.924230809690307575e-01 1.073545948114597692e+00 1.585832992808254627e+00 1.684453508737685290e+00 1.594202173982994566e+02 1.946285568843063345e+02
5.736842105263157965e-01 3.539596363104375865e-01 5.363052376293396817e-01 1.076071336433586989e+00 1.586696509793519061e+00 1.684020222027086344e+00 1.629158079349543016e+02 1.993796257864997585e+02
6.210526315789474117e-01 3.812309239161996710e-01 5.800633990193014844e-01 1.078974705027123671e+00 1.587676496865713105e+00 1.683531177100097809e+00 1.670274120286292714e+02 2.049660690444512454e+02
6.684210526315789158e-01 4.079804881600548327e-01 6.236936066539835455e-01 1.082243211653457937e+00 1.588762016905167052e+00 1.682988900743838778e+00 1.717830584174411115e+02 2.114261698583660802e+02
7.157894736842105310e-01 4.341850422342335980e-01 6.671954853222548110e-01 1.085855746715324255e+00 1.589940140751117337e+00 1.682397338207039406e+00 1.772060079760465783e+02 2.187918534098963335e+02
7.631578947368421462e-01 4.598316838367850212e-01 7.105720970653731650e-01 1.089786235870173314e+00 1.591195945393640621e+00 1.681761031086499658e+00 1.833160286933967882e+02 2.270902305226525471e+02
8.105263157894736503e-01 4.849172431385113669e-01 7.538295083483899095e-01 1.094005777623933584e+00 1.592514101090413581e+00 1.681085447952717749e+00 1.901301803909007333e+02 2.363446345703796680e+02
8.578947368421052655e-01 5.094464294551229733e-01 7.969762954142998179e-01 1.098482613219106341e+00 1.593879419576259115e+00 1.680376267322331696e+00 1.976638116965445136e+02 2.465758552477175556e+02
9.052631578947368807e-01 5.334308265994919251e-01 8.400229946090553845e-01 1.103184439544500961e+00 1.595277208005057235e+00 1.679639114015985646e+00 2.059313913452633074e+02 2.578031690144041477e+02
9.526315789473683848e-01 5.568879649326740067e-01 8.829815527541672315e-01 1.108080424060239544e+00 1.596693816430758917e+00 1.678879380474335159e+00 2.149471801140425953e+02 2.700451716025887094e+02
1.000000000000000000e+00 5.798418070283491987e-01 9.258648377596749857e-01 1.113144802715260173e+00 1.598117006064785128e+00 1.678102144882169799e+00 2.247258187692208082e+02 2.833204871451021631e+02
