1.000000000000000056e-01 6.290898058987771935e-02 9.382837417022844850e-02 1.067337641032407580e+00 1.585429743434432215e+00 1.688378223214201279e+00 1.489554215199746068e+02 1.803295033823922608e+02
1.473684210526315930e-01 9.254792699993133476e-02 1.382373445293707259e-01 1.067751875496401270e+00 1.584989538227034256e+00 1.687307004006324718e+00 1.503634234637856650e+02 1.821852544162113361e+02
1.947368421052631526e-01 1.219668564027130975e-01 1.825970035517548162e-01 1.069400947125159318e+00 1.585221529314882805e+00 1.686541640096564487e+00 1.527562045917325122e+02 1.853229510831364735e+02
2.421052631578947401e-01 1.510705963835743126e-01 2.268871826797982660e-01 1.072048266446297804e+00 1.585872033923467095e+00 1.685816254965220473e+00 1.562050217293354422e+02 1.898414420270158303e+02
2.894736842105263275e-01 1.797693743872099681e-01 2.710898226694302693e-01 1.075607606062766175e+00 1.586844699435052686e+00 1.685044181449618206e+00 1.607829485668650022e+02 1.958397442352091389e+02
3.368421052631579427e-01 2.079838735282005802e-01 3.151906875143924425e-01 1.080003872476803295e+00 1.588079780659141571e+00 1.684195000445702473e+00 1.665514232595702993e+02 2.034014514680247316e+02
3.842105263157894468e-01 2.356508866543135794e-01 3.591803971096645953e-01 1.085154970744632186e+00 1.589526077206915300e+00 1.683261501866595733e+00 1.735601385458936363e+02 2.125949177430098018e+02
4.315789473684210620e-01 2.627275788612083440e-01 4.030546846040398146e-01 1.090977637562662084e+00 1.591135224001828830e+00 1.682248424934131625e+00 1.818493511253665815e+02 2.234763020066438628e+02
4.789473684210526772e-01 2.891855816817715530e-01 4.468140737727047118e-01 1.097366580559664184e+00 1.592860801385920899e+00 1.681165952886975345e+00 1.914531342394453759e+02 2.360935947179114009e+02
5.263157894736841813e-01 3.150139907689050722e-01 4.904630819978067491e-01 1.104222287108862943e+00 1.594660056677053017e+00 1.680027026673537760e+00 2.024019146377121388e+02 2.504898221108216205e+02
5.736842105263157965e-01 3.402171882524452351e-01 5.340092450834085236e-01 1.111454259256092758e+00 1.596495013252449358e+00 1.678845154728215050e+00 2.147246646654897120e+02 2.667057625078662682e+02
6.210526315789474117e-01 3.648060866895633803e-01 5.774621402484053645e-01 1.118967354446099405e+00 1.598333547465412119e+00 1.677633508438989951e+00 2.284507395815656992e+02 2.847822039012700088e+02
6.684210526315789158e-01 3.888028493230322180e-01 6.208324764146543329e-01 1.126686311212519387e+00 1.600148900597465618e+00 1.676403630588330751e+00 2.436105160887448164e+02 3.047607778369298899e+02
7.157894736842105310e-01 4.122335340237134327e-01 6.641313886471078565e-01 1.134542179111360793e+00 1.601921534991409324e+00 1.675166356425984215e+00 2.602363025063783653e+02 3.266850750895875990e+02
7.631578947368421462e-01 4.351255792395709587e-01 7.073699050964878943e-01 1.142472405246066414e+00 1.603634020567175078e+00 1.673929931942098159e+00 2.783626741391454402e+02 3.506010676777362960e+02
8.105263157894736503e-01 4.575104366095557595e-01 7.505585473808386032e-01 1.150429733597617021e+00 1.605275570192502776e+00 1.672701592755764688e+00 2.980262024966616536e+02 3.765568235513298418e+02
8.578947368421052655e-01 4.794173440200695246e-01 7.937071342607187052e-01 1.158370262186549482e+00 1.606839257479705907e+00 1.671487161757458706e+00 3.192657570053224845e+02 4.046028436552237508e+02
9.052631578947368807e-01 5.008780449565449766e-01 8.368245764847455082e-01 1.166263410544888579e+00 1.608320659010304965e+00 1.670291289625066122e+00 3.421218067901744462e+02 4.347913208959548683e+02
9.526315789473683848e-01 5.219211043960495511e-01 8.799189100077289272e-01 1.174080907869733181e+00 1.609717318683568710e+00 1.669117231750478547e+00 3.666367168914350714e+02 4.671764072015956231e+02
1.000000000000000000e+00 5.425755790961727110e-01 9.229972326147549699e-01 1.181803307781825296e+00 1.611028928474120603e+00 1.667967761047314257e+00 3.928540580631584476e+02 5.018134680656016258e+02
