1.000000000000000056e-01 6.291232823021940257e-02 9.383425376981413546e-02 1.066040613235609058e+00 1.584429749203112525e+00 1.687372325728549560e+00 1.488692392369702588e+02 1.801996084474596671e+02
1.473684210526315930e-01 9.260324614005610577e-02 1.382636950305970447e-01 1.066770229909698831e+00 1.584296598916915766e+00 1.686688262170079389e+00 1.501346703747260278e+02 1.818164498767380906e+02
1.947368421052631526e-01 1.221746828982924749e-01 1.826717167143139531e-01 1.068139553094350047e+00 1.584509309451348047e+00 1.686175789714314810e+00 1.518765668081803426e+02 1.840440944484237207e+02
2.421052631578947401e-01 1.515867752546171399e-01 2.270499963849354763e-01 1.069976996592556739e+00 1.584921846694888004e+00 1.685694395356581499e+00 1.540877981511469272e+02 1.868788813424890236e+02
2.894736842105263275e-01 1.807998516959622437e-01 2.713893058040208195e-01 1.072236865985230381e+00 1.585484351814935744e+00 1.685197967140811492e+00 1.567835757269801604e+02 1.903448177788873181e+02
3.368421052631579427e-01 2.097702610483837271e-01 3.156796317921143902e-01 1.074884652006017127e+00 1.586173291165086763e+00 1.684667252282903815e+00 1.599874155188009581e+02 1.944766582235151873e+02
3.842105263157894468e-01 2.384541357884090163e-01 3.599103814592903849e-01 1.077901445477805087e+00 1.586974749972796639e+00 1.684094244320836431e+00 1.637269954351791341e+02 1.993148602234545876e+02
4.315789473684210620e-01 2.668073959441688570e-01 4.040705611887938087e-01 1.081269382268905010e+00 1.587877431000006334e+00 1.683475626257020075e+00 1.680320460777729750e+02 2.049031182668736619e+02
4.789473684210526772e-01 2.947875093980936723e-01 4.481490307080840396e-01 1.084972257855957967e+00 1.588871056776032020e+00 1.682811088872052219e+00 1.729335215038520062e+02 2.112873335434956061e+02
5.263157894736841813e-01 3.223512889973123019e-01 4.921347258811477055e-01 1.088983326478752733e+00 1.589945343846168591e+00 1.682102246316852678e+00 1.784629225893834814e+02 2.185148274659714502e+02
5.736842105263157965e-01 3.494599436597650710e-01 5.360168597669140444e-01 1.093280531776225528e+00 1.591089555337262373e+00 1.681351939544000196e+00 1.846517065958841215e+02 2.266336541948009540e+02
6.210526315789474117e-01 3.760776415188668564e-01 5.797851109037422956e-01 1.097838064705843886e+00 1.592292504141425535e+00 1.680563833302268772e+00 1.915310364844550293e+02 2.356922949792625843e+02
6.684210526315789158e-01 4.021713779791208365e-01 6.234297402274532329e-01 1.102625638942795749e+00 1.593542837160844217e+00 1.679742315844644729e+00 1.991314272178534566e+02 2.457392577926435706e+02
7.157894736842105310e-01 4.277126352106414564e-01 6.669416713989112511e-01 1.107612760725848799e+00 1.594829160656276335e+00 1.678892158352576658e+00 2.074824743024092584e+02 2.568227517807289928e+02
7.631578947368421462e-01 4.526799007536336239e-01 7.103125029623961195e-01 1.112774064055757073e+00 1.596140431039430485e+00 1.678018496940317794e+00 2.166126218369002174e+02 2.689904234300552730e+02
8.105263157894736503e-01 4.770520212556189632e-01 7.535345423417323385e-01 1.118074537395865597e+00 1.597465960688263964e+00 1.677126333373047284e+00 2.265492091697495312e+02 2.822893518308556509e+02
8.578947368421052655e-01 5.008133388590702006e-01 7.966007009780000647e-01 1.123482932380123422e+00 1.598795271256467476e+00 1.676220872823162678e+00 2.373181169574349099e+02 2.967656550355321770e+02
9.052631578947368807e-01 5.239528380281540665e-01 8.395044223251741933e-01 1.128970242435172855e+00 1.600119737139246601e+00 1.675306776404714038e+00 2.489436144234705353e+02 3.124642580587621978e+02
9.526315789473683848e-01 5.464638726906646538e-01 8.822395673810612404e-01 1.134509865507737247e+00 1.601431171151384447e+00 1.674388639755170383e+00 2.614481792434325484e+02 3.294286378774370405e+02
1.000000000000000000e+00 5.683425298514901414e-01 9.248003256471007960e-01 1.140075637242018214e+00 1.602722516124606811e+00 1.673470708858705525e+00 2.748524471718305335e+02 3.477006732103957347e+02
