1.000000000000000056e-01 6.296249199136698393e-02 9.384028110433116632e-02 1.066099642185644347e+00 1.584311547109649165e+00 1.687528742018859607e+00 1.481782656968522360e+02 1.793146311971438820e+02
1.473684210526315930e-01 9.276312016510276925e-02 1.382837698217381506e-01 1.065624473381538539e+00 1.583779260797617550e+00 1.686931818113142523e+00 1.482559058443609388e+02 1.794354920878217854e+02
1.947368421052631526e-01 1.225136293379058133e-01 1.827119163821341874e-01 1.065599770894118947e+00 1.583592954432663236e+00 1.686598867097624632e+00 1.485641566584882014e+02 1.798660682346234694e+02
2.421052631578947401e-01 1.521668238206102253e-01 2.271105767076850579e-01 1.065908607627688465e+00 1.583604345742676722e+00 1.686345621298211750e+00 1.491685389591688988e+02 1.807007569901053330e+02
2.894736842105263275e-01 1.816586437650468677e-01 2.714605398681259052e-01 1.066560953287608582e+00 1.583781139196801968e+00 1.686101665148564965e+00 1.501582334947561890e+02 1.820638246249308168e+02
3.368421052631579427e-01 2.109109847742534627e-01 3.157380063024616268e-01 1.067608973921633453e+00 1.584123383999602064e+00 1.685830793741049050e+00 1.516307024371141665e+02 1.840905546748401491e+02
3.842105263157894468e-01 2.398317976159953790e-01 3.599156468933212283e-01 1.069100391370218173e+00 1.584638826350757812e+00 1.685509510080893225e+00 1.536849079788425740e+02 1.869187976725301610e+02
4.315789473684210620e-01 2.683213812630715900e-01 4.039642669574733391e-01 1.071076762520811521e+00 1.585336531580213704e+00 1.685123427742377000e+00 1.564168690654588829e+02 1.906832829610767419e+02
4.789473684210526772e-01 2.962783673783960237e-01 4.478548234549350471e-01 1.073566023971959549e+00 1.586219490661969989e+00 1.684663010149469287e+00 1.599158641749038168e+02 1.955108126651830958e+02
5.263157894736841813e-01 3.236085615739053845e-01 4.915605783453703692e-01 1.076584241234375128e+00 1.587284694822231668e+00 1.684124287800779163e+00 1.642618962248671437e+02 2.015169714863323804e+02
5.736842105263157965e-01 3.502272140076778673e-01 5.350589740860676180e-01 1.080120951868354995e+00 1.588520618093977044e+00 1.683507292535619593e+00 1.695241563979468822e+02 2.088041518032572128e+02
6.210526315789474117e-01 3.760670856117538374e-01 5.783329829862163818e-01 1.084152134519154487e+00 1.589909407609963798e+00 1.682816005998502451e+00 1.757607326019969491e+02 2.174611262258195836e+02
6.684210526315789158e-01 4.010812090879485869e-01 6.213717896609918245e-01 1.088642431481812167e+00 1.591428269536351081e+00 1.682057539848831329e+00 1.830195849620282900e+02 2.275641825242153686e+02
7.157894736842105310e-01 4.252382003950182510e-01 6.641707252986480681e-01 1.093535641609346687e+00 1.593050244366104096e+00 1.681240827825554396e+00 1.913399178808795682e+02 2.391788368981461019e+02
7.631578947368421462e-01 4.485268942684283444e-01 7.067306975586286066e-01 1.098775318433929060e+00 1.594747567340985661e+00 1.680375905969108796e+00 2.007542375904239407e+02 2.523623520521537955e+02
8.105263157894736503e-01 4.709520819663928770e-01 7.490572420598244907e-01 1.104303513863885922e+00 1.596493744385690361e+00 1.679473376592272471e+00 2.112903220496633594e+02 2.671661897691324157e+02
8.578947368421052655e-01 4.925304050325516325e-01 7.911594467507565565e-01 1.110061556198275179e+00 1.598264138075645935e+00 1.678543455717798949e+00 2.229730645402096911e+02 2.836382948591752324e+02
9.052631578947368807e-01 5.132863028995076071e-01 8.330488721035891331e-01 1.115991297309118391e+00 1.600037085795749103e+00 1.677595698813906688e+00 2.358258387841738966e+02 3.018248073074827857e+02
9.526315789473683848e-01 5.332526252713133408e-01 8.747386070446682149e-01 1.122043244664073347e+00 1.601794204649208186e+00 1.676638399381599420e+00 2.498717430758992180e+02 3.217716167200439941e+02
1.000000000000000000e+00 5.524649503174405840e-01 9.162425066798450812e-01 1.128171206725094855e+00 1.603519716001619466e+00 1.675679164537766441e+00 2.651343498912059999e+02 3.435252874128422036e+02
