1.000000000000000056e-01 6.281837372386948892e-02 9.381291997566372498e-02 1.070823292916241787e+00 1.586483220333736899e+00 1.688518463828599270e+00 1.511665366096310663e+02 1.831100272846550183e+02
1.473684210526315930e-01 9.232635673957385880e-02 1.382026422992662373e-01 1.072105423696572135e+00 1.586053438141155070e+00 1.686967956741281638e+00 1.537946821979157903e+02 1.865100452845775578e+02
1.947368421052631526e-01 1.215413958273628275e-01 1.825350576299851202e-01 1.074952386215608291e+00 1.586475379954167542e+00 1.685829886580278991e+00 1.577213624799709066e+02 1.915857456563675498e+02
2.421052631578947401e-01 1.503689291661005345e-01 2.267916196186877398e-01 1.078972449211799134e+00 1.587382660615813013e+00 1.684768249250929717e+00 1.629667573804721883e+02 1.983738022084854151e+02
2.894736842105263275e-01 1.787234361923268067e-01 2.709562816451318024e-01 1.083973456380836531e+00 1.588626425843916001e+00 1.683680135739878958e+00 1.695754753883384183e+02 2.069405907535164317e+02
3.368421052631579427e-01 2.065347099056278335e-01 3.150164345353505535e-01 1.089818290343483209e+00 1.590116180601694573e+00 1.682532262547913549e+00 1.775957665569796973e+02 2.173573037759248052e+02
3.842105263157894468e-01 2.337469723764104002e-01 3.589633121017232198e-01 1.096372133771918334e+00 1.591783118948926878e+00 1.681319137695399535e+00 1.870754848984746275e+02 2.296951545552164475e+02
4.315789473684210620e-01 2.603215394337142219e-01 4.027919474977305070e-01 1.103509643196391998e+00 1.593569144781508129e+00 1.680046888744211930e+00 1.980619518443897391e+02 2.440251812963333293e+02
4.789473684210526772e-01 2.862337834860305130e-01 4.465006956175920361e-01 1.111107438666252945e+00 1.595424622169390405e+00 1.678727095054459273e+00 2.106023902759928887e+02 2.604188615849809025e+02
5.263157894736841813e-01 3.114752596506721871e-01 4.900905589196439260e-01 1.119061380703686215e+00 1.597307750608692123e+00 1.677373298589536432e+00 2.247445447921368782e+02 2.789489055534150452e+02
5.736842105263157965e-01 3.360449594143571361e-01 5.335645103364339281e-01 1.127266264800623530e+00 1.599184154893157350e+00 1.675998805795134050e+00 2.405377693937729191e+02 2.996905270480900754e+02
6.210526315789474117e-01 3.599505683317292259e-01 5.769267640211460657e-01 1.135631494116471130e+00 1.601026564563528209e+00 1.674615881528062511e+00 2.580331621545950611e+02 3.227217113410860065e+02
6.684210526315789158e-01 3.832072071216842124e-01 6.201821895999247714e-01 1.144082795711696576e+00 1.602814244258511822e+00 1.673235294858046673e+00 2.772836201343864104e+02 3.481233095418595553e+02
7.157894736842105310e-01 4.058334009976865553e-01 6.633358787270150492e-01 1.152555720201855260e+00 1.604531878830740999e+00 1.671866255205228580e+00 2.983441181154976789e+02 3.759793751814847838e+02
7.631578947368421462e-01 4.278483757848083324e-01 7.063928070688000327e-01 1.160993141756873737e+00 1.606169200742760816e+00 1.670516366215352821e+00 3.212716412084549802e+02 4.063771244141539682e+02
8.105263157894736503e-01 4.492757192303882818e-01 7.493575495688767907e-01 1.169354408715989058e+00 1.607720060136394569e+00 1.669191439283655098e+00 3.461243366918267270e+02 4.394060095048066614e+02
8.578947368421052655e-01 4.701378299208933687e-01 7.922342141960000417e-01 1.177603935791546874e+00 1.609181447313889679e+00 1.667896128050408322e+00 3.729618918279577997e+02 4.751581064392302096e+02
9.052631578947368807e-01 4.904587709914315363e-01 8.350263048976834801e-01 1.185716814864829827e+00 1.610552416864990954e+00 1.666633918832209016e+00 4.018446555789012109e+02 5.137271572372615083e+02
9.526315789473683848e-01 5.102547096104169677e-01 8.777368590624775591e-01 1.193662155833755678e+00 1.611833868603565589e+00 1.665407296837307261e+00 4.328350879969361813e+02 5.552101493800101935e+02
1.000000000000000000e+00 5.295513432742321447e-01 9.203681360141297008e-01 1.201432214691836808e+00 1.613028269403007364e+00 1.664217982394685880e+00 4.659939968130159400e+02 5.997031493467932250e+02
