1.000000000000000056e-01 6.263484144993908265e-02 9.381764164394562622e-02 1.074723047081043603e+00 1.587702769668000835e+00 1.687692898172589828e+00 1.564249449801120591e+02 1.895400271859944041e+02
1.473684210526315930e-01 9.195773318354090453e-02 1.382223929234251691e-01 1.078695793747306508e+00 1.587860949472939653e+00 1.685727432077393617e+00 1.619231624633016224e+02 1.964149083434820966e+02
1.947368421052631526e-01 1.209980887763669744e-01 1.825936365104099401e-01 1.083729064087152416e+00 1.588629127591793866e+00 1.684186892682354220e+00 1.683463600963340241e+02 2.044660697911468219e+02
2.421052631578947401e-01 1.497163458258610469e-01 2.269233194154839928e-01 1.089385912147178059e+00 1.589671344677133780e+00 1.682781794929217645e+00 1.756452758548840052e+02 2.136411329805880541e+02
2.894736842105263275e-01 1.780755449937927171e-01 2.712035078153657297e-01 1.095483723216905236e+00 1.590864699978345342e+00 1.681422740442767960e+00 1.838271165066050230e+02 2.239570205573588169e+02
3.368421052631579427e-01 2.060421041553578692e-01 3.154265065925617728e-01 1.101919491630999781e+00 1.592148430757586386e+00 1.680076925166845925e+00 1.929194064190638471e+02 2.354562081315587818e+02
3.842105263157894468e-01 2.335853913729771525e-01 3.595849497832087072e-01 1.108618945817660961e+00 1.593485704471704123e+00 1.678732356801681647e+00 2.029592531826084780e+02 2.481937581081137694e+02
4.315789473684210620e-01 2.606780596428163732e-01 4.036718664243207910e-01 1.115522305835207062e+00 1.594850963976421232e+00 1.677385809905394876e+00 2.139891229644429131e+02 2.622322322819141505e+02
4.789473684210526772e-01 2.872970978217383453e-01 4.476806987621994027e-01 1.122581592930411709e+00 1.596225456387988517e+00 1.676038375472716613e+00 2.260544549827590117e+02 2.776388678938035355e+02
5.263157894736841813e-01 3.134217118775328159e-01 4.916053181794062255e-01 1.129749864134848680e+00 1.597594173389472738e+00 1.674692906664150716e+00 2.392030896967591218e+02 2.944849092560654640e+02
5.736842105263157965e-01 3.390345760100328398e-01 5.354399961668216967e-01 1.136985895515584266e+00 1.598945160994497794e+00 1.673353184992049991e+00 2.534841827192307164e+02 3.128443527864816360e+02
6.210526315789474117e-01 3.641223081452670263e-01 5.791793335933850262e-01 1.144254730967521727e+00 1.600268846520523036e+00 1.672023236375630217e+00 2.689474878045752462e+02 3.327931734747686505e+02
6.684210526315789158e-01 3.886743865777069762e-01 6.228182384434044483e-01 1.151524709223576304e+00 1.601557683688524802e+00 1.670707333188863331e+00 2.856433405540901731e+02 3.544092986682210267e+02
7.157894736842105310e-01 4.126828308439165482e-01 6.663518241900131533e-01 1.158766921055075061e+00 1.602805627768274732e+00 1.669409127779913238e+00 3.036219556071069405e+02 3.777718612287131918e+02
7.631578947368421462e-01 4.361408659009764488e-01 7.097753980799027529e-01 1.165953441425283454e+00 1.604008575342477982e+00 1.668132040956182616e+00 3.229336507695845171e+02 4.029614279373195131e+02
8.105263157894736503e-01 4.590451409607509414e-01 7.530843310565988880e-01 1.173062473958387697e+00 1.605163456903140773e+00 1.666879113825691094e+00 3.436278113261364524e+02 4.300588664108134367e+02
8.578947368421052655e-01 4.813944710853120257e-01 7.962740124577660783e-01 1.180075504923295160e+00 1.606268183323988907e+00 1.665652907109026026e+00 3.657527739495290575e+02 4.591451934599123774e+02
9.052631578947368807e-01 5.031868236675476336e-01 8.393398453502929346e-01 1.186972585818608650e+00 1.607321586666648816e+00 1.664455739670529510e+00 3.893562793366737083e+02 4.903020624691691296e+02
9.526315789473683848e-01 5.244241589704820017e-01 8.822770927856138368e-01 1.193741016594115578e+00 1.608323280298080027e+00 1.663289390909892473e+00 4.144836264216893369e+02 5.236096315783095179e+02
1.000000000000000000e+00 5.451074576985143194e-01 9.250809338085623779e-01 1.200366884578365489e+00 1.609273647271225238e+00 1.662155175193794410e+00 4.411787374862066144e+02 5.591476884761796100e+02
