1.000000000000000056e-01 6.295412796260833888e-02 9.383839703230996421e-02 1.065581274158514002e+00 1.583735413570263928e+00 1.686907375189574676e+00 1.482069261216542486e+02 1.793607900387022198e+02
1.473684210526315930e-01 9.273543983174767358e-02 1.382780406503293646e-01 1.065474969062172317e+00 1.583457392382551676e+00 1.686492620345396709e+00 1.484827979587793436e+02 1.797348074720893010e+02
1.947368421052631526e-01 1.224507522769038709e-01 1.827009545238833521e-01 1.065772351831924869e+00 1.583439180949398839e+00 1.686226785895787783e+00 1.490478757208331331e+02 1.804900816481599577e+02
2.421052631578947401e-01 1.520611077249697241e-01 2.270969989664251842e-01 1.066423967449457777e+00 1.583586094151946622e+00 1.685991167718267736e+00 1.499506297994498993e+02 1.816928338382094239e+02
2.894736842105263275e-01 1.815192762148082617e-01 2.714547493796956590e-01 1.067425231668122088e+00 1.583873520309373450e+00 1.685741691784786722e+00 1.512435304591692216e+02 1.834133135145131632e+02
3.368421052631579427e-01 2.107751462463331449e-01 3.157621925492963277e-01 1.068792864807841525e+00 1.584294383570251208e+00 1.685457137676701578e+00 1.529758280632110825e+02 1.857172109893481888e+02
3.842105263157894468e-01 2.397774792863438253e-01 3.600074647054241073e-01 1.070541769982877200e+00 1.584845612646747393e+00 1.685125912406572279e+00 1.551918412172331614e+02 1.886636444428512789e+02
4.315789473684210620e-01 2.684760398252947211e-01 4.041795320769229205e-01 1.072679781811384903e+00 1.585523756363325321e+00 1.684741979954213820e+00 1.579303894332225298e+02 1.923045685397018758e+02
4.789473684210526772e-01 2.968253719564583615e-01 4.482688291228591471e-01 1.075211323143132613e+00 1.586323203582268970e+00 1.684302768455963273e+00 1.612250630864130017e+02 1.966851148566100562e+02
5.263157894736841813e-01 3.247835354050720436e-01 4.922677163065855011e-01 1.078125062126672473e+00 1.587235636518819604e+00 1.683808162855829682e+00 1.651044260761514693e+02 2.018439159398734262e+02
5.736842105263157965e-01 3.523174191172570580e-01 5.361708045446860194e-01 1.081409652306502212e+00 1.588250312845530532e+00 1.683259939730904930e+00 1.695926552929012416e+02 2.078139008925100768e+02
6.210526315789474117e-01 3.793989937696075621e-01 5.799750857492692591e-01 1.085040180449939884e+00 1.589354795470493853e+00 1.682661518071593809e+00 1.747102020772707647e+02 2.146231371303914557e+02
6.684210526315789158e-01 4.060081822228140402e-01 6.236798823106453060e-01 1.088988552986376090e+00 1.590535303098020936e+00 1.682017284237319776e+00 1.804744691618386980e+02 2.222957004478594456e+02
7.157894736842105310e-01 4.321343110423841449e-01 6.672866893875056826e-01 1.093228283385500488e+00 1.591777290473969098e+00 1.681332099305496097e+00 1.869005806945491770e+02 2.308526209142157484e+02
7.631578947368421462e-01 4.577720647914905183e-01 7.107989058535504334e-01 1.097727118116651690e+00 1.593066415995863183e+00 1.680611366082871205e+00 1.940020674043762199e+02 2.403127391770881047e+02
8.105263157894736503e-01 4.829221244414382830e-01 7.542215111334478195e-01 1.102452254906236773e+00 1.594388824986046282e+00 1.679860548991006564e+00 2.017914589188587229e+02 2.506934428670369073e+02
8.578947368421052655e-01 5.075888448530195829e-01 7.975607273285497678e-01 1.107368599384736418e+00 1.595731521911847528e+00 1.679084948901798935e+00 2.102807856062746623e+02 2.620112839417147370e+02
9.052631578947368807e-01 5.317856136656732291e-01 8.408236505371123881e-01 1.112451951233348835e+00 1.597082803630376358e+00 1.678289762591133938e+00 2.194818702809836282e+02 2.742823724136533770e+02
9.526315789473683848e-01 5.555249709267869873e-01 8.840180057879439834e-01 1.117671383405913543e+00 1.598432172387735495e+00 1.677479667590169754e+00 2.294068416344791501e+02 2.875229513083932602e+02
1.000000000000000000e+00 5.788218578559768401e-01 9.271518362581897543e-01 1.122998478976182879e+00 1.599770471793096727e+00 1.676658966679971163e+00 2.400682334066879662e+02 3.017495615721167042e+02
