1.000000000000000056e-01 6.299350745826627629e-02 9.384753526153748193e-02 1.064030405765771903e+00 1.583935740471726916e+00 1.687594225310428353e+00 1.471880871569901785e+02 1.780752818130512765e+02
1.473684210526315930e-01 9.282780532267538576e-02 1.382994948948248481e-01 1.063562356154912569e+00 1.583527082696187360e+00 1.687189800511477378e+00 1.471291788320301066e+02 1.780115565889009588e+02
1.947368421052631526e-01 1.226445502906077373e-01 1.827455241022559185e-01 1.063371640314371369e+00 1.583347996890161813e+00 1.686983075264902654e+00 1.471687726853762967e+02 1.780791254536040640e+02
2.421052631578947401e-01 1.524217236121206132e-01 2.271775889977187546e-01 1.063350977256461327e+00 1.583283742501446545e+00 1.686844406860005030e+00 1.473259397432061917e+02 1.783113577703174712e+02
2.894736842105263275e-01 1.821224833171036783e-01 2.715827437162299240e-01 1.063495842851490902e+00 1.583308965469497398e+00 1.686724915292672433e+00 1.476513844817540644e+02 1.787824182798959214e+02
3.368421052631579427e-01 2.116936562703909952e-01 3.159426381652902238e-01 1.063835844073886427e+00 1.583426605950415400e+00 1.686597745973426266e+00 1.482130295523263328e+02 1.795893482110257651e+02
3.842105263157894468e-01 2.410640237654612661e-01 3.602336341238294715e-01 1.064413141545939911e+00 1.583650439106848884e+00 1.686445256258506831e+00 1.490897469337596704e+02 1.808439217554178526e+02
4.315789473684210620e-01 2.701490355622739870e-01 4.044276943555039083e-01 1.065283659231944124e+00 1.583997966217775222e+00 1.686252406346503863e+00 1.503666351244015118e+02 1.826662652776958282e+02
4.789473684210526772e-01 2.988512727207028874e-01 4.484940091524390327e-01 1.066494182646787303e+00 1.584485965212718561e+00 1.686007380265623912e+00 1.521303808942573426e+02 1.851786303097192956e+02
5.263157894736841813e-01 3.270701365070650679e-01 4.924012513565274030e-01 1.068092405117944121e+00 1.585128084511450375e+00 1.685701245652208469e+00 1.544647124932068607e+02 1.884993302149032957e+02
5.736842105263157965e-01 3.547065226551618933e-01 5.361201744178177853e-01 1.070110929873658190e+00 1.585931784353055152e+00 1.685327555134575883e+00 1.574467234554063566e+02 1.927378301059949308e+02
6.210526315789474117e-01 3.816705581386591883e-01 5.796260854096948467e-01 1.072567451608955169e+00 1.586897802933679102e+00 1.684883518770274868e+00 1.611439217494135505e+02 1.979909098705554129e+02
6.684210526315789158e-01 4.078896953482633037e-01 6.229008637511626034e-01 1.075468543900081286e+00 1.588019618020837243e+00 1.684369588779354387e+00 1.656129787886068243e+02 2.043409969793992786e+02
7.157894736842105310e-01 4.333096279943051687e-01 6.659341933955515991e-01 1.078801097178160751e+00 1.589283923194576342e+00 1.683788977220443295e+00 1.708998945291052394e+02 2.118563623797700473e+02
7.631578947368421462e-01 4.578972900940397883e-01 7.087238568695696239e-01 1.082539977466794756e+00 1.590672792989780593e+00 1.683147399872339633e+00 1.770410651836129716e+02 2.205925582031380827e+02
8.105263157894736503e-01 4.816399408540250615e-01 7.512753196977065562e-01 1.086649759591851616e+00 1.592165031354893179e+00 1.682452097123870560e+00 1.840654918494931280e+02 2.305952280937423211e+02
8.578947368421052655e-01 5.045441984116251222e-01 7.936007213314726361e-01 1.091091902872820985e+00 1.593737813664731995e+00 1.681711517137909562e+00 1.919971803957299414e+02 2.419031964012696676e+02
9.052631578947368807e-01 5.266281576276441445e-01 8.357175410100351476e-01 1.095817133912781127e+00 1.595368125365370870e+00 1.680933842686057611e+00 2.008573295448605904e+02 2.545512964628646557e+02
9.526315789473683848e-01 5.479256975468546065e-01 8.776472579835183918e-01 1.100786733129308415e+00 1.597035491541668017e+00 1.680127742327537144e+00 2.106666527979215573e+02 2.685732857410238239e+02
1.000000000000000000e+00 5.684748842503547506e-01 9.194140114952983334e-01 1.105955291424543407e+00 1.598720831085420624e+00 1.679300746109177567e+00 2.214467687113966576e+02 2.840036400010780540e+02
