1.000000000000000056e-01 6.296679333217303220e-02 9.384146452901930002e-02 1.066507390246684617e+00 1.584731789732100715e+00 1.687965719024067113e+00 1.481945622784522243e+02 1.793276780127292511e+02
1.473684210526315930e-01 9.278235859145111952e-02 1.382891864552903138e-01 1.065795606310253163e+00 1.584021572809896750e+00 1.687234492266574071e+00 1.481505326016555557e+02 1.792871552678995499e+02
1.947368421052631526e-01 1.225724827039173792e-01 1.827284690142044199e-01 1.065530514538705287e+00 1.583703841182458216e+00 1.686854680951092478e+00 1.482491497372269009e+02 1.794363451412772008e+02
2.421052631578947401e-01 1.523087426451026072e-01 2.271499089430282226e-01 1.065530245933569375e+00 1.583576906605897561e+00 1.686601541687675621e+00 1.485173093494778982e+02 1.798189472834148717e+02
2.894736842105263275e-01 1.819477120554229554e-01 2.715397546215601032e-01 1.065763643774470193e+00 1.583586966100646531e+00 1.686393394235356613e+00 1.490129257976686006e+02 1.805176077964787567e+02
3.368421052631579427e-01 2.114318615932640477e-01 3.158799527170543797e-01 1.066251076667352526e+00 1.583723331278616531e+00 1.686189423788190256e+00 1.498071802319990127e+02 1.816320444229397140e+02
3.842105263157894468e-01 2.406927151013697475e-01 3.601487187265022261e-01 1.067040565468980962e+00 1.583991299454612811e+00 1.685965221734229802e+00 1.509775582725823426e+02 1.832701721691367993e+02
4.315789473684210620e-01 2.696494693735432824e-01 4.043215987625264907e-01 1.068172262599662803e+00 1.584399263376595535e+00 1.685702570210111606e+00 1.526031341190721662e+02 1.855420275858051866e+02
4.789473684210526772e-01 2.982162007870280962e-01 4.483730478751625781e-01 1.069686611410313182e+00 1.584957601292354301e+00 1.685389954964886750e+00 1.547610202505151165e+02 1.885550586431172917e+02
5.263157894736841813e-01 3.263058240274767652e-01 4.922782453777920786e-01 1.071613743402743291e+00 1.585671397872965072e+00 1.685018539470767296e+00 1.575231800207021422e+02 1.924100124911388718e+02
5.736842105263157965e-01 3.538355647501216783e-01 5.360149762272276019e-01 1.073970494718210933e+00 1.586541625126672406e+00 1.684583748141184945e+00 1.609541451292385545e+02 1.971979621751135880e+02
6.210526315789474117e-01 3.807348504137331724e-01 5.795652866346979737e-01 1.076766269957503575e+00 1.587563465242299188e+00 1.684084071547598427e+00 1.651098322979177908e+02 2.029987503284750403e+02
6.684210526315789158e-01 4.069453344612026235e-01 6.229166510155786929e-01 1.079991492293034705e+00 1.588725420626610374e+00 1.683520793850761033e+00 1.700372133870457674e+02 2.098805755100347312e+02
7.157894736842105310e-01 4.324237840697321977e-01 6.660625686106457222e-01 1.083621927619577763e+00 1.590012815023341020e+00 1.682897639700751347e+00 1.757749546717572287e+02 2.179007946564951510e+02
7.631578947368421462e-01 4.571474221746296140e-01 7.090025724192421386e-01 1.087632859906332294e+00 1.591406467608084130e+00 1.682220715697954505e+00 1.823547836491229930e+02 2.271076499987999853e+02
8.105263157894736503e-01 4.811070055717207583e-01 7.517417480077335235e-01 1.091986595766403445e+00 1.592885775714771635e+00 1.681496950205287888e+00 1.898031646074407774e+02 2.375423921084219216e+02
8.578947368421052655e-01 5.043060036380657696e-01 7.942899072803488725e-01 1.096639106183252999e+00 1.594429561901445247e+00 1.680733686213316869e+00 1.981429852158267124e+02 2.492414286040825857e+02
9.052631578947368807e-01 5.267610187063339611e-01 8.366606291114871974e-01 1.101548807157298304e+00 1.596017676378232109e+00 1.679938638740732681e+00 2.073953044687831095e+02 2.622385144772265448e+02
9.526315789473683848e-01 5.484972924773808822e-01 8.788702578685839706e-01 1.106674344543774335e+00 1.597631565645160512e+00 1.679119330750002081e+00 2.175807395931997803e+02 2.765665010919375959e+02
1.000000000000000000e+00 5.695475081140413121e-01 9.209369936938039958e-01 1.111978348574603093e+00 1.599254551391365409e+00 1.678282645470873469e+00 2.287206591751506153e+02 2.922588172679454601e+02
