1.000000000000000056e-01 6.295846525652012970e-02 9.384005768480144227e-02 1.065575410119879995e+00 1.584320287320799547e+00 1.687605576173230926e+00 1.480509376265495689e+02 1.791644067366573836e+02
1.473684210526315930e-01 9.273702952973371383e-02 1.382812052008977610e-01 1.065391391903269591e+00 1.583900185769395286e+00 1.687006977148088227e+00 1.484060634878264864e+02 1.796336898325544666e+02
1.947368421052631526e-01 1.224569382236185694e-01 1.827093207925397089e-01 1.065702878234715101e+00 1.583814958654947702e+00 1.686643189387327491e+00 1.490358321138274675e+02 1.804575719785124761e+02
2.421052631578947401e-01 1.520889558703244770e-01 2.271176413258897409e-01 1.066350424000658936e+00 1.583908629687611924e+00 1.686349510479973057e+00 1.499457671005382053e+02 1.816473056013053053e+02
2.894736842105263275e-01 1.816005563071042272e-01 2.714982201628612923e-01 1.067296878521466041e+00 1.584132660834310258e+00 1.686068802814886247e+00 1.511577532374537043e+02 1.832340765742600013e+02
3.368421052631579427e-01 2.109560104490791344e-01 3.158419978727489696e-01 1.068536903630146417e+00 1.584468676306461488e+00 1.685775332063006449e+00 1.526983826200633132e+02 1.852550753027986161e+02
3.842105263157894468e-01 2.401167264136802593e-01 3.601389191843680226e-01 1.070073751839473619e+00 1.584908441452436145e+00 1.685455173657557815e+00 1.545959238620588394e+02 1.877499012185959657e+02
4.315789473684210620e-01 2.690388614913848397e-01 4.043781010701587575e-01 1.071900688133567758e+00 1.585448141927481958e+00 1.685100870962569219e+00 1.568792699317843073e+02 1.907593287941516280e+02
4.789473684210526772e-01 2.976806493653568197e-01 4.485480582848374032e-01 1.074026272359858147e+00 1.586084297199800597e+00 1.684707529349554367e+00 1.595772387638788246e+02 1.943244714407882725e+02
5.263157894736841813e-01 3.259980920873550847e-01 4.926369516948975180e-01 1.076448735991982097e+00 1.586813505624699028e+00 1.684272776968027907e+00 1.627182937806987297e+02 1.984864680649675961e+02
5.736842105263157965e-01 3.539458786170665006e-01 5.366328619428434310e-01 1.079157850684987707e+00 1.587631324614803496e+00 1.683795669174210641e+00 1.663301810470363762e+02 2.032860523073355523e+02
6.210526315789474117e-01 3.814840769610144400e-01 5.805240554083175297e-01 1.082152033559545146e+00 1.588532376861244710e+00 1.683276763351539085e+00 1.704395653330786047e+02 2.087631239618410177e+02
6.684210526315789158e-01 4.085712384774525807e-01 6.242992742631809922e-01 1.085413984691139255e+00 1.589509787258828410e+00 1.682717246329605842e+00 1.750720834581050838e+02 2.149567789437457179e+02
7.157894736842105310e-01 4.351711197817018650e-01 6.679479158627467106e-01 1.088928938807547819e+00 1.590555781162571014e+00 1.682119395865649514e+00 1.802519322910138442e+02 2.219048489800772472e+02
7.631578947368421462e-01 4.612506699073314342e-01 7.114602175009563378e-01 1.092677188945455180e+00 1.591661632148252181e+00 1.681486097596758711e+00 1.860018530451621643e+02 2.296438567315241528e+02
8.105263157894736503e-01 4.867835771201441952e-01 7.548273567162229192e-01 1.096641586108077826e+00 1.592818006111507367e+00 1.680820791284188154e+00 1.923430372329317777e+02 2.382088994362924552e+02
8.578947368421052655e-01 5.117448162200014528e-01 7.980415248983443455e-01 1.100795736177182738e+00 1.594015363067492697e+00 1.680127405429519216e+00 1.992952405129885562e+02 2.476337525572573668e+02
9.052631578947368807e-01 5.361161550211214211e-01 8.410958833467718776e-01 1.105116402786703977e+00 1.595243902620085530e+00 1.679409923682766426e+00 2.068765549439877702e+02 2.579506041532696941e+02
9.526315789473683848e-01 5.598832132618152269e-01 8.839845299635076259e-01 1.109578220868685738e+00 1.596494088314183823e+00 1.678672484091323636e+00 2.151035683782984336e+02 2.691902051697558704e+02
1.000000000000000000e+00 5.830362769649000132e-01 9.267023993245405711e-01 1.114156405693816021e+00 1.597756844340440852e+00 1.677919240285647984e+00 2.239913672400083726e+02 2.813818482212717527e+02
