1.000000000000000056e-01 6.293591780467498731e-02 9.383439626243531007e-02 1.067053683491069993e+00 1.585276058765454188e+00 1.688369392526188895e+00 1.485983545191054702e+02 1.798600447790038288e+02
1.473684210526315930e-01 9.265167123540908600e-02 1.382600340874019784e-01 1.066919045543995415e+00 1.584668715150384877e+00 1.687396650808580256e+00 1.493618124951990183e+02 1.808757021990873852e+02
1.947368421052631526e-01 1.222284925862114069e-01 1.826528071775454232e-01 1.067721015756166070e+00 1.584643798001850179e+00 1.686772136849654213e+00 1.507549659931839301e+02 1.827133024553790790e+02
2.421052631578947401e-01 1.515937408810031084e-01 2.269953182657387936e-01 1.069241437734937517e+00 1.584961697897701027e+00 1.686230369528567641e+00 1.528358303308308734e+02 1.854563305152369423e+02
2.894736842105263275e-01 1.806685988139750676e-01 2.712685030213582982e-01 1.071432310452000936e+00 1.585545900925450225e+00 1.685678494863477095e+00 1.556794548017467434e+02 1.892087241058447091e+02
3.368421052631579427e-01 2.093711316599492778e-01 3.154528014531212676e-01 1.074273160742999833e+00 1.586361897232577478e+00 1.685076809950638577e+00 1.593602827232818981e+02 1.940738923350932907e+02
3.842105263157894468e-01 2.376212011929677848e-01 3.595293905359145947e-01 1.077743379617161601e+00 1.587385305217465570e+00 1.684407325242769149e+00 1.639478843118630209e+02 2.001496756323360842e+02
4.315789473684210620e-01 2.653478110761905429e-01 4.034813067920377527e-01 1.081824094798530478e+00 1.588592860779441507e+00 1.683664009652209748e+00 1.695055978356287198e+02 2.075267720334919943e+02
4.789473684210526772e-01 2.924857066836912267e-01 4.472943295530470986e-01 1.086465877211249875e+00 1.589958861449025207e+00 1.682847483001434608e+00 1.760904975053865087e+02 2.162887265652576048e+02
5.263157894736841813e-01 3.189834764432218916e-01 4.909575230533617107e-01 1.091617116470156468e+00 1.591455591908134126e+00 1.681963077567836473e+00 1.837538466651512863e+02 2.265124958150728389e+02
5.736842105263157965e-01 3.448030561053874177e-01 5.344634085815218594e-01 1.097218591880199767e+00 1.593054001737628456e+00 1.681018868087369444e+00 1.925420013722147701e+02 2.382695591720936079e+02
6.210526315789474117e-01 3.699169565476838062e-01 5.778078246691704667e-01 1.103199815193572464e+00 1.594725526679483529e+00 1.680024865578320981e+00 2.024974330799942663e+02 2.516271538333809019e+02
6.684210526315789158e-01 3.943116323793430800e-01 6.209894886824232074e-01 1.109495107959606486e+00 1.596442515384863814e+00 1.678991308674150584e+00 2.136596299472199405e+02 2.666494331235320487e+02
7.157894736842105310e-01 4.179829600135918644e-01 6.640095060296731244e-01 1.116037803092849945e+00 1.598180030316276756e+00 1.677928603690833853e+00 2.260661841860146808e+02 2.833987387340922623e+02
7.631578947368421462e-01 4.409363540447586161e-01 7.068707592904761583e-01 1.122767251130730060e+00 1.599916181458890918e+00 1.676846568449090302e+00 2.397534542462070419e+02 3.019364444083857393e+02
8.105263157894736503e-01 4.631824749816014219e-01 7.495773538579932893e-01 1.129624616834748796e+00 1.601630853787168629e+00 1.675754646008203785e+00 2.547572169127798247e+02 3.223237440596949455e+02
8.578947368421052655e-01 4.847365104840207217e-01 7.921341057682347309e-01 1.136556697877208588e+00 1.603310812472994229e+00 1.674660510695938020e+00 2.711129071827687653e+02 3.446219570361587330e+02
9.052631578947368807e-01 5.056193574139621338e-01 8.345461492916372848e-01 1.143520753646418031e+00 1.604943709874447455e+00 1.673570974131639355e+00 2.888559745080675043e+02 3.688929409133887702e+02
9.526315789473683848e-01 5.258530146891425838e-01 8.768186011111802625e-01 1.150477984603226700e+00 1.606520498977498379e+00 1.672491889005661703e+00 3.080218370321454131e+02 3.951990432152146582e+02
1.000000000000000000e+00 5.454605663388398806e-01 9.189563380401173376e-01 1.157395190252459516e+00 1.608035127636487704e+00 1.671428276407088465e+00 3.286459245705395915e+02 4.236031276661282163e+02
