1.000000000000000056e-01 6.285181901237063551e-02 9.381872339201476063e-02 1.070550391059137185e+00 1.585086082223234216e+00 1.687098055373099204e+00 1.509651887577965397e+02 1.828237344129689177e+02
1.473684210526315930e-01 9.248685546836882265e-02 1.382321354084797838e-01 1.071080000996798010e+00 1.584661190034407197e+00 1.686054254824988163e+00 1.523786267932593432e+02 1.846555123860852632e+02
1.947368421052631526e-01 1.219518043614958858e-01 1.826105789362452159e-01 1.072579953351790794e+00 1.584811225406064228e+00 1.685324599701619297e+00 1.545286401543344823e+02 1.874408978666450309e+02
2.421052631578947401e-01 1.511777069724258016e-01 2.269387515949095047e-01 1.074820480437118198e+00 1.585296806407700432e+00 1.684662897132044090e+00 1.574470296531439715e+02 1.912293638367689823e+02
2.894736842105263275e-01 1.800934023864293743e-01 2.712001401960738023e-01 1.077729384542753577e+00 1.586034106794693699e+00 1.683986317202637917e+00 1.611858796586812446e+02 1.960959050990661581e+02
3.368421052631579427e-01 2.086273176757137693e-01 3.153777169188128893e-01 1.081266331989925833e+00 1.586980752680440920e+00 1.683261334880832516e+00 1.658026083208445129e+02 2.021230765275288377e+02
3.842105263157894468e-01 2.367090541745460186e-01 3.594546763382963639e-01 1.085389318847681306e+00 1.588106827921360154e+00 1.682474465492233229e+00 1.713554766177988427e+02 2.093956245111020564e+02
4.315789473684210620e-01 2.642724652762609705e-01 4.034151261663685983e-01 1.090050797267366756e+00 1.589385933538536966e+00 1.681622501626781840e+00 1.779017329283237814e+02 2.179982829617728726e+02
4.789473684210526772e-01 2.912596853731885815e-01 4.472446592106998353e-01 1.095201973677249363e+00 1.590791927968064456e+00 1.680707854690109526e+00 1.854967247011704501e+02 2.280147135045429252e+02
5.263157894736841813e-01 3.176207449641780256e-01 4.909307430547818485e-01 1.100784765150582434e+00 1.592298589083297911e+00 1.679736522714728730e+00 1.941935413501156233e+02 2.395270828589292194e+02
5.736842105263157965e-01 3.433146033350397697e-01 5.344628945349352289e-01 1.106735367020968308e+00 1.593879957669835479e+00 1.678716631832735118e+00 2.040428430624054386e+02 2.526158718621457240e+02
6.210526315789474117e-01 3.683130553246929395e-01 5.778326484278073494e-01 1.112996861358758860e+00 1.595511022322313011e+00 1.677657421246947056e+00 2.150927669572450327e+02 2.673597818545298423e+02
6.684210526315789158e-01 3.925929257307003706e-01 6.210334298958105625e-01 1.119500237042052149e+00 1.597168623259110687e+00 1.676568574586724703e+00 2.273894456770109400e+02 2.838363041400505153e+02
7.157894736842105310e-01 4.161429488935350918e-01 6.640602126290364726e-01 1.126187909395930387e+00 1.598831749272762837e+00 1.675459501829038800e+00 2.409765492634008979e+02 3.021212188177972280e+02
7.631578947368421462e-01 4.389579584452174554e-01 7.069092181021447985e-01 1.133002362551140063e+00 1.600482987544730173e+00 1.674339805761388966e+00 2.558957301477321380e+02 3.222890603880478011e+02
8.105263157894736503e-01 4.610371818412390410e-01 7.495775594985597534e-01 1.139887253963120406e+00 1.602106233843891614e+00 1.673216918869060432e+00 2.721866024453109389e+02 3.444130513610214166e+02
8.578947368421052655e-01 4.823883673164849339e-01 7.920628687044236615e-01 1.146799027000779070e+00 1.603689268703995419e+00 1.672098340631930080e+00 2.898862987352617324e+02 3.685645282515635017e+02
9.052631578947368807e-01 5.030212395955070415e-01 8.343630386828915224e-01 1.153695496146968535e+00 1.605222002268412496e+00 1.670990511075565177e+00 3.090296175696779528e+02 3.948129789221629835e+02
9.526315789473683848e-01 5.229478261557071184e-01 8.764759585321933999e-01 1.160539085375879020e+00 1.606697498365371901e+00 1.669898922672597097e+00 3.296486302891098603e+02 4.232254432419018144e+02
1.000000000000000000e+00 5.421844963347085544e-01 9.183992872872340785e-01 1.167301398368023380e+00 1.608110663659750195e+00 1.668827774848636647e+00 3.517720994440369395e+02 4.538656450816525876e+02
