1.000000000000000056e-01 6.294790428031363239e-02 9.383623287190943907e-02 1.070876222638410757e+00 1.588233591523663168e+00 1.691223529783813628e+00 1.491781740050645055e+02 1.805475678784531510e+02
1.473684210526315930e-01 9.270545354958401041e-02 1.382673602317106842e-01 1.069192333288988994e+00 1.586417197333421791e+00 1.689245762420467978e+00 1.493123236083356460e+02 1.807768972429657310e+02
1.947368421052631526e-01 1.223434563263937763e-01 1.826628323795063957e-01 1.068873488066143240e+00 1.585706135156135010e+00 1.688176787115279076e+00 1.500420161916202062e+02 1.817981377268632741e+02
2.421052631578947401e-01 1.517592976015044726e-01 2.269925500996966272e-01 1.069456928617014801e+00 1.585570853913684575e+00 1.687414378403143012e+00 1.514827119510281079e+02 1.837834830966783386e+02
2.894736842105263275e-01 1.808242090277144831e-01 2.712189401258799926e-01 1.070880645287312083e+00 1.585860728103583694e+00 1.686740980335425633e+00 1.538077547035871078e+02 1.869758097247083697e+02
3.368421052631579427e-01 2.093917098553267075e-01 3.153004904002457143e-01 1.073163522336312958e+00 1.586524541816694001e+00 1.686056347006868128e+00 1.571968687915236558e+02 1.916258827589142868e+02
3.842105263157894468e-01 2.373128714422342578e-01 3.591964915550699966e-01 1.076326673844163251e+00 1.587533603864870191e+00 1.685308935826112187e+00 1.618168922408274000e+02 1.979684059786050341e+02
4.315789473684210620e-01 2.644520734736238721e-01 4.028718985477163228e-01 1.080362032251278137e+00 1.588857266551258141e+00 1.684474625015720095e+00 1.678122756376666871e+02 2.062101321418733733e+02
4.789473684210526772e-01 2.907014613279403359e-01 4.463012121834042389e-01 1.085229852647850990e+00 1.590454462320603168e+00 1.683546629994929100e+00 1.753019783342734854e+02 2.165258700588028375e+02
5.263157894736841813e-01 3.159861003520371692e-01 4.894704833522818266e-01 1.090851161658491941e+00 1.592274673577751987e+00 1.682530209210876038e+00 1.843811379839681024e+02 2.290605340720615857e+02
5.736842105263157965e-01 3.402655968140277376e-01 5.323773096408699335e-01 1.097119527794739424e+00 1.594261828495806110e+00 1.681437829376292159e+00 1.951257257178858993e+02 2.439349430785919424e+02
6.210526315789474117e-01 3.635333166874781252e-01 5.750293196928368822e-01 1.103921982153455383e+00 1.596360119244728981e+00 1.680285970959897623e+00 2.075988077709220079e+02 2.612535724648299151e+02
6.684210526315789158e-01 3.858081274040541242e-01 6.174417743409810200e-01 1.111142308375542287e+00 1.598517516083663992e+00 1.679092079189886677e+00 2.218564060929238622e+02 2.811118857915260492e+02
7.157894736842105310e-01 4.071272423906112659e-01 6.596350044839565108e-01 1.118669779792578201e+00 1.600688750545376848e+00 1.677872707690505116e+00 2.379523221749468576e+02 3.036023726774205329e+02
7.631578947368421462e-01 4.275394812919404708e-01 7.016321569721396534e-01 1.126404533500620975e+00 1.602837295738285261e+00 1.676642695532907457e+00 2.559417062631868305e+02 3.288189900800850864e+02
8.105263157894736503e-01 4.471040836495423498e-01 7.434574377898177655e-01 1.134268869419634340e+00 1.604935770062971834e+00 1.675414843559283939e+00 2.758836282665647559e+02 3.568603530400858972e+02
8.578947368421052655e-01 4.658778975155198343e-01 7.851348276454520603e-01 1.142187682996440579e+00 1.606963279743389261e+00 1.674199092307450787e+00 2.978420593946636359e+02 3.878309721426541614e+02
9.052631578947368807e-01 4.839192440035040010e-01 8.266872669317079092e-01 1.150103311189336397e+00 1.608905066004662876e+00 1.673003361299719050e+00 3.218868128454988096e+02 4.218424246248507075e+02
9.526315789473683848e-01 5.012847757680305438e-01 8.681362067358482371e-01 1.157970792093124590e+00 1.610752100544180054e+00 1.671833533209873046e+00 3.480937470886481719e+02 4.590135567890690140e+02
1.000000000000000000e+00 5.180277838480252806e-01 9.095013759070837978e-01 1.165754866678489821e+00 1.612499919505796075e+00 1.670693913437747646e+00 3.765447115972428378e+02 4.994703964185816290e+02
