1.000000000000000056e-01 6.294563721177388882e-02 9.383649008945783854e-02 1.068348926773951435e+00 1.585293118453891204e+00 1.688201828940349536e+00 1.489652202368269229e+02 1.802884951837534402e+02
1.473684210526315930e-01 9.273611001989089109e-02 1.382768591380902634e-01 1.067489359055711295e+00 1.584385692156264902e+00 1.687233145049008565e+00 1.489854790956981958e+02 1.803439776264600312e+02
1.947368421052631526e-01 1.224631582973239458e-01 1.826957813685835541e-01 1.067284323732338835e+00 1.584021517661887923e+00 1.686710903556749352e+00 1.492964233957056592e+02 1.807958141694851122e+02
2.421052631578947401e-01 1.520534680561631546e-01 2.270697599466797167e-01 1.067542474289662646e+00 1.583959396112886608e+00 1.686333067889216553e+00 1.500092107709365905e+02 1.818065467129661101e+02
2.894736842105263275e-01 1.814042036287233095e-01 2.713659985044994949e-01 1.068292439821279416e+00 1.584149373155966156e+00 1.685983599551132306e+00 1.512807714769105871e+02 1.835967366997928707e+02
3.368421052631579427e-01 2.103862235755567245e-01 3.155446578977988970e-01 1.069612441870707142e+00 1.584592500866688791e+00 1.685600989922466875e+00 1.532830531186736209e+02 1.864059644467362773e+02
3.842105263157894468e-01 2.388543570417206441e-01 3.595630508724615426e-01 1.071579607268296597e+00 1.585301728657050324e+00 1.685149174152904328e+00 1.561857997365545430e+02 1.904703410995324475e+02
4.315789473684210620e-01 2.666659085098572746e-01 4.033810114005032532e-01 1.074261461768643677e+00 1.586283119970558486e+00 1.684605788395715731e+00 1.601436459509803285e+02 1.960056937082087813e+02
4.789473684210526772e-01 2.936929824907549835e-01 4.469662551715193888e-01 1.077683047190249654e+00 1.587529925924555663e+00 1.683961599071147175e+00 1.652882786633224157e+02 2.031973531931774914e+02
5.263157894736841813e-01 3.198363995442180530e-01 4.902983814458257150e-01 1.081830244423467535e+00 1.589019023723736268e+00 1.683215799016317682e+00 1.717254531310323671e+02 2.121963508382059445e+02
5.736842105263157965e-01 3.450341496989655088e-01 5.333707648949811420e-01 1.086660065299970057e+00 1.590715382241413733e+00 1.682376068846790584e+00 1.795372552664636316e+02 2.231222836898184312e+02
6.210526315789474117e-01 3.692609751203140833e-01 5.761902138540214713e-01 1.092103151621803159e+00 1.592575815316969345e+00 1.681454960708984592e+00 1.887874541671023394e+02 2.360701505335205184e+02
6.684210526315789158e-01 3.925221601845221286e-01 6.187749328848146657e-01 1.098069750731667460e+00 1.594554299804088915e+00 1.680467608473495522e+00 1.995280680559198458e+02 2.511187401783365942e+02
7.157894736842105310e-01 4.148509326625169358e-01 6.611517325627712660e-01 1.104472348479851540e+00 1.596606358065568498e+00 1.679430112749230375e+00 2.118061587380580590e+02 2.683391393203535245e+02
7.631578947368421462e-01 4.362980645173176741e-01 7.033530644565336720e-01 1.111224275169290232e+00 1.598692112944839261e+00 1.678357682757634306e+00 2.256691262824882358e+02 2.878013616441594422e+02
8.105263157894736503e-01 4.569252673420600153e-01 7.454144049152171547e-01 1.118245405957418059e+00 1.600778146551367742e+00 1.677263910518471901e+00 2.411686208018079469e+02 3.095791556086716128e+02
8.578947368421052655e-01 4.767997098845853654e-01 7.873722178733421062e-01 1.125464860545567714e+00 1.602837342046181446e+00 1.676160276235675983e+00 2.583631940286003896e+02 3.337531182239213194e+02
9.052631578947368807e-01 4.959906441688841094e-01 8.292624715028928950e-01 1.132823508224566122e+00 1.604848763687139135e+00 1.675056309465437154e+00 2.773198587472201666e+02 3.604123835747877820e+02
9.526315789473683848e-01 5.145689520019393060e-01 8.711196705981536503e-01 1.140277250180838031e+00 1.606797076381953904e+00 1.673959942731344519e+00 2.981151981338692281e+02 3.896556671101466236e+02
1.000000000000000000e+00 5.325987443118401776e-01 9.129761526362644153e-01 1.147783114814709071e+00 1.608670585393828123e+00 1.672876827112229181e+00 3.208349665349068118e+02 4.215904750883591987e+02
