1.000000000000000056e-01 6.284152788422713021e-02 9.381308578547671584e-02 1.071771228603158432e+00 1.585514164890455380e+00 1.687385329499764053e+00 1.513097785717859551e+02 1.832680856488481425e+02
1.473684210526315930e-01 9.243609212654044227e-02 1.382100876613127916e-01 1.072139734583398507e+00 1.584942347818775854e+00 1.686148920460215361e+00 1.528126598009154691e+02 1.852597769020687792e+02
1.947368421052631526e-01 1.217792555919149367e-01 1.825482208891337776e-01 1.073860452774087593e+00 1.585144965945878059e+00 1.685279734296960541e+00 1.554463531176582194e+02 1.887335650052319522e+02
2.421052631578947401e-01 1.507533571335251121e-01 2.268014760395841156e-01 1.076713149071298892e+00 1.585837579456617075e+00 1.684464230326779610e+00 1.593383846820429710e+02 1.938630895431473959e+02
2.894736842105263275e-01 1.792459304292024769e-01 2.709465626317025810e-01 1.080614785553028367e+00 1.586910773735937141e+00 1.683598436411787080e+00 1.646053823051543645e+02 2.008060741891342502e+02
3.368421052631579427e-01 2.071618842344403189e-01 3.149656382468233318e-01 1.085494964021168185e+00 1.588293057822383281e+00 1.682645722812715627e+00 1.713425056666189619e+02 2.096922941973055003e+02
3.842105263157894468e-01 2.344265485968133333e-01 3.588479045124127742e-01 1.091250038829395086e+00 1.589920186795543700e+00 1.681598778219094870e+00 1.796255668571826050e+02 2.206265388346003533e+02
4.315789473684210620e-01 2.609915738537717522e-01 4.025898886400182675e-01 1.097764227541333959e+00 1.591729624152485201e+00 1.680464441957226995e+00 1.895155674531475540e+02 2.336944556760016098e+02
4.789473684210526772e-01 2.868329382276255113e-01 4.461947393457695310e-01 1.104911628380808919e+00 1.593661923489109178e+00 1.679256701532581442e+00 2.010641269700988403e+02 2.489692766577229861e+02
5.263157894736841813e-01 3.119461660013876370e-01 4.896708413313522468e-01 1.112561136439253362e+00 1.595663115206090055e+00 1.677992370979790593e+00 2.143179532828958429e+02 2.665174069615994767e+02
5.736842105263157965e-01 3.363454915758278263e-01 5.330302247702330964e-01 1.120596176292876001e+00 1.597686607270982995e+00 1.676688437210041904e+00 2.293223993528760047e+02 2.864028285083232390e+02
6.210526315789474117e-01 3.600557224187333483e-01 5.762870627183934724e-01 1.128907052225634811e+00 1.599692154926858123e+00 1.675361258841099099e+00 2.461239873752477649e+02 3.086902220993139849e+02
6.684210526315789158e-01 3.831100114691388114e-01 6.194564131286010022e-01 1.137399516090569662e+00 1.601652881110464666e+00 1.674023707278838868e+00 2.647717703897998831e+02 3.334466732489306082e+02
7.157894736842105310e-01 4.055463985590850862e-01 6.625532845177283248e-01 1.145994409837727046e+00 1.603545594313738443e+00 1.672687543578438962e+00 2.853180970600738533e+02 3.607426287197098418e+02
7.631578947368421462e-01 4.274063876959663943e-01 7.055919908205393609e-01 1.154629036258552732e+00 1.605355102260198619e+00 1.671362634474057307e+00 3.078187694782722019e+02 3.906521200800335691e+02
8.105263157894736503e-01 4.487272403086280392e-01 7.485858065817460050e-01 1.163243452421797830e+00 1.607070799166749442e+00 1.670055800217117303e+00 3.323334199725776443e+02 4.232531885412370229e+02
8.578947368421052655e-01 4.695495849569558122e-01 7.915466863116255025e-01 1.171797946257203682e+00 1.608686601914601333e+00 1.668772813337982885e+00 3.589244789714970238e+02 4.586267427364424520e+02
9.052631578947368807e-01 4.899103804462540124e-01 8.344852592077666165e-01 1.180257931062651977e+00 1.610200354852742377e+00 1.667517780708123398e+00 3.876573969870159999e+02 4.968567663070442109e+02
9.526315789473683848e-01 5.098448903051310266e-01 8.774108209835813632e-01 1.188596855611270708e+00 1.611612606352601951e+00 1.666293865440819477e+00 4.186000191217018482e+02 5.380296069413753912e+02
1.000000000000000000e+00 5.293861204835416112e-01 9.203314142599415826e-01 1.196795853555162825e+00 1.612925141639716342e+00 1.665102785541088926e+00 4.518222290049812386e+02 5.822335462625572973e+02
