1.000000000000000056e-01 6.296098987387714618e-02 9.384003702369989042e-02 1.067126778059060532e+00 1.585023178483509154e+00 1.688171762305130441e+00 1.484155376591032223e+02 1.796032043771339488e+02
1.473684210526315930e-01 9.276749028300283750e-02 1.382854010726130012e-01 1.066340248839311888e+00 1.584219024009704935e+00 1.687327858888400200e+00 1.484016071457883186e+02 1.796055766577806310e+02
1.947368421052631526e-01 1.225378944505325363e-01 1.827192355611612917e-01 1.066094275423659088e+00 1.583873200440437667e+00 1.686882988961858398e+00 1.485809853034703849e+02 1.798649949321957422e+02
2.421052631578947401e-01 1.522352652248135374e-01 2.271301005506894122e-01 1.066180048414556047e+00 1.583756408309006325e+00 1.686578763757941024e+00 1.489914148274629611e+02 1.804399327541564162e+02
2.894736842105263275e-01 1.818075474663344293e-01 2.715020755730732649e-01 1.066568085822015233e+00 1.583807033756474469e+00 1.686321246744239666e+00 1.497021965098406895e+02 1.814281030387244869e+02
3.368421052631579427e-01 2.111887217721549470e-01 3.158150682808877896e-01 1.067283242131489951e+00 1.584011156379741880e+00 1.686064162143930067e+00 1.507940996605885857e+02 1.829418606304267882e+02
3.842105263157894468e-01 2.403007131592651002e-01 3.600456435117564413e-01 1.068365895039696145e+00 1.584370898376231018e+00 1.685779317713078207e+00 1.523517749302444884e+02 1.850986805270327409e+02
4.315789473684210620e-01 2.690570013817584205e-01 4.041683755908159204e-01 1.069857356810153481e+00 1.584893510601862232e+00 1.685449263834992273e+00 1.544591806700596521e+02 1.880152726028965731e+02
4.789473684210526772e-01 2.973688968957856615e-01 4.481575184511785159e-01 1.071795697956380078e+00 1.585583766751486268e+00 1.685061377451623210e+00 1.571957404862632757e+02 1.918027245825710452e+02
5.263157894736841813e-01 3.251485138217611315e-01 4.919889121691008449e-01 1.074199818204996770e+00 1.586442273521506907e+00 1.684608848128341441e+00 1.606339034385520392e+02 1.965632940170827396e+02
5.736842105263157965e-01 3.523169768914969913e-01 5.356417406939552039e-01 1.077077626379313813e+00 1.587463771278678548e+00 1.684088150986263743e+00 1.648373856318050912e+02 2.023881625380560649e+02
6.210526315789474117e-01 3.788053139039760375e-01 5.790999081368214396e-01 1.080415343438851039e+00 1.588637167733312872e+00 1.683500214828404840e+00 1.698604349281222312e+02 2.093565051311007608e+02
6.684210526315789158e-01 4.045640554206509920e-01 6.223529442851087889e-01 1.084196432552907874e+00 1.589946056001127594e+00 1.682848439968008591e+00 1.757484190861375168e+02 2.175361450781570909e+02
7.157894736842105310e-01 4.295585195318576965e-01 6.653962193337862319e-01 1.088386363448954786e+00 1.591370054724904559e+00 1.682138543492229577e+00 1.825387372866821920e+02 2.269847409747729330e+02
7.631578947368421462e-01 4.537703534514917481e-01 7.082306704510107354e-01 1.092942270869590837e+00 1.592886639477405941e+00 1.681377845522674885e+00 1.902624937121067035e+02 2.377518697909542880e+02
8.105263157894736503e-01 4.771951594856982393e-01 7.508621159711980075e-01 1.097814752410472439e+00 1.594472840161578198e+00 1.680574649611314531e+00 1.989462174851381349e+02 2.498811921481578224e+02
8.578947368421052655e-01 4.998463721998644416e-01 7.933003747911298031e-01 1.102963446810543591e+00 1.596106367428338668e+00 1.679737634300073612e+00 2.086137733477383733e+02 2.634128275838747868e+02
9.052631578947368807e-01 5.217418910828992562e-01 8.355582645720717183e-01 1.108336337955476258e+00 1.597766152256916428e+00 1.678874901765063266e+00 2.192876464268327936e+02 2.783849953501975278e+02
9.526315789473683848e-01 5.429083777137965194e-01 8.776506855475318947e-01 1.113887095209615818e+00 1.599433388254620114e+00 1.677994068939631322e+00 2.309903132356164122e+02 2.948357206525422498e+02
1.000000000000000000e+00 5.633784225092717257e-01 9.195938088678325961e-01 1.119574834931622132e+00 1.601092371776137613e+00 1.677102173803797447e+00 2.437451886656010629e+02 3.128040189699635789e+02
