1.000000000000000056e-01 6.289684397720214648e-02 9.383205633622369868e-02 1.066422715268470434e+00 1.583933824604861762e+00 1.686632182440204186e+00 1.493401309259931509e+02 1.807842881331650631e+02
1.473684210526315930e-01 9.258777450038038759e-02 1.382634126848399370e-01 1.067342338288013837e+00 1.583947375518574452e+00 1.686095105724688015e+00 1.506307087836243852e+02 1.824212691365621595e+02
1.947368421052631526e-01 1.221754543058745507e-01 1.826784190029828170e-01 1.068736386892564783e+00 1.584204161728099969e+00 1.685662422657666193e+00 1.523036808239624804e+02 1.845452959716114663e+02
2.421052631578947401e-01 1.516347617808329606e-01 2.270721217463288200e-01 1.070495433439088373e+00 1.584602785541808778e+00 1.685242993360004160e+00 1.543397779649211543e+02 1.871346915199674470e+02
2.894736842105263275e-01 1.809381473200090684e-01 2.714393828710631729e-01 1.072559569160034254e+00 1.585106551810697040e+00 1.684808060287568132e+00 1.567361645593252604e+02 1.901880483818019059e+02
3.368421052631579427e-01 2.100606216370878854e-01 3.157749335921396505e-01 1.074907715119992613e+00 1.585696849553471122e+00 1.684346180656692393e+00 1.594966152579737582e+02 1.937122502533802333e+02
3.842105263157894468e-01 2.389760693995261198e-01 3.600734209696774824e-01 1.077516994407579753e+00 1.586362263237049985e+00 1.683853146517503063e+00 1.626283148662801068e+02 1.977185913311791694e+02
4.315789473684210620e-01 2.676595294738507991e-01 4.043295057155266714e-01 1.080370907268677794e+00 1.587094046985576101e+00 1.683327570555344543e+00 1.661406425622856489e+02 2.022212318165524891e+02
4.789473684210526772e-01 2.960868698977677793e-01 4.485379126290141016e-01 1.083453834028725637e+00 1.587884711575886731e+00 1.682769704191077631e+00 1.700442521395105189e+02 2.072361134817354014e+02
5.263157894736841813e-01 3.242365581914828376e-01 4.926935041841496443e-01 1.086755041994410087e+00 1.588727352265731918e+00 1.682180739316985640e+00 1.743507071511300524e+02 2.127804998797453777e+02
5.736842105263157965e-01 3.520852726802881083e-01 5.367913599448395079e-01 1.090253229188552275e+00 1.589615578113202199e+00 1.681562648724741260e+00 1.790722930692963075e+02 2.188727239518381396e+02
6.210526315789474117e-01 3.796135677762494387e-01 5.808267760524408185e-01 1.093934639306010981e+00 1.590542738239470122e+00 1.680917433974154163e+00 1.842215738947281523e+02 2.255317138685751104e+02
6.684210526315789158e-01 4.068033679743658926e-01 6.247953448035282742e-01 1.097784015566715565e+00 1.591502564312792245e+00 1.680247569294027299e+00 1.898114591953657850e+02 2.327770209002459296e+02
7.157894736842105310e-01 4.336380706995574541e-01 6.686929674573433013e-01 1.101784964125881228e+00 1.592488893074430978e+00 1.679555634098609973e+00 1.958550737699467561e+02 2.406286811064940423e+02
7.631578947368421462e-01 4.601009330058656865e-01 7.125158780272830006e-01 1.105916852093909553e+00 1.593495787717699619e+00 1.678844302219542062e+00 2.023657272329476768e+02 2.491071707780592703e+02
8.105263157894736503e-01 4.861816489520555673e-01 7.562605903331566237e-01 1.110169458417121113e+00 1.594517659112038022e+00 1.678116459756694212e+00 2.093565109713104277e+02 2.582329726617878691e+02
8.578947368421052655e-01 5.118672153950645232e-01 7.999239719456272546e-01 1.114522656158619007e+00 1.595548955180612127e+00 1.677374618877831569e+00 2.168408712019212601e+02 2.680271949246570102e+02
9.052631578947368807e-01 5.371487863909919502e-01 8.435031575996067010e-01 1.118961941657476977e+00 1.596584648869325829e+00 1.676621474727138628e+00 2.248320339512766282e+02 2.785109418679022042e+02
9.526315789473683848e-01 5.620185166895252937e-01 8.869955569543752638e-01 1.123471862426312473e+00 1.597620062266353003e+00 1.675859591705724405e+00 2.333432094773793324e+02 2.897055345453196651e+02
1.000000000000000000e+00 5.864700336358854571e-01 9.303988177239447266e-01 1.128037419149722442e+00 1.598650920501085482e+00 1.675091422091853355e+00 2.423875219348733197e+02 3.016324352774170734e+02
