1.000000000000000056e-01 6.296849111794732001e-02 9.384173193499799337e-02 1.064834568983416441e+00 1.583602168877366045e+00 1.686947717739257557e+00 1.478157852875295646e+02 1.788681972328887753e+02
1.473684210526315930e-01 9.277326866527391136e-02 1.382872172112297737e-01 1.064653928711374986e+00 1.583337268456983971e+00 1.686608073571735478e+00 1.479515143224434439e+02 1.790554609385302456e+02
1.947368421052631526e-01 1.225392577869064276e-01 1.827225716400443789e-01 1.064762829291145740e+00 1.583274557596902499e+00 1.686405094648806058e+00 1.482624290319929514e+02 1.794736982793189952e+02
2.421052631578947401e-01 1.522414649239522133e-01 2.271407806562174558e-01 1.065106068257435368e+00 1.583330561636872469e+00 1.686238679205803059e+00 1.487774568566259461e+02 1.801638384509472530e+02
2.894736842105263275e-01 1.818459489545118934e-01 2.715330960089946677e-01 1.065670826799477444e+00 1.583484616912781640e+00 1.686072146073287703e+00 1.495342699980430439e+02 1.811774622855887458e+02
3.368421052631579427e-01 2.113155763948377230e-01 3.158891916354914509e-01 1.066479818907266175e+00 1.583732662573778427e+00 1.685886725052432533e+00 1.505724866441163954e+02 1.825686385912068488e+02
3.842105263157894468e-01 2.406062865747786439e-01 3.601973819246461206e-01 1.067547196905029194e+00 1.584076033179115273e+00 1.685671043564008320e+00 1.519316779686831467e+02 1.843915682079135649e+02
4.315789473684210620e-01 2.696713793805062820e-01 4.044449623289277929e-01 1.068892864097410467e+00 1.584517995238168275e+00 1.685418078799446384e+00 1.536506600892581105e+02 1.866996996048900428e+02
4.789473684210526772e-01 2.984611859366814168e-01 4.486185927830576015e-01 1.070531422291126633e+00 1.585060690061931510e+00 1.685122540045945083e+00 1.557667468227633094e+02 1.895448520808085675e+02
5.263157894736841813e-01 3.269272302555833454e-01 4.927047733804398866e-01 1.072479220972314184e+00 1.585705033361066052e+00 1.684781405567487678e+00 1.583154022247917680e+02 1.929767621736413332e+02
5.736842105263157965e-01 3.550176784001002339e-01 5.366902978142592540e-01 1.074733304202047712e+00 1.586450015641046152e+00 1.684393160752295504e+00 1.613298097301947962e+02 1.970425872373857885e+02
6.210526315789474117e-01 3.826865259301787670e-01 5.805627354064846202e-01 1.077296565624036973e+00 1.587291984431123293e+00 1.683957199586937792e+00 1.648406032666884755e+02 2.017865459601564453e+02
6.684210526315789158e-01 4.098904979287669725e-01 6.243108339377991811e-01 1.080162920111741753e+00 1.588225606012182878e+00 1.683474604695185839e+00 1.688758186374820980e+02 2.072498605746912688e+02
7.157894736842105310e-01 4.365911438039187242e-01 6.679248504400148168e-01 1.083320346368585430e+00 1.589243417535446401e+00 1.682947312690998176e+00 1.734608677654106543e+02 2.134707118773736170e+02
7.631578947368421462e-01 4.627534985030755665e-01 7.113967555351961014e-01 1.086746983093446417e+00 1.590336246187679992e+00 1.682378056181868642e+00 1.786185886150377087e+02 2.204843066418937099e+02
8.105263157894736503e-01 4.883552166905466563e-01 7.547203442880084934e-01 1.090431869990708957e+00 1.591494180835390848e+00 1.681770717821369665e+00 1.843694480131661919e+02 2.283231119340465227e+02
8.578947368421052655e-01 5.133732080752101412e-01 7.978912554946762103e-01 1.094344756145469333e+00 1.592706113619932085e+00 1.681129145726341090e+00 1.907319188130094858e+02 2.370172927091319650e+02
9.052631578947368807e-01 5.377946317474745497e-01 8.409068462325571813e-01 1.098462441625062791e+00 1.593960898541985749e+00 1.680457808972020795e+00 1.977226324052494419e+02 2.465949202105862241e+02
9.526315789473683848e-01 5.616115508473594753e-01 8.837660380027395624e-01 1.102758557663026551e+00 1.595247415031750826e+00 1.679761217155939956e+00 2.053567275024457501e+02 2.570823837558137939e+02
1.000000000000000000e+00 5.848212033006638944e-01 9.264691036542472835e-01 1.107206439967873601e+00 1.596555051111525181e+00 1.679043898550499847e+00 2.136481387388170674e+02 2.685047413225567539e+02
