1.000000000000000056e-01 6.292497491185190805e-02 9.383201665043847117e-02 1.067792051328430469e+00 1.584577810994905356e+00 1.687367506352862812e+00 1.491464555273673795e+02 1.805356591065069267e+02
1.473684210526315930e-01 9.266724425677873300e-02 1.382631748033293362e-01 1.067601689452086333e+00 1.584060698115629107e+00 1.686608891255718667e+00 1.496363993710753846e+02 1.811922829355724787e+02
1.947368421052631526e-01 1.223108658118181175e-01 1.826703804887676863e-01 1.068088868844505157e+00 1.583992508033442048e+00 1.686134264732116028e+00 1.505734794796299241e+02 1.824342043547829633e+02
2.421052631578947401e-01 1.518012259339331371e-01 2.270404194718325386e-01 1.069105109796250508e+00 1.584187899411220402e+00 1.685731917575201688e+00 1.520088100156328892e+02 1.843328819356684392e+02
2.894736842105263275e-01 1.810773094346231349e-01 2.713587130844646866e-01 1.070622543851349473e+00 1.584590299207819797e+00 1.685326767875428677e+00 1.540028542948586221e+02 1.869704677471329717e+02
3.368421052631579427e-01 2.100766426054692937e-01 3.156101894704355648e-01 1.072647256439996033e+00 1.585176781932062795e+00 1.684884673715067560e+00 1.566138389876814188e+02 1.904260287373085703e+02
3.842105263157894468e-01 2.387350158541376166e-01 3.597801830269212187e-01 1.075174233419439407e+00 1.585933595386739059e+00 1.684389272670497650e+00 1.598950664289304484e+02 1.947724114742200641e+02
4.315789473684210620e-01 2.669925000518755809e-01 4.038552658339243928e-01 1.078196930564741640e+00 1.586847352748202766e+00 1.683832813103984138e+00 1.638940852825730872e+02 2.000753292156305747e+02
4.789473684210526772e-01 2.947948241338964048e-01 4.478239749948590975e-01 1.081697598665493087e+00 1.587903399539020155e+00 1.683213149065317715e+00 1.686529615148077426e+02 2.063937028637012929e+02
5.263157894736841813e-01 3.220953727876915695e-01 4.916772855718911650e-01 1.085648414963502173e+00 1.589084941844541854e+00 1.682532092236967314e+00 1.742084973860078776e+02 2.137800020172836071e+02
5.736842105263157965e-01 3.488566841009132502e-01 5.354089227273329810e-01 1.090013643088591389e+00 1.590372926794116015e+00 1.681793598729687034e+00 1.805932712285472803e+02 2.222814693665940808e+02
6.210526315789474117e-01 3.750511060804020413e-01 5.790153568369276194e-01 1.094752390107508466e+00 1.591747303303690853e+00 1.681003596497242514e+00 1.878362044720319943e+02 2.319408801317193536e+02
6.684210526315789158e-01 4.006600356483970282e-01 6.224956451510174071e-01 1.099819000488955201e+00 1.593187715613956668e+00 1.680168955679671727e+00 1.959635084766327680e+02 2.427976978557711050e+02
7.157894736842105310e-01 4.256764412130588093e-01 6.658511206242136993e-01 1.105173081381495948e+00 1.594674350151651376e+00 1.679297010496620057e+00 2.049994964135196085e+02 2.548890775838210061e+02
7.631578947368421462e-01 4.500957745006526900e-01 7.090850180922405599e-01 1.110761933841999394e+00 1.596188954175797869e+00 1.678395380972002027e+00 2.149674860667310270e+02 2.682509593960165262e+02
8.105263157894736503e-01 4.739242717870991717e-01 7.522020180269137768e-01 1.116544786649163346e+00 1.597714654390431699e+00 1.677471082869588681e+00 2.258901084015733716e+02 2.829184863387984024e+02
8.578947368421052655e-01 4.971715986336149862e-01 7.952078556582662383e-01 1.122479536692564173e+00 1.599236772001826568e+00 1.676530844855129487e+00 2.377900159335283377e+02 2.989268579123360041e+02
9.052631578947368807e-01 5.198518458859160418e-01 8.381089501419556331e-01 1.128528362730578660e+00 1.600742772857853158e+00 1.675580759857146385e+00 2.506901874723523065e+02 3.163117085372878137e+02
9.526315789473683848e-01 5.419797504449166414e-01 8.809120909703899160e-01 1.134653227277184540e+00 1.602222588379133672e+00 1.674626692407795492e+00 2.646142287456652298e+02 3.351094805678540638e+02
1.000000000000000000e+00 5.635761993171208850e-01 9.236241604125068339e-01 1.140827415007241274e+00 1.603667380317105540e+00 1.673672875438578345e+00 2.795863611561491666e+02 3.553574341269651882e+02
