1.000000000000000056e-01 6.298775624553303032e-02 9.384585848845614087e-02 1.064081538266741678e+00 1.583890978996968624e+00 1.687509111510211879e+00 1.472717614395093335e+02 1.781861597397955279e+02
1.473684210526315930e-01 9.280339794362250927e-02 1.382933910955255474e-01 1.063743633027016244e+00 1.583541000028117374e+00 1.687106519708647889e+00 1.473479525000732906e+02 1.783004576704904309e+02
1.947368421052631526e-01 1.225804804668300108e-01 1.827302220980006608e-01 1.063759585591472545e+00 1.583435078145654318e+00 1.686878286643453517e+00 1.476114324109417737e+02 1.786617113624515980e+02
2.421052631578947401e-01 1.522897539850390503e-01 2.271479613234905215e-01 1.064032537011107227e+00 1.583466645181238475e+00 1.686699829915124793e+00 1.480907704600632542e+02 1.793124477632148057e+02
2.894736842105263275e-01 1.818927977408704433e-01 2.715357081517248972e-01 1.064556991009187881e+00 1.583609399267894124e+00 1.686525117515162986e+00 1.488320542559091564e+02 1.803166632270574326e+02
3.368421052631579427e-01 2.113428632302390975e-01 3.158802183751213133e-01 1.065350586666718113e+00 1.583860328095489489e+00 1.686331405290871333e+00 1.498865738406251182e+02 1.817449720737243126e+02
3.842105263157894468e-01 2.405861553576670864e-01 3.601662152564419905e-01 1.066439746227688223e+00 1.584222998038415042e+00 1.686104521561865743e+00 1.513068807945825540e+02 1.836698588053708363e+02
4.315789473684210620e-01 2.695635656537272440e-01 4.043768970313101341e-01 1.067850984080830345e+00 1.584702199247405296e+00 1.685834638513495243e+00 1.531451051189943371e+02 1.861635916710184517e+02
4.789473684210526772e-01 2.982116134396565754e-01 4.484945672415857620e-01 1.069603053743381382e+00 1.585302311679363640e+00 1.685515554606771271e+00 1.554514508478683581e+02 1.892963945802002286e+02
5.263157894736841813e-01 3.264665885611185980e-01 4.925014247455253846e-01 1.071711109283812746e+00 1.586025057192858245e+00 1.685143043721242684e+00 1.582734926818958172e+02 1.931355137748093114e+02
5.736842105263157965e-01 3.542661880820768272e-01 5.363803289397164331e-01 1.074181478863431183e+00 1.586868404756021977e+00 1.684714683417729786e+00 1.616551797853257142e+02 1.977440165935902598e+02
6.210526315789474117e-01 3.815522606525219018e-01 5.801155536234607890e-01 1.077011984688172275e+00 1.587828017142169701e+00 1.684230570401947347e+00 1.656363645187331599e+02 2.031801817852405918e+02
6.684210526315789158e-01 4.082746372948277691e-01 6.236934560344367107e-01 1.080196506652605359e+00 1.588896289307456078e+00 1.683692413954385847e+00 1.702527654502732446e+02 2.094973924948710078e+02
7.157894736842105310e-01 4.343894048221542681e-01 6.671028707949221426e-01 1.083716119264995115e+00 1.590061961076352004e+00 1.683102988992996263e+00 1.755357282308570177e+02 2.167438872454173122e+02
7.631578947368421462e-01 4.598615276630763082e-01 7.103353894856504480e-01 1.087545589164046866e+00 1.591312482281401319e+00 1.682466465230596508e+00 1.815126409446992000e+02 2.249632140526809678e+02
8.105263157894736503e-01 4.846664985675500636e-01 7.533853962519387881e-01 1.091657560994459875e+00 1.592633318315944235e+00 1.681788145667493017e+00 1.882073622167605720e+02 2.341947467894258921e+02
8.578947368421052655e-01 5.087878357045960698e-01 7.962499223775009183e-01 1.096018943417673475e+00 1.594009604493625831e+00 1.681073686677704959e+00 1.956407260065266485e+02 2.444742991656770528e+02
9.052631578947368807e-01 5.322181161804180327e-01 8.389283702322234415e-01 1.100596325760712535e+00 1.595426495594825411e+00 1.680328976254447992e+00 2.038310940032062319e+02 2.558347949020584906e+02
9.526315789473683848e-01 5.549559777967577601e-01 8.814221543317991570e-01 1.105353326836044925e+00 1.596869671814276970e+00 1.679559912285021328e+00 2.127949008704364076e+02 2.683069292241704602e+02
1.000000000000000000e+00 5.770086186645435600e-01 9.237342961518825168e-01 1.110258334915433132e+00 1.598325969753368048e+00 1.678772308899857846e+00 2.225471703486428225e+02 2.819198044889804464e+02
