1.000000000000000056e-01 6.294573875524356321e-02 9.383639420988194868e-02 1.065809881739520071e+00 1.584464794913731378e+00 1.687687757841806802e+00 1.482098278715153583e+02 1.793774383263996981e+02
1.473684210526315930e-01 9.267752026190055614e-02 1.382651099101193659e-01 1.065860811625432225e+00 1.584104898758941005e+00 1.687009837473038232e+00 1.488926247013473017e+02 1.802859286177784384e+02
1.947368421052631526e-01 1.222842580177446042e-01 1.826642618793772876e-01 1.066658785889120997e+00 1.584174526686986884e+00 1.686547703947425259e+00 1.501332580223979676e+02 1.819231235360294079e+02
2.421052631578947401e-01 1.517021281448194536e-01 2.270193858446988844e-01 1.068069793789700128e+00 1.584516020314691520e+00 1.686119989051760193e+00 1.519887207061961476e+02 1.843672045987349009e+02
2.894736842105263275e-01 1.808645302522157161e-01 2.713158603143595582e-01 1.070066861528425006e+00 1.585078333901840164e+00 1.685663266390347026e+00 1.545195240722975143e+02 1.876991417965056712e+02
3.368421052631579427e-01 2.097083665038645683e-01 3.155400649706243676e-01 1.072648851718948970e+00 1.585836607942857190e+00 1.685151038330994444e+00 1.577790707549780223e+02 1.919902816408398678e+02
3.842105263157894468e-01 2.381735327645490008e-01 3.596803574584891416e-01 1.075794762138430727e+00 1.586770730525620898e+00 1.684571982293782577e+00 1.618122548490819099e+02 1.973008904494673175e+02
4.315789473684210620e-01 2.662081467514878508e-01 4.037278223902970309e-01 1.079476095608328245e+00 1.587860537515764392e+00 1.683923452577968494e+00 1.666561837947587037e+02 2.036811241566183526e+02
4.789473684210526772e-01 2.937712507440549681e-01 4.476766481037449674e-01 1.083657908878538523e+00 1.589083812560905917e+00 1.683207626401526324e+00 1.723412010090308115e+02 2.111724186984285438e+02
5.263157894736841813e-01 3.208324750727157282e-01 4.915242225293590672e-01 1.088295364450820868e+00 1.590416949401162405e+00 1.682429782652378858e+00 1.788923945618916207e+02 2.198093758519992207e+02
5.736842105263157965e-01 3.473722110921345640e-01 5.352709606909200613e-01 1.093338029385800603e+00 1.591835773133969401e+00 1.681596985294832924e+00 1.863310685525036945e+02 2.296215908056526587e+02
6.210526315789474117e-01 3.733796549645662100e-01 5.789198964027186811e-01 1.098729697520765658e+00 1.593316851174129134e+00 1.680717472340638174e+00 1.946758841489729832e+02 2.406351156178401141e+02
6.684210526315789158e-01 3.988542549237877877e-01 6.224762294970583865e-01 1.104418453760087404e+00 1.594837960622865758e+00 1.679799551601211638e+00 2.039441493922799111e+02 2.528740086483554990e+02
7.157894736842105310e-01 4.238024934032073587e-01 6.659467634608291497e-01 1.110353245013645740e+00 1.596378962864023476e+00 1.678851380606263488e+00 2.141525604058384715e+02 2.663612996924196636e+02
7.631578947368421462e-01 4.482360762320329872e-01 7.093394116155957718e-01 1.116484858913520339e+00 1.597922241597805382e+00 1.677880622955709278e+00 2.253178964129227495e+02 2.811198323153370779e+02
8.105263157894736503e-01 4.721702357176632558e-01 7.526627446330477200e-01 1.122766627081065893e+00 1.599451362928041576e+00 1.676894701002959343e+00 2.374574998686537697e+02 2.971728607513986731e+02
8.578947368421052655e-01 4.956267912665353048e-01 7.959256013017885767e-01 1.129163595817459065e+00 1.600955467303930346e+00 1.675899509731810122e+00 2.505894292119308773e+02 3.145442537030625658e+02
9.052631578947368807e-01 5.186272351094987076e-01 8.391368059549116909e-01 1.135640049362767190e+00 1.602424285607275900e+00 1.674900618026067711e+00 2.647328297803161377e+02 3.332589396220457161e+02
9.526315789473683848e-01 5.411922322288861276e-01 8.823049348021582139e-01 1.142161371017561322e+00 1.603849765542480599e+00 1.673902596851114088e+00 2.799079693828538780e+02 3.533429679690069634e+02
1.000000000000000000e+00 5.633452645665530945e-01 9.254381630845748274e-01 1.148701739148468626e+00 1.605226233098164368e+00 1.672909664645669814e+00 2.961361200040757922e+02 3.748233598102641508e+02
