1.000000000000000056e-01 6.289641930916883839e-02 9.383277769106414257e-02 1.066528345964123048e+00 1.584130329281794980e+00 1.686829040722051198e+00 1.493725190752693095e+02 1.808207955758723529e+02
1.473684210526315930e-01 9.258702098941086478e-02 1.382649275834688662e-01 1.067425710792393678e+00 1.584094149316364497e+00 1.686230650751791016e+00 1.506845417445391320e+02 1.824824519925292918e+02
1.947368421052631526e-01 1.221753634574222341e-01 1.826812051386749736e-01 1.068809253635916612e+00 1.584324581991524372e+00 1.685765947335569059e+00 1.523686395786114929e+02 1.846178604858575625e+02
2.421052631578947401e-01 1.516367312206323426e-01 2.270766042137820351e-01 1.070554672340942037e+00 1.584704624313559407e+00 1.685327531681937607e+00 1.544045683213998643e+02 1.872045604622458654e+02
2.894736842105263275e-01 1.809449686381229827e-01 2.714457906621131622e-01 1.072606963949092274e+00 1.585192506901221376e+00 1.684880443755785828e+00 1.567907819494240016e+02 1.902431079938273797e+02
3.368421052631579427e-01 2.100729746437454692e-01 3.157831475203727312e-01 1.074934226850273289e+00 1.585768596571491162e+00 1.684411019134598453e+00 1.595331808432605101e+02 1.937434007530590634e+02
3.842105263157894468e-01 2.389949770194119139e-01 3.600828332475727311e-01 1.077521816663934873e+00 1.586420929563925775e+00 1.683913181015057159e+00 1.626414331165329656e+02 1.977202053148795926e+02
4.315789473684210620e-01 2.676834605260186573e-01 4.043388480252352868e-01 1.080349755487665320e+00 1.587141060945825854e+00 1.683384698136206392e+00 1.661274681594126434e+02 2.021913289391138164e+02
4.789473684210526772e-01 2.961130807226428074e-01 4.485451249501384852e-01 1.083407261723106307e+00 1.587921917603900113e+00 1.682825115698556973e+00 1.700046881256393760e+02 2.071766384408294357e+02
5.263157894736841813e-01 3.242577419313625864e-01 4.926956064473204111e-01 1.086677956799893208e+00 1.588757007300107160e+00 1.682235038102029012e+00 1.742875123970864593e+02 2.126975167569453617e+02
5.736842105263157965e-01 3.520944885217934250e-01 5.367842971192430257e-01 1.090152167320044052e+00 1.589640040023478473e+00 1.681615793344561460e+00 1.789908729850055522e+02 2.187762819158067487e+02
6.210526315789474117e-01 3.795997837797897567e-01 5.808053725108313081e-01 1.093813574498053276e+00 1.590565080876835236e+00 1.680969409139591697e+00 1.841303123878599592e+02 2.254362584099737603e+02
6.684210526315789158e-01 4.067511426752243309e-01 6.247531963231760521e-01 1.097644577392429488e+00 1.591525917253492795e+00 1.680297964908272768e+00 1.897215399165353915e+02 2.327012952918584858e+02
7.157894736842105310e-01 4.335299100389364280e-01 6.686223742228193379e-01 1.101632711455700742e+00 1.592516477820569154e+00 1.679603878909990300e+00 1.957803253010919775e+02 2.405956285734017683e+02
7.631578947368421462e-01 4.599168637849845864e-01 7.124078021238174907e-01 1.105759268410993146e+00 1.593530845130543661e+00 1.678889755743572021e+00 2.023225732480766226e+02 2.491439611974210777e+02
8.105263157894736503e-01 4.858973832613538990e-01 7.561046541252054443e-01 1.110011365536096140e+00 1.594563183289482655e+00 1.678158257087090988e+00 2.093639942954976050e+02 2.583710988127463111e+02
8.578947368421052655e-01 5.114554659582412066e-01 7.997084296245953183e-01 1.114369028088024738e+00 1.595607904468115512e+00 1.677412072395197962e+00 2.169203552992438802e+02 2.683022189275978349e+02
9.052631578947368807e-01 5.365790190869595966e-01 8.432149055261767279e-01 1.118816889035328721e+00 1.596659907158048286e+00 1.676654130574338541e+00 2.250070264487004863e+02 2.789623618151414348e+02
9.526315789473683848e-01 5.612579534097487111e-01 8.866201314939545775e-01 1.123339616058758983e+00 1.597713986699786037e+00 1.675886862802430821e+00 2.336392506357332479e+02 2.903767527553804939e+02
1.000000000000000000e+00 5.854839968037688358e-01 9.299204117078399001e-01 1.127922343987878939e+00 1.598765574051739025e+00 1.675112891393843562e+00 2.428318790708801771e+02 3.025704713912766692e+02
