1.000000000000000056e-01 6.260395443834081142e-02 9.378780457773873425e-02 1.079977008614667389e+00 1.588737415231360472e+00 1.688240460014393873e+00 1.575012764764861970e+02 1.909855026159797262e+02
1.473684210526315930e-01 9.190072015467816435e-02 1.381648004052063172e-01 1.082869161574529171e+00 1.588184067035026237e+00 1.685723081324399963e+00 1.625209939612062726e+02 1.973359556339155461e+02
1.947368421052631526e-01 1.208699149668608086e-01 1.824951882572185546e-01 1.087429354918882041e+00 1.588669323313852466e+00 1.683912823644868606e+00 1.689004717825276600e+02 2.054153726352268166e+02
2.421052631578947401e-01 1.494549932051153218e-01 2.267697877633861048e-01 1.093012479822450977e+00 1.589639180687931086e+00 1.682329750757589615e+00 1.765516915287808786e+02 2.151231596757619684e+02
2.894736842105263275e-01 1.776098401673044114e-01 2.709810328243640876e-01 1.099326006492647556e+00 1.590880379189693938e+00 1.680824960111775068e+00 1.854547167654283442e+02 2.264424218628027177e+02
3.368421052631579427e-01 2.052977523618607636e-01 3.151229190552704562e-01 1.106186715016381550e+00 1.592282269041350951e+00 1.679344424762186039e+00 1.956166365951439161e+02 2.393900446584715098e+02
3.842105263157894468e-01 2.324910627066462676e-01 3.591908699954778905e-01 1.113460993501617313e+00 1.593776347656657322e+00 1.677869186618729858e+00 2.070583687678191325e+02 2.540005959511960043e+02
4.315789473684210620e-01 2.591691610965314307e-01 4.031815699186223623e-01 1.121038658095006468e+00 1.595315125409828338e+00 1.676394483060324792e+00 2.198096118690681351e+02 2.703201091602738870e+02
4.789473684210526772e-01 2.853188248667453131e-01 4.470927131453837911e-01 1.128830822108584764e+00 1.596864059517921097e+00 1.674922061515264682e+00 2.339056391783490199e+02 2.884022368508847194e+02
5.263157894736841813e-01 3.109343013848595016e-01 4.909227689731530675e-01 1.136767670131693331e+00 1.598397898426864083e+00 1.673456273043514297e+00 2.493857105677759307e+02 3.083063289143404972e+02
5.736842105263157965e-01 3.360101462325538191e-01 5.346708267790528657e-01 1.144777272036114235e+00 1.599897963708459825e+00 1.672002357032767339e+00 2.662930159255078024e+02 3.300972773917367817e+02
6.210526315789474117e-01 3.605489747887962171e-01 5.783362874792949970e-01 1.152811101556244555e+00 1.601350366516737234e+00 1.670565486419879786e+00 2.846724373829919159e+02 3.538430191198880834e+02
6.684210526315789158e-01 3.845529085766833388e-01 6.219188163559199456e-01 1.160820102980948398e+00 1.602745561741742319e+00 1.669150431915633837e+00 3.045715498519889479e+02 3.796155872521053993e+02
7.157894736842105310e-01 4.080291254282861768e-01 6.654181083473601488e-01 1.168770118021388527e+00 1.604076746299097911e+00 1.667761432243025865e+00 3.260388480151297017e+02 4.074891547737809674e+02
7.631578947368421462e-01 4.309840190700324203e-01 7.088338793068258425e-01 1.176628130701582453e+00 1.605340268348311117e+00 1.666401908290543021e+00 3.491245676815443062e+02 4.375409193248875113e+02
8.105263157894736503e-01 4.534254778067953739e-01 7.521657368406896582e-01 1.184368234789675123e+00 1.606534535781532824e+00 1.665074688913021461e+00 3.738796825825334622e+02 4.698499987444229191e+02
8.578947368421052655e-01 4.753632221649176648e-01 7.954131128353340019e-01 1.191971600865909586e+00 1.607659165197624418e+00 1.663781898938188508e+00 4.003554625154885684e+02 5.044969417252903554e+02
9.052631578947368807e-01 4.968067793686321010e-01 8.385752676075900469e-01 1.199422396326983886e+00 1.608714929435688834e+00 1.662525153343351159e+00 4.286035573954300730e+02 5.415637897558115128e+02
9.526315789473683848e-01 5.177656950766781341e-01 8.816512521131464331e-01 1.206708149331622071e+00 1.609703409136933105e+00 1.661305575814100433e+00 4.586756364637554384e+02 5.811336841892015173e+02
1.000000000000000000e+00 5.382494707737610629e-01 9.246399019075288717e-01 1.213819404452280315e+00 1.610627087731351104e+00 1.660123828472073182e+00 4.906231066721896923e+02 6.232905239887181779e+02
