# Omega_m                       Omega_b      neutrino_mass                   H0                       ns                          As                              w0                       wa
0.3158                   0.0494                   0.0                      67.32                    0.9661                   2.148752e-09             -1.0                                0.0
1.610138000000000125e-01 3.018879000000000007e-02 7.629508000000000123e-03 7.267361999999999966e+01 9.863148000000000470e-01 2.565209000000000173e-09 -1.077015999999999973e+00 -3.931169999999999942e-01
3.292766999999999777e-01 4.884552999999999812e-02 1.872069000000000094e-01 6.832596999999999809e+01 1.030388000000000082e+00 2.332097000000000120e-09 -1.093185000000000073e+00 4.180264000000000202e-01
2.898261999999999783e-01 5.290283999999999959e-02 5.522124999999999950e-02 7.424518999999999380e+01 9.399815000000000254e-01 2.948940999999999857e-09 -8.078182000000000418e-01 -3.127353999999999967e-01
4.285448000000000035e-01 8.323608000000000395e-02 3.992619000000000029e-02 6.242011999999999716e+01 1.013195999999999986e+00 1.887621000000000052e-09 -1.049085000000000045e+00 4.003011000000000208e-01
3.071853999999999973e-01 4.504790000000000183e-02 1.029397999999999980e-01 7.229698000000000491e+01 1.047830999999999957e+00 1.533544000000000097e-09 -1.096532000000000062e+00 -1.927628000000000119e-01
1.648430999999999924e-01 5.274710999999999983e-02 1.236806000000000016e-01 7.400383999999999673e+01 9.154461999999999877e-01 1.655538999999999943e-09 -8.897418999999999745e-01 2.084980999999999918e-01
3.320268000000000108e-01 4.203413999999999762e-02 2.528753999999999724e-01 7.065470000000000539e+01 9.217406000000000210e-01 2.721327999999999932e-09 -1.072516999999999943e+00 4.917373999999999912e-01
2.935665000000000080e-01 3.278471000000000163e-02 2.029700999999999866e-01 7.962906999999999869e+01 1.011471999999999927e+00 2.344428000000000127e-09 -1.124081000000000108e+00 5.949327000000000087e-02
3.062896999999999981e-01 3.409833000000000308e-02 9.088474000000000552e-02 7.278001000000000431e+01 9.109762000000000137e-01 1.790682999999999988e-09 -8.244770999999999628e-01 -4.605813999999999742e-02
2.190091999999999872e-01 4.686045999999999961e-02 1.713097000000000092e-01 7.761969000000000563e+01 1.033495000000000053e+00 2.643345000000000037e-09 -8.239328999999999681e-01 -1.200047999999999948e-01
2.019200999999999913e-01 4.902668000000000303e-02 2.156866000000000061e-01 7.569132000000000460e+01 1.020853000000000010e+00 2.718256999999999953e-09 -1.105990999999999946e+00 -4.783029999999999782e-01
3.178709000000000118e-01 6.314153000000000127e-02 1.008069000000000048e-01 6.073395000000000010e+01 9.013666000000000178e-01 2.176907999999999861e-09 -9.347685000000000022e-01 -3.256852000000000080e-01
3.197754999999999903e-01 4.722414999999999946e-02 1.074515999999999943e-01 6.784387999999999863e+01 9.552779000000000131e-01 2.044579999999999985e-09 -1.107696000000000014e+00 4.437767000000000239e-01
4.213519000000000014e-01 5.460167999999999966e-02 2.286613000000000118e-01 6.721783000000000641e+01 1.032580999999999971e+00 1.617832000000000003e-09 -9.908683000000000352e-01 2.290140999999999982e-01
1.571591999999999989e-01 4.597193000000000113e-02 3.672775000000000345e-02 6.523551999999999396e+01 1.038132000000000055e+00 1.864875999999999837e-09 -9.160606999999999500e-01 -4.315965999999999969e-01
3.084472999999999798e-01 4.810517000000000265e-02 2.958034999999999970e-01 7.457032999999999845e+01 9.015746999999999511e-01 1.302447000000000062e-09 -9.892533999999999494e-01 2.111630999999999925e-01
2.062750999999999890e-01 6.842882000000000131e-02 1.973518999999999968e-01 6.443724000000000274e+01 1.016238999999999892e+00 2.390511000000000163e-09 -9.662437000000000387e-01 2.490712999999999955e-01
2.595936999999999828e-01 3.839216000000000156e-02 4.659578999999999631e-03 7.315843999999999880e+01 1.031581999999999999e+00 2.987027000000000050e-09 -9.017418999999999851e-01 -4.543618999999999852e-01
1.770491999999999899e-01 3.894584000000000240e-02 2.909420999999999813e-01 7.203728999999999871e+01 1.009439999999999893e+00 1.483686999999999945e-09 -1.063398999999999983e+00 2.784581999999999891e-01
1.971592000000000067e-01 3.174542000000000336e-02 2.069695000000000007e-01 7.182609999999999673e+01 9.871522000000000352e-01 1.260772999999999902e-09 -1.025984999999999925e+00 1.599456999999999962e-02
3.123067999999999955e-01 4.494828000000000018e-02 4.021890999999999661e-02 7.638087000000000160e+01 1.049992999999999954e+00 2.748392999999999982e-09 -1.075495000000000090e+00 3.274131000000000125e-01
3.569725999999999733e-01 4.403262000000000148e-02 4.743093000000000309e-02 6.327951999999999799e+01 9.438735999999999793e-01 1.571153999999999929e-09 -8.942160999999999582e-01 2.758238000000000079e-01
3.861256000000000133e-01 8.935626000000000679e-02 2.589124999999999899e-01 6.376780000000000115e+01 1.035516000000000103e+00 2.970840000000000052e-09 -1.066675999999999958e+00 -2.204220000000000068e-01
1.835807999999999884e-01 1.682068999999999925e-02 2.322961000000000054e-01 7.137403999999999371e+01 9.112495000000000456e-01 2.455278000000000008e-09 -1.053288000000000002e+00 1.160753000000000063e-01
2.176981000000000055e-01 8.303080000000000183e-02 5.896848999999999841e-02 6.855871000000000492e+01 9.535759000000000318e-01 2.192190999999999963e-09 -1.023563999999999918e+00 -3.616296999999999984e-01
4.066957999999999962e-01 5.234267000000000086e-02 1.091091000000000005e-01 6.602101999999999293e+01 1.043206999999999995e+00 1.665987000000000029e-09 -8.571526999999999896e-01 -2.969361999999999835e-01
4.233562000000000158e-01 4.131507999999999708e-02 2.859781000000000128e-01 6.267672000000000310e+01 9.143158000000000118e-01 2.250673000000000175e-09 -1.040200000000000014e+00 -2.030772000000000133e-01
4.185949999999999949e-01 2.657723999999999850e-02 6.043562999999999713e-02 6.428491999999999962e+01 1.024393000000000109e+00 2.081816000000000124e-09 -1.015306000000000042e+00 -4.429949000000000248e-01
1.686340000000000061e-01 1.756701999999999916e-02 1.487253000000000047e-01 7.604981999999999687e+01 1.032264000000000070e+00 2.314807000000000069e-09 -1.159968000000000110e+00 -2.816535000000000011e-01
3.055721000000000132e-01 8.901797000000000182e-02 2.200339000000000045e-01 6.140312999999999732e+01 9.634861999999999593e-01 1.474140000000000040e-09 -1.151764000000000010e+00 -1.995580000000000132e-01
4.257116000000000233e-01 4.962120999999999893e-02 8.246103999999999934e-02 7.935034000000000276e+01 9.345025000000000137e-01 2.799057999999999828e-09 -9.133495000000000363e-01 4.120512000000000064e-01
3.502065999999999790e-01 4.825328000000000256e-02 8.180477999999999708e-03 7.113732000000000255e+01 9.004782000000000064e-01 1.689646000000000019e-09 -1.027727999999999975e+00 1.359810999999999936e-01
3.799411999999999789e-01 7.275154000000000343e-02 7.541978000000000570e-02 7.337259000000000242e+01 9.386449999999999516e-01 1.268972999999999936e-09 -1.110611999999999933e+00 -2.385800999999999894e-01
4.176997000000000071e-01 5.597089000000000231e-02 1.575265000000000137e-01 6.252065000000000339e+01 9.507457000000000269e-01 2.965715000000000031e-09 -8.734908999999999590e-01 3.764408000000000198e-01
3.937012999999999763e-01 3.760640999999999984e-02 1.138706000000000024e-01 7.128172000000000708e+01 9.174506999999999524e-01 1.716513000000000026e-09 -9.312156999999999796e-01 6.178039999999999921e-02
3.957007000000000163e-01 2.041721000000000161e-02 2.407865999999999895e-01 6.847462000000000160e+01 9.949780999999999764e-01 2.933223999999999962e-09 -9.923534000000000521e-01 3.361364000000000019e-01
4.191796999999999884e-01 7.595393999999999757e-02 1.851592999999999989e-01 6.810079000000000349e+01 1.012883999999999896e+00 1.303176000000000009e-09 -1.000515999999999961e+00 1.870828999999999964e-01
3.374865000000000226e-01 4.956532999999999772e-02 1.331321000000000032e-01 7.670047999999999888e+01 1.033654999999999990e+00 2.022133999999999957e-09 -1.141118999999999994e+00 4.533397000000000121e-01
3.350928000000000240e-01 1.993394999999999889e-02 3.031369000000000077e-02 7.925137999999999749e+01 9.799619999999999997e-01 2.603273999999999876e-09 -1.033041000000000098e+00 2.215195000000000081e-01
3.772012000000000143e-01 6.726350000000000384e-02 2.054487000000000119e-01 6.989248000000000616e+01 1.001932000000000045e+00 1.525047000000000100e-09 -1.136139000000000010e+00 1.041948000000000041e-01
2.392566000000000137e-01 3.130472000000000116e-02 2.888777000000000150e-01 7.703789999999999338e+01 1.010580000000000034e+00 1.943929999999999924e-09 -9.863332999999999684e-01 2.319894000000000123e-01
1.933786999999999867e-01 4.832970999999999795e-02 5.708511000000000314e-03 6.980952999999999520e+01 1.002461999999999964e+00 2.195764999999999810e-09 -9.490431000000000283e-01 -9.447679000000000493e-02
2.971515000000000128e-01 9.736261000000000221e-02 1.812460999999999933e-01 6.010285999999999973e+01 9.089002999999999943e-01 1.850528000000000002e-09 -9.790535000000000210e-01 -1.010072999999999943e-01
4.109820000000000140e-01 4.366980000000000167e-02 2.645371000000000250e-01 6.107484000000000179e+01 9.261521000000000337e-01 2.657111999999999954e-09 -1.178552000000000044e+00 -2.928885999999999989e-01
3.575822000000000167e-01 4.817467000000000277e-02 3.598149999999999959e-02 6.793475999999999715e+01 1.008906000000000081e+00 1.639813000000000074e-09 -1.155655000000000099e+00 1.301094999999999891e-01
2.798436999999999730e-01 2.843744000000000133e-02 2.857352000000000156e-02 6.198696000000000339e+01 1.004658999999999969e+00 1.934503999999999920e-09 -1.074556999999999984e+00 -7.854751000000000094e-02
3.905296999999999796e-01 1.374934000000000052e-02 1.185203999999999980e-01 6.460415000000000418e+01 9.894304000000000432e-01 2.200887000000000115e-09 -1.087952000000000030e+00 -3.868604999999999960e-01
2.929383999999999877e-01 3.351980000000000237e-02 4.952262000000000330e-02 6.678660999999999603e+01 1.006575999999999915e+00 1.718899000000000022e-09 -1.066065000000000040e+00 3.678585999999999800e-01
4.479693000000000147e-01 5.714696999999999832e-02 1.383110999999999924e-01 7.440435999999999694e+01 9.831910000000000371e-01 1.808544999999999983e-09 -8.424317000000000055e-01 -4.394643999999999773e-01
4.406951000000000063e-01 4.222615999999999870e-02 2.081565999999999972e-01 7.772956999999999539e+01 1.046926999999999941e+00 2.407505000000000156e-09 -9.576430000000000220e-01 -1.828856000000000093e-01
4.167148999999999992e-01 3.022555000000000033e-02 2.556548000000000154e-01 7.476176999999999850e+01 1.005606000000000000e+00 2.459161999999999826e-09 -9.494730999999999588e-01 -2.161949999999999983e-01
3.600533000000000206e-01 3.319554999999999728e-02 6.629258999999999846e-02 6.517400000000000659e+01 1.010194000000000036e+00 1.506475999999999917e-09 -1.118182999999999927e+00 -2.470143999999999951e-01
2.120165999999999995e-01 4.425677000000000083e-02 7.328948000000000407e-02 7.297427999999999315e+01 9.134613999999999789e-01 1.741068000000000051e-09 -8.119431999999999761e-01 -1.158312000000000057e-02
2.218398000000000037e-01 4.381460999999999689e-02 2.750238999999999878e-01 7.813647000000000276e+01 1.045431999999999917e+00 2.885586000000000131e-09 -8.625523999999999969e-01 3.917915000000000147e-01
2.301397000000000026e-01 3.100228999999999832e-02 2.819448999999999983e-01 6.437636000000000536e+01 1.048275000000000068e+00 2.522384000000000169e-09 -8.835956000000000365e-01 -2.619953999999999894e-01
3.212104000000000070e-01 3.842353999999999908e-02 7.188754999999999451e-02 7.690993000000000279e+01 9.991738000000000008e-01 2.964690999999999932e-09 -9.846369999999999845e-01 4.285280000000000200e-01
2.612187999999999732e-01 3.526834000000000219e-02 1.430646999999999891e-01 7.952362999999999715e+01 9.006939999999999946e-01 2.613659999999999844e-09 -1.121957000000000093e+00 -2.821428999999999951e-02
3.474542999999999937e-01 4.244748000000000271e-02 2.809537999999999758e-01 6.299262000000000228e+01 9.576751999999999487e-01 1.900645000000000109e-09 -9.374365999999999532e-01 -3.730636999999999981e-01
3.556159999999999877e-01 3.088226999999999986e-02 1.401736000000000093e-01 6.222955000000000325e+01 1.014532999999999907e+00 1.882483999999999928e-09 -1.181742000000000070e+00 3.156108000000000247e-01
2.854582999999999982e-01 3.744605000000000156e-02 1.357174999999999909e-01 7.255764999999999532e+01 1.048521999999999954e+00 1.995626999999999937e-09 -8.523756000000000110e-01 -2.943206999999999907e-01
2.954570999999999725e-01 4.470070000000000293e-02 9.668010000000000492e-02 7.368449999999999989e+01 9.176699000000000384e-01 2.755172999999999829e-09 -9.694180999999999493e-01 -1.234167999999999932e-01
2.864364999999999828e-01 4.137173999999999713e-02 2.693662000000000001e-01 7.307021000000000299e+01 1.023342999999999892e+00 2.910860999999999922e-09 -1.069768999999999970e+00 2.690542000000000211e-01
2.841023999999999772e-01 3.766463999999999923e-02 1.015879999999999977e-01 7.717419999999999902e+01 1.044248999999999983e+00 2.937607000000000028e-09 -1.078511999999999915e+00 -1.793085000000000095e-01
1.967782999999999893e-01 4.553418000000000049e-02 2.703240999999999890e-03 6.942028999999999428e+01 9.126490000000000435e-01 2.088333000000000092e-09 -8.667941000000000118e-01 4.829026000000000152e-01
4.039546999999999999e-01 3.613211999999999674e-02 2.172649000000000108e-01 7.847690000000000055e+01 1.046394999999999964e+00 1.597235999999999922e-09 -8.732625000000000526e-01 -8.159131999999999496e-02
3.428219000000000127e-01 4.581135000000000068e-02 1.668854999999999991e-02 7.796389000000000635e+01 9.041139000000000259e-01 1.481749999999999975e-09 -1.139307999999999987e+00 -3.511857999999999924e-01
3.499102000000000046e-01 4.125663999999999720e-02 1.154014000000000012e-01 6.186730000000000018e+01 9.735352999999999923e-01 1.539522999999999999e-09 -1.089164000000000021e+00 -2.340644000000000058e-01
4.241116999999999804e-01 4.856859000000000176e-02 9.489018999999999926e-02 6.369581000000000159e+01 9.720252999999999810e-01 2.877366999999999831e-09 -1.030194000000000054e+00 3.003719000000000250e-01
4.299108999999999847e-01 3.915790000000000243e-02 1.789250000000000007e-01 6.881325999999999965e+01 1.037074999999999969e+00 1.698982000000000079e-09 -8.022327000000000208e-01 -2.523977000000000026e-01
2.254503999999999952e-01 3.561787000000000286e-02 8.087262000000000617e-02 7.124079999999999302e+01 1.000714000000000103e+00 1.514086000000000059e-09 -9.973910000000000275e-01 1.786535999999999957e-01
2.554018000000000121e-01 4.898944000000000215e-02 1.550805000000000100e-01 6.015646000000000271e+01 9.079447000000000489e-01 2.510237000000000086e-09 -1.169283999999999990e+00 -1.557204000000000088e-01
2.769540999999999809e-01 3.923077999999999982e-02 6.195786999999999822e-02 7.146687000000000012e+01 9.815475999999999646e-01 2.517819999999999894e-09 -8.557192999999999605e-01 -2.187387000000000012e-02
2.092323000000000099e-01 4.113537999999999917e-02 2.766238999999999781e-01 7.846026000000000522e+01 9.529355000000000464e-01 1.670152999999999992e-09 -1.034988999999999937e+00 3.704937999999999843e-01
2.336321000000000092e-01 4.434098999999999680e-02 1.213853000000000015e-01 6.719261000000000195e+01 1.022027000000000019e+00 2.051074000000000066e-09 -9.511971000000000176e-01 -4.743478999999999890e-01
4.460524000000000155e-01 4.292918999999999902e-02 1.291230999999999907e-01 7.792296000000000333e+01 9.788436999999999832e-01 2.854234000000000010e-09 -9.569187000000000110e-01 -4.047433000000000280e-02
1.528028999999999915e-01 4.694543000000000327e-02 6.502700000000000147e-02 6.025551999999999708e+01 9.192145000000000454e-01 2.615198999999999915e-09 -1.044747000000000092e+00 -9.270726999999999440e-02
1.993950999999999918e-01 4.977050000000000224e-02 1.537159999999999915e-01 7.361453000000000202e+01 9.299967000000000095e-01 2.683426999999999981e-09 -9.839436000000000293e-01 -3.825183999999999807e-01
3.665441999999999867e-01 3.031711999999999949e-02 1.666474000000000011e-01 7.166382000000000119e+01 9.855216999999999450e-01 1.267473000000000096e-09 -1.162304999999999922e+00 2.354542000000000024e-01
2.911995000000000000e-01 4.251259999999999761e-02 4.990932000000000007e-04 6.774303999999999348e+01 9.643188000000000315e-01 2.990499999999999961e-09 -1.149860000000000104e+00 -6.069171999999999761e-02
1.769565999999999917e-01 4.529600999999999766e-02 2.949156000000000000e-02 6.640516999999999825e+01 9.912969999999999837e-01 2.592852999999999918e-09 -9.779425000000000479e-01 -3.860279999999999823e-01
2.885910999999999893e-01 3.125930999999999849e-02 8.823103000000000196e-02 7.869607000000000596e+01 1.002537999999999929e+00 2.980589999999999941e-09 -1.013562000000000074e+00 3.793536000000000130e-01
1.733931999999999973e-01 4.920072000000000334e-02 2.796557000000000071e-01 7.881936000000000320e+01 9.958194000000000212e-01 1.310700000000000034e-09 -8.353228000000000320e-01 -3.122700000000000128e-02
1.691123999999999961e-01 4.611530999999999964e-02 2.655678000000000205e-01 6.648472999999999900e+01 9.680769000000000180e-01 2.494778000000000130e-09 -1.132484999999999964e+00 -4.997833999999999888e-01
3.150252000000000052e-01 4.203642999999999963e-02 1.191305000000000003e-01 6.149730000000000274e+01 9.393964000000000203e-01 2.761161999999999817e-09 -1.084996000000000071e+00 -1.401899000000000062e-01
4.424122999999999806e-01 4.453555000000000014e-02 2.109309000000000045e-01 7.998781999999999925e+01 1.040165999999999924e+00 1.793967000000000036e-09 -8.160937000000000330e-01 2.840444999999999776e-01
4.434398999999999980e-01 4.197755999999999710e-02 1.756069000000000102e-01 7.970569999999999311e+01 1.021033999999999997e+00 2.676761999999999984e-09 -1.047595000000000054e+00 1.033199000000000062e-01
4.353798999999999864e-01 3.666871000000000019e-02 8.186284000000000616e-02 6.120452000000000226e+01 9.405170999999999948e-01 1.552157000000000020e-09 -1.051355000000000040e+00 1.464807999999999943e-01
3.097446999999999839e-01 4.215196999999999694e-02 2.099783000000000066e-01 6.904646999999999935e+01 1.039541999999999966e+00 1.903530999999999845e-09 -9.267957000000000001e-01 5.413587999999999734e-02
3.874445999999999724e-01 3.549101999999999812e-02 2.682746000000000089e-02 7.522306000000000381e+01 9.603838000000000097e-01 2.557686000000000053e-09 -1.093588999999999922e+00 7.193389999999999507e-02
1.585255999999999887e-01 4.158599000000000323e-02 1.444873000000000129e-01 7.243363999999999692e+01 1.029398000000000035e+00 2.154634999999999974e-09 -9.157967000000000191e-01 1.820463999999999971e-01
1.792905999999999944e-01 3.109307000000000043e-02 2.142042000000000113e-01 7.087228000000000350e+01 9.029327000000000325e-01 2.644819999999999972e-09 -9.536675999999999487e-01 2.373032999999999948e-01
4.338448999999999778e-01 3.780602000000000268e-02 1.616026999999999880e-01 7.487533000000000527e+01 9.069614999999999760e-01 2.396882999999999818e-09 -8.473905999999999938e-01 3.386706999999999912e-01
3.441193000000000168e-01 4.077224000000000126e-02 2.306369000000000058e-01 7.683231999999999573e+01 9.238420000000000520e-01 2.279140000000000052e-09 -1.174989000000000061e+00 -2.739338000000000051e-01
1.807782000000000000e-01 3.997106000000000270e-02 2.167460999999999971e-01 6.102756000000000114e+01 1.015424000000000104e+00 2.092603000000000120e-09 -8.260914000000000312e-01 3.226087999999999734e-01
3.941008999999999762e-01 4.266347999999999668e-02 2.548586999999999936e-01 6.050240999999999758e+01 9.533169000000000226e-01 1.286546999999999941e-09 -8.495985999999999816e-01 -4.630091000000000068e-01
2.500109999999999832e-01 3.208753000000000299e-02 1.322437999999999947e-01 7.739422000000000423e+01 1.023792000000000035e+00 1.648107999999999992e-09 -8.411349000000000187e-01 3.871029999999999749e-01
1.820907999999999971e-01 3.791537999999999853e-02 1.286356999999999917e-01 7.305168999999999357e+01 9.198283000000000431e-01 2.451413999999999947e-09 -1.197116000000000069e+00 2.456577000000000066e-01
2.735384000000000149e-01 3.441274999999999890e-02 2.349149000000000098e-01 7.497105999999999426e+01 9.649535999999999669e-01 2.833864999999999912e-09 -1.020839000000000052e+00 3.977479999999999905e-01
3.893236999999999948e-01 3.116259999999999863e-02 2.744889999999999830e-01 6.238385000000000247e+01 1.024594999999999922e+00 1.727040000000000066e-09 -9.906007999999999480e-01 -3.449326999999999810e-01
2.114795999999999898e-01 3.391660999999999981e-02 9.703961999999999311e-02 6.893822000000000116e+01 1.041933999999999916e+00 1.469281999999999931e-09 -9.006760999999999795e-01 -2.872273000000000187e-01
2.104399000000000131e-01 3.399494000000000127e-02 2.483773999999999982e-01 7.051610999999999763e+01 9.592979999999999841e-01 2.182938000000000098e-09 -1.108570999999999973e+00 3.555250999999999828e-01
2.575705999999999829e-01 4.510752999999999985e-02 1.709899000000000002e-01 7.059774000000000171e+01 9.621323999999999987e-01 2.359662999999999816e-09 -1.146498000000000017e+00 6.733875999999999751e-02
3.585634999999999795e-01 4.590000000000000330e-02 1.261391000000000040e-01 6.750285999999999831e+01 9.071293999999999746e-01 2.109964999999999961e-09 -1.085739000000000010e+00 2.617065000000000086e-01
4.206702999999999970e-01 4.702081999999999790e-02 1.101731999999999989e-01 6.071320000000000050e+01 9.379288999999999543e-01 2.075905000000000185e-09 -9.127250999999999559e-01 1.295814999999999884e-01
3.455289999999999750e-01 4.100824000000000136e-02 6.296470999999999318e-02 6.359127000000000152e+01 9.231920000000000126e-01 2.402481000000000071e-09 -1.183616999999999919e+00 1.110978999999999994e-01
1.900110999999999883e-01 4.130376999999999660e-02 2.678243000000000151e-01 6.178703999999999752e+01 9.838959999999999928e-01 2.766804999999999939e-09 -9.111441999999999597e-01 -4.232732000000000161e-01
2.608542999999999834e-01 3.656842999999999899e-02 2.785500000000000198e-01 6.821045999999999765e+01 9.373730000000000118e-01 2.478657000000000078e-09 -1.061093000000000064e+00 6.385480000000000322e-02
2.481597000000000108e-01 4.355149999999999993e-02 2.267322999999999977e-01 7.020895000000000152e+01 9.898346999999999563e-01 2.038856000000000099e-09 -8.612379000000000007e-01 2.146357999999999877e-01
1.536598999999999882e-01 4.085372000000000309e-02 1.514513000000000109e-01 7.224805999999999528e+01 9.032379000000000380e-01 2.352839000000000006e-09 -1.006138999999999895e+00 -3.049553999999999876e-01
4.005457000000000045e-01 3.334300999999999932e-02 2.136189000000000004e-01 7.068049999999999500e+01 9.725179999999999936e-01 2.302623000000000187e-09 -9.645629999999999482e-01 3.022234999999999852e-02
2.511339000000000210e-01 3.351628999999999720e-02 1.417567000000000133e-01 7.343170000000000641e+01 9.416666999999999677e-01 2.441285000000000013e-09 -1.154384999999999994e+00 -4.183710999999999958e-01
3.020366999999999913e-01 4.931246000000000240e-02 9.907448000000000643e-02 6.385233000000000203e+01 9.037659000000000109e-01 1.973207999999999831e-09 -1.184744999999999937e+00 3.657572000000000045e-01
4.097162999999999777e-01 4.099855000000000166e-02 2.921453999999999995e-01 7.856180999999999415e+01 1.017106000000000066e+00 1.821713999999999940e-09 -8.305103000000000346e-01 -3.143869000000000247e-01
1.504405000000000048e-01 4.849838000000000066e-02 1.846157999999999966e-01 7.283911000000000513e+01 9.454388999999999710e-01 2.499792999999999828e-09 -1.142860999999999905e+00 4.892002999999999768e-01
4.137099000000000193e-01 4.709179000000000143e-02 1.501831000000000138e-01 7.415292999999999779e+01 1.012140000000000040e+00 2.843247999999999858e-09 -1.130166999999999922e+00 -2.665968000000000226e-01
1.863479000000000108e-01 4.333116000000000051e-02 1.644914000000000098e-01 7.623595000000000255e+01 9.771203000000000527e-01 1.819781999999999910e-09 -9.551773999999999543e-01 2.190236000000000127e-01
3.537267000000000050e-01 3.737030999999999686e-02 5.955008999999999997e-02 7.575016999999999712e+01 9.906308999999999809e-01 2.787671999999999966e-09 -1.054181000000000035e+00 -3.024639000000000078e-01
1.785069999999999990e-01 4.414594000000000157e-02 1.497967000000000048e-01 6.449629000000000190e+01 9.565711000000000075e-01 2.692534999999999946e-09 -9.041496999999999451e-01 -4.333426000000000222e-01
4.497650000000000259e-01 4.674128000000000310e-02 2.463148000000000004e-01 7.407535000000000025e+01 1.025322999999999984e+00 2.702182999999999994e-09 -9.728415000000000257e-01 3.440406999999999771e-01
3.004095999999999989e-01 4.151209000000000149e-02 2.357324000000000086e-01 6.805664000000000158e+01 9.625692999999999611e-01 1.382828000000000056e-09 -1.171904999999999974e+00 -4.946020999999999890e-01
3.640602000000000005e-01 3.199936999999999920e-02 2.711740000000000261e-01 6.467699000000000353e+01 1.029673000000000060e+00 1.837400000000000086e-09 -1.007991000000000081e+00 -2.103915000000000039e-03
1.668151999999999968e-01 3.973733000000000126e-02 7.483193999999999957e-02 7.178270999999999447e+01 9.060112000000000165e-01 1.915890000000000091e-09 -1.187596000000000096e+00 1.926463999999999954e-01
1.633969999999999867e-01 3.248940000000000161e-02 1.428303999999999963e-01 6.953793000000000291e+01 1.014070000000000027e+00 1.570208999999999990e-09 -9.068749999999999867e-01 9.088491999999999404e-02
3.722371999999999903e-01 3.435490000000000071e-02 1.311590999999999972e-02 6.565476999999999919e+01 9.145434999999999537e-01 2.550604999999999796e-09 -1.019214999999999982e+00 3.510829999999999784e-01
2.523329000000000266e-01 3.692084999999999811e-02 7.807757999999999365e-02 7.537801000000000329e+01 1.028623000000000065e+00 1.408613000000000086e-09 -1.010890000000000066e+00 -2.588565999999999923e-01
2.225328000000000028e-01 4.840037999999999979e-02 1.110547000000000062e-01 6.572154000000000451e+01 9.987065999999999999e-01 1.591418000000000056e-09 -9.414190000000000058e-01 1.227233999999999964e-01
3.258958000000000133e-01 4.536637999999999782e-02 3.893670999999999938e-02 6.159494999999999720e+01 1.016858999999999957e+00 2.777346000000000099e-09 -9.205550999999999595e-01 4.687244999999999884e-01
3.690854000000000079e-01 3.982585000000000292e-02 1.989106999999999958e-01 7.171783000000000641e+01 9.311970999999999998e-01 2.150509999999999846e-09 -1.001560000000000006e+00 -3.409418000000000171e-01
1.952388999999999930e-01 3.827934000000000198e-02 1.864762000000000086e-01 7.776192000000000348e+01 9.707516000000000478e-01 1.364508999999999966e-09 -1.061433999999999989e+00 -4.272255999999999831e-01
2.363031999999999910e-01 4.561838000000000004e-02 1.947079999999999922e-01 6.735398999999999603e+01 9.344198999999999700e-01 1.436191999999999997e-09 -1.137739999999999974e+00 2.408531999999999895e-01
3.388376000000000166e-01 4.305533000000000277e-02 2.493228999999999862e-01 6.914324000000000581e+01 9.572059000000000539e-01 1.391419999999999937e-09 -9.368516000000000066e-01 1.717384000000000133e-01
3.512211000000000083e-01 3.715274999999999828e-02 5.612517999999999674e-02 7.590895000000000437e+01 9.020365000000000189e-01 2.895016000000000170e-09 -9.085096000000000283e-01 -1.379288999999999932e-01
3.850952999999999737e-01 4.281697999999999754e-02 7.985979999999999468e-02 6.977182999999999424e+01 1.030683000000000016e+00 2.339666999999999920e-09 -8.648567999999999811e-01 3.114953999999999779e-01
1.844322999999999935e-01 4.547430999999999696e-02 9.514211000000000196e-02 6.034805999999999671e+01 9.542507000000000073e-01 2.428046999999999980e-09 -1.142519999999999980e+00 4.834284999999999832e-01
3.803214999999999790e-01 3.822086999999999707e-02 1.630437000000000136e-01 7.481363000000000341e+01 9.558771000000000351e-01 2.208464999999999983e-09 -8.575083000000000011e-01 4.226159999999999917e-01
4.115627000000000035e-01 3.055232999999999907e-02 1.564744000000000135e-01 6.578668000000000404e+01 9.103624000000000160e-01 2.927806999999999917e-09 -9.320716000000000001e-01 2.579083999999999821e-01
2.298984000000000028e-01 4.448378000000000054e-02 1.951248999999999900e-01 6.258276000000000039e+01 9.702633000000000507e-01 2.666540000000000182e-09 -9.399068999999999896e-01 -4.520621000000000222e-01
3.314006999999999925e-01 4.190258000000000177e-02 1.794702999999999993e-01 6.617139000000000237e+01 1.037622999999999962e+00 2.707408000000000046e-09 -8.285388999999999671e-01 4.324205999999999883e-02
4.044621999999999939e-01 4.657435000000000047e-02 1.881924000000000097e-01 7.555004999999999882e+01 9.693819999999999659e-01 1.709880000000000097e-09 -1.167507000000000073e+00 -2.845323000000000158e-01
2.469822999999999880e-01 3.360255999999999660e-02 2.458269999999999900e-01 6.632277999999999452e+01 9.462184999999999624e-01 1.767617999999999923e-09 -1.038019999999999943e+00 1.829860999999999988e-02
3.237028000000000127e-01 4.938010000000000316e-02 1.721232000000000040e-01 7.983271999999999480e+01 9.748147000000000340e-01 1.876529000000000024e-09 -1.166296999999999917e+00 3.171713999999999922e-01
3.403984999999999927e-01 3.491937999999999986e-02 1.657272999999999941e-01 6.135314999999999941e+01 1.045625000000000027e+00 2.415710000000000129e-09 -8.713659999999999739e-01 4.066339999999999955e-01
4.361629000000000200e-01 4.988937999999999706e-02 6.869854999999999712e-02 6.585596999999999923e+01 9.186773000000000300e-01 2.551011000000000177e-09 -1.010380000000000056e+00 -3.287970000000000059e-01
3.599439999999999862e-01 3.343991000000000324e-02 1.161620000000000014e-01 6.005693999999999733e+01 1.039473000000000091e+00 1.896633999999999925e-09 -8.881850999999999496e-01 -4.044650000000000190e-01
3.432332000000000161e-01 4.799022000000000010e-02 2.122532000000000030e-01 7.460303999999999292e+01 9.903292999999999680e-01 2.018962999999999948e-09 -8.338678000000000479e-01 -1.649297999999999875e-01
3.180398999999999865e-01 3.605495000000000227e-02 2.291352000000000111e-01 6.097489000000000203e+01 9.206562000000000356e-01 2.860767000000000116e-09 -8.208767999999999621e-01 1.630697999999999870e-01
2.833127999999999758e-01 3.381722999999999674e-02 1.370386000000000104e-01 7.781413000000000579e+01 9.427058999999999855e-01 2.267240000000000124e-09 -1.028378000000000014e+00 2.013037000000000021e-01
3.832729999999999748e-01 3.496189000000000241e-02 2.731530999999999820e-01 7.750330999999999904e+01 1.003918000000000088e+00 1.815172000000000068e-09 -9.443030000000000035e-01 -3.983674999999999855e-01
2.638585999999999987e-01 4.143651000000000278e-02 2.196524999999999866e-02 6.534614999999999441e+01 9.048019000000000478e-01 2.588878999999999948e-09 -1.152139999999999942e+00 -4.889955999999999747e-01
3.999597999999999764e-01 4.404646999999999729e-02 2.708689000000000235e-01 6.683760999999999797e+01 9.281220000000000026e-01 1.676998999999999991e-09 -9.597679999999999545e-01 -1.862914999999999988e-01
2.058209000000000011e-01 4.749007000000000228e-02 2.411123000000000016e-01 7.039301000000000386e+01 1.017527000000000070e+00 2.944421999999999864e-09 -9.953549000000000424e-01 -2.703707000000000193e-01
1.653235000000000121e-01 3.243988999999999900e-02 7.069681999999999356e-02 7.660667999999999722e+01 1.022820999999999980e+00 1.946900999999999872e-09 -8.911137999999999559e-01 9.346920000000000228e-02
2.655589999999999895e-01 3.507222000000000117e-02 2.629844000000000070e-01 6.888643000000000427e+01 9.581469000000000236e-01 1.785066000000000089e-09 -8.871978000000000364e-01 -3.747173000000000170e-02
4.080104999999999982e-01 4.491942000000000157e-02 3.483920000000000072e-02 6.133006999999999920e+01 9.081533999999999995e-01 2.164488000000000022e-09 -8.059739000000000209e-01 -5.965283000000000044e-03
4.398702999999999919e-01 3.818389999999999979e-02 8.781010999999999678e-02 7.813036999999999921e+01 9.512068999999999663e-01 1.356685999999999962e-09 -1.097614000000000090e+00 3.802790999999999810e-01
1.622323999999999988e-01 3.403116999999999948e-02 1.452005000000000101e-01 7.730347999999999331e+01 9.765036999999999745e-01 2.261894999999999870e-09 -9.825346000000000357e-01 -1.184663999999999995e-01
2.158422000000000118e-01 3.733049000000000089e-02 1.599693000000000087e-01 7.003736000000000672e+01 9.925445999999999991e-01 2.913615000000000180e-09 -9.531100000000000128e-01 -4.731233000000000244e-01
3.131638999999999950e-01 3.166337000000000318e-02 1.048315999999999970e-01 6.290511000000000053e+01 9.996979000000000282e-01 1.283257999999999954e-09 -8.655964999999999909e-01 2.887615000000000043e-01
3.049857000000000262e-01 4.996470000000000078e-02 1.128562000000000037e-01 6.838116999999999734e+01 9.672958000000000389e-01 1.967299000000000115e-09 -1.055039000000000060e+00 -4.490445000000000131e-01
1.878051000000000026e-01 4.174407000000000117e-02 8.937177999999999789e-02 7.029433000000000220e+01 9.938240999999999881e-01 1.317718000000000061e-09 -9.770721999999999463e-01 -3.780714000000000019e-01
1.912886000000000031e-01 4.063184000000000240e-02 2.018813000000000135e-01 7.875084999999999980e+01 1.036820999999999993e+00 2.428819999999999891e-09 -1.123097000000000012e+00 2.221454999999999957e-02
2.537002999999999897e-01 3.587665999999999772e-02 2.092447000000000057e-02 6.324645999999999901e+01 9.719077999999999884e-01 2.708769999999999942e-09 -9.606010999999999855e-01 2.803288999999999920e-01
3.829420000000000046e-01 4.209671999999999720e-02 2.975540999999999880e-01 6.935833999999999833e+01 9.961396999999999613e-01 1.730501999999999987e-09 -8.686298999999999548e-01 -3.652710000000000123e-01
2.183448000000000055e-01 4.041176999999999964e-02 7.212003999999999637e-02 7.080949999999999989e+01 9.307115000000000249e-01 2.543767999999999978e-09 -1.056151999999999980e+00 -1.295178999999999914e-01
2.243160999999999905e-01 4.948057000000000150e-02 2.390025000000000066e-01 6.414782999999999902e+01 9.689240999999999548e-01 2.953815000000000103e-09 -9.220572999999999686e-01 4.666599000000000164e-01
4.418085999999999958e-01 3.892666999999999655e-02 1.175973000000000018e-01 6.393144000000000204e+01 1.034391000000000060e+00 2.487246000000000036e-09 -9.992046999999999457e-01 -2.433093000000000061e-01
2.408624000000000043e-01 4.913378000000000190e-02 1.695655000000000079e-01 6.787199999999999989e+01 9.586909999999999599e-01 2.121046000000000205e-09 -9.939556999999999976e-01 2.340276999999999982e-02
1.859158999999999951e-01 3.456102999999999953e-02 2.834520999999999846e-01 6.279726000000000141e+01 9.159832999999999448e-01 1.613862999999999972e-09 -8.318303000000000225e-01 4.423098999999999781e-01
2.756391999999999731e-01 4.335702999999999779e-02 2.872084999999999777e-01 6.161748000000000047e+01 9.779605999999999577e-01 1.610009999999999903e-09 -9.182650999999999453e-01 8.300108000000000485e-02
3.988302000000000236e-01 4.440119000000000010e-02 2.914847999999999884e-01 7.253212000000000614e+01 9.879246000000000416e-01 1.684224000000000035e-09 -1.133337000000000039e+00 -4.156795999999999824e-01
2.695752000000000148e-01 4.960946000000000106e-02 6.424559000000000519e-02 6.027096000000000231e+01 9.135522999999999838e-01 2.128149000000000030e-09 -1.115410000000000013e+00 -1.718402999999999944e-02
2.201120000000000021e-01 3.929337000000000107e-02 2.991032000000000135e-01 6.846320000000000050e+01 9.161898000000000541e-01 2.382761000000000060e-09 -1.174584000000000072e+00 3.246660000000000101e-01
3.783852999999999800e-01 3.138209000000000137e-02 1.347508999999999990e-03 7.260286000000000683e+01 9.121291999999999733e-01 2.605753000000000152e-09 -1.004656999999999911e+00 3.566944000000000226e-01
3.961011999999999866e-01 4.732465999999999756e-02 1.961256999999999862e-01 7.753776000000000579e+01 1.027851000000000070e+00 2.104800000000000011e-09 -1.100292000000000048e+00 1.734879000000000004e-01
3.247540999999999900e-01 3.854915999999999898e-02 8.571040000000000603e-02 6.733261000000000251e+01 9.563627000000000100e-01 2.742840999999999917e-09 -1.039441000000000059e+00 -9.187169999999999712e-03
3.283344000000000262e-01 3.050227000000000147e-02 1.804060000000000108e-01 7.450793000000000177e+01 1.001417999999999919e+00 2.997962000000000075e-09 -8.926973000000000269e-01 2.654332999999999831e-01
2.023549000000000042e-01 3.853215000000000112e-02 2.984048999999999729e-01 7.616786000000000456e+01 9.304780999999999747e-01 2.573150999999999855e-09 -8.507215000000000193e-01 -8.882697000000000509e-02
2.281362999999999863e-01 3.325238999999999973e-02 1.247198999999999947e-01 6.285598000000000241e+01 1.013738999999999946e+00 1.843751000000000078e-09 -8.462534999999999918e-01 -3.688277999999999834e-01
3.714142999999999750e-01 4.372911000000000159e-02 8.349193000000000586e-02 6.335961000000000354e+01 9.363259000000000443e-01 1.990675999999999961e-09 -8.534197999999999507e-01 -4.802074000000000065e-01
4.156355999999999939e-01 4.771320999999999896e-02 1.926248000000000127e-01 6.043542999999999665e+01 9.359593999999999969e-01 2.009921999999999834e-09 -9.063312999999999509e-01 -4.593961999999999768e-01
2.045963000000000087e-01 3.556625000000000064e-02 1.589389999999999969e-01 7.581098000000000070e+01 9.382068999999999548e-01 1.459168999999999927e-09 -8.197628999999999611e-01 -2.248072999999999877e-01
2.234751000000000098e-01 3.567133000000000109e-02 5.394535000000000302e-02 6.421350999999999942e+01 9.118827000000000460e-01 1.830712999999999900e-09 -1.102921000000000040e+00 -1.309096999999999900e-01
2.785641999999999840e-01 4.744737000000000260e-02 2.221138000000000001e-01 6.878369999999999607e+01 9.180544999999999956e-01 1.377260999999999965e-09 -9.028085999999999611e-01 1.669144999999999934e-01
1.745661000000000018e-01 3.895736000000000337e-02 2.566975000000000229e-01 7.901788999999999419e+01 9.791568000000000493e-01 1.769276000000000085e-09 -1.058206999999999898e+00 -1.531274999999999997e-01
4.078389000000000042e-01 3.034024000000000096e-02 2.577776999999999985e-01 7.198041000000000622e+01 1.036359999999999948e+00 1.586319999999999957e-09 -1.190892999999999979e+00 -4.078257000000000132e-01
4.266222000000000070e-01 3.939468000000000136e-02 6.954498000000000624e-02 6.713326999999999600e+01 1.042240999999999973e+00 2.291051000000000178e-09 -9.628997000000000250e-01 -4.024288999999999783e-01
1.812402999999999931e-01 4.234277999999999653e-02 1.820596999999999910e-01 7.219773000000000707e+01 9.227353999999999834e-01 2.007023999999999996e-09 -1.012974999999999959e+00 -2.796873999999999749e-01
3.708743999999999930e-01 3.811284999999999673e-02 1.763897000000000104e-01 6.543756000000000483e+01 1.021519000000000066e+00 2.817654000000000122e-09 -9.739419000000000270e-01 1.079813000000000023e-01
2.141315000000000024e-01 4.071456999999999854e-02 1.684283000000000030e-01 6.705952000000000623e+01 9.942423000000000233e-01 1.951526000000000153e-09 -8.752119999999999900e-01 4.995307999999999971e-01
3.924909999999999788e-01 3.806381999999999821e-02 1.670994000000000090e-01 7.675870000000000459e+01 9.922288000000000219e-01 1.630939000000000048e-09 -1.126687999999999912e+00 -3.223490999999999995e-01
4.275128999999999735e-01 4.890147000000000244e-02 9.246411999999999687e-02 7.389624999999999488e+01 9.248543999999999654e-01 2.222099000000000104e-09 -8.428666000000000214e-01 4.325048000000000226e-01
4.228611999999999926e-01 3.542192000000000257e-02 1.862605999999999984e-02 6.765210999999999331e+01 9.455209999999999448e-01 2.439892000000000160e-09 -1.131850000000000023e+00 1.469718000000000135e-01
2.773879000000000206e-01 3.960034999999999944e-02 2.823519999999999919e-01 6.209971999999999781e+01 9.636981999999999493e-01 1.975789999999999854e-09 -1.189845999999999959e+00 -1.461880999999999875e-01
1.569859999999999867e-01 4.601306000000000146e-02 1.034719999999999945e-01 6.301024000000000314e+01 1.007333999999999952e+00 2.114975000000000133e-09 -1.099248000000000003e+00 6.297708999999999642e-04
4.316903999999999741e-01 3.263347999999999943e-02 9.146595000000000419e-02 7.598399000000000569e+01 9.339142999999999750e-01 2.228410000000000166e-09 -9.800862000000000185e-01 1.652240000000000097e-01
3.464022999999999963e-01 4.000225999999999782e-02 2.611630999999999814e-01 6.740752999999999417e+01 9.524181000000000452e-01 1.321864999999999964e-09 -8.093770000000000131e-01 1.367505999999999999e-01
3.115910000000000069e-01 4.029337000000000196e-02 6.791049999999999864e-02 6.555557000000000301e+01 1.025624000000000091e+00 2.464048000000000175e-09 -8.976946000000000092e-01 1.864065000000000027e-01
2.714898000000000033e-01 3.015148999999999954e-02 3.117730999999999888e-03 7.803638999999999726e+01 1.006321999999999939e+00 2.485352000000000125e-09 -1.046508999999999912e+00 4.159800000000000164e-01
2.343348000000000098e-01 4.230952000000000324e-02 1.731834000000000151e-02 7.655492999999999881e+01 1.040858999999999979e+00 1.354672999999999960e-09 -9.339821000000000373e-01 -1.876182999999999879e-01
2.808223000000000247e-01 4.738718000000000097e-02 1.911969000000000030e-01 6.867649000000000115e+01 9.597717999999999527e-01 2.824681000000000123e-09 -1.117266000000000092e+00 -1.449993999999999936e-02
3.764986000000000166e-01 4.863755000000000162e-02 3.708738000000000312e-02 7.330586999999999875e+01 9.252960999999999547e-01 2.256022000000000050e-09 -1.022048000000000068e+00 -2.087015000000000120e-01
1.944435999999999942e-01 4.665049999999999752e-02 2.667018999999999918e-01 6.066561999999999699e+01 1.019463999999999926e+00 1.293749000000000099e-09 -1.194558000000000009e+00 3.321871000000000129e-01
4.442492000000000107e-01 3.155977000000000088e-02 4.698661999999999977e-02 6.768017999999999290e+01 1.011692999999999953e+00 2.851954999999999795e-09 -8.820921000000000456e-01 4.498940000000000161e-01
4.484442000000000150e-01 4.982397999999999688e-02 1.547078000000000064e-01 6.342696999999999719e+01 9.678124999999999645e-01 2.349477999999999815e-09 -9.248536000000000534e-01 -4.950253999999999766e-02
2.993628999999999873e-01 3.597985000000000072e-02 2.440885999999999889e-01 6.401420000000000243e+01 9.050502999999999743e-01 2.188182000000000003e-09 -8.086685000000000123e-01 -4.105235999999999885e-01
1.893166000000000015e-01 4.360018000000000227e-02 2.210981999999999947e-01 7.725529000000000224e+01 1.018103999999999898e+00 2.096386000000000002e-09 -1.111976000000000075e+00 -1.747242999999999991e-01
2.443140000000000034e-01 4.484711000000000253e-02 2.198264000000000051e-01 6.947106999999999744e+01 1.043509999999999938e+00 1.427461999999999966e-09 -1.193163999999999891e+00 9.848008999999999583e-03
2.641595999999999944e-01 4.970729000000000120e-02 7.733579000000000148e-02 6.172986999999999824e+01 9.093881999999999799e-01 2.034757999999999892e-09 -8.804180000000000339e-01 2.556281000000000247e-01
1.677028999999999881e-01 4.910333000000000059e-02 1.062329999999999941e-01 7.824889000000000294e+01 1.007565000000000044e+00 1.442773000000000101e-09 -1.090403000000000011e+00 1.982856000000000063e-01
3.883801000000000059e-01 3.293403000000000302e-02 2.436301999999999912e-01 6.263192999999999699e+01 9.713618000000000530e-01 2.288243000000000077e-09 -1.041865999999999959e+00 1.954564000000000024e-01
2.982993999999999923e-01 3.200780999999999765e-02 2.315271000000000134e-01 6.512945000000000562e+01 9.699778999999999485e-01 1.961141000000000021e-09 -1.158050999999999942e+00 4.348201999999999900e-01
2.429436000000000095e-01 4.634026000000000117e-02 4.154240000000000016e-02 6.635048999999999353e+01 1.035447000000000006e+00 2.784142000000000083e-09 -9.234573999999999838e-01 1.419895999999999936e-01
2.879566000000000070e-01 3.356978000000000045e-02 1.908893000000000117e-01 6.412112000000000478e+01 9.606105999999999812e-01 1.462954000000000033e-09 -8.044008000000000269e-01 3.403642000000000126e-03
4.056054000000000048e-01 4.571872999999999909e-02 2.966841000000000061e-01 7.899926000000000670e+01 9.422468999999999983e-01 2.689146999999999834e-09 -1.050267000000000062e+00 3.834107999999999961e-01
2.948931000000000191e-01 3.633626000000000217e-02 3.212919000000000191e-02 6.479236000000000217e+01 1.038948999999999900e+00 2.672989999999999886e-09 -9.968837999999999866e-01 -2.456282999999999939e-01
1.553085999999999911e-01 3.312873999999999680e-02 2.039237999999999884e-01 6.532598000000000127e+01 9.291593999999999687e-01 2.654734999999999932e-09 -1.009131000000000000e+00 3.623263000000000178e-02
2.544895999999999825e-01 3.461762000000000172e-02 2.041454000000000046e-01 6.053911999999999694e+01 1.005190999999999946e+00 2.531746000000000038e-09 -8.143823999999999508e-01 -1.063214999999999993e-01
3.975954999999999906e-01 4.325893000000000099e-02 2.941103999999999941e-01 7.187323999999999558e+01 1.049122000000000110e+00 2.574958000000000157e-09 -1.034019999999999939e+00 3.825652999999999693e-02
3.637605999999999895e-01 3.834871000000000113e-02 2.890413000000000010e-01 6.489509999999999934e+01 9.271536999999999695e-01 2.307348000000000085e-09 -8.783009999999999984e-01 -3.097809000000000257e-01
2.164311999999999903e-01 4.804971000000000242e-02 1.527757999999999894e-01 6.963850999999999658e+01 1.027180999999999900e+00 2.538760000000000030e-09 -1.165005999999999986e+00 -3.559118000000000004e-01
3.416936999999999891e-01 3.374922000000000338e-02 2.773578999999999906e-01 6.696425999999999590e+01 1.026080000000000103e+00 2.165906999999999891e-09 -8.963634000000000324e-01 -3.473827000000000165e-02
3.394558999999999771e-01 4.690565000000000012e-02 2.334690000000000029e-02 6.083254999999999768e+01 9.479855000000000365e-01 2.866700000000000037e-09 -1.043268000000000084e+00 2.701810000000000045e-01
2.676360999999999879e-01 3.046056999999999931e-02 5.023393999999999776e-02 7.095159999999999911e+01 9.759351000000000553e-01 1.492885000000000062e-09 -1.082440000000000069e+00 1.534050000000000136e-01
3.363037999999999861e-01 3.306562999999999863e-02 2.234475999999999962e-01 6.993586000000000524e+01 1.034848999999999908e+00 2.633880999999999913e-09 -9.707365999999999495e-01 2.043576000000000004e-01
3.689946000000000059e-01 4.523479999999999862e-02 1.627621999999999958e-01 6.485560999999999865e+01 1.047363999999999962e+00 2.371127000000000140e-09 -1.031433999999999962e+00 -4.836501000000000272e-01
1.593982999999999928e-01 4.406697999999999865e-02 8.435378000000000320e-02 7.990955999999999904e+01 9.467763000000000151e-01 2.299776000000000062e-09 -1.017702000000000107e+00 -2.188424999999999954e-01
2.620543000000000178e-01 3.873813999999999730e-02 4.492648999999999948e-02 6.552076999999999884e+01 9.669514999999999638e-01 2.829932000000000191e-09 -9.468090999999999591e-01 4.797209000000000056e-01
2.320587000000000066e-01 4.312255999999999728e-02 6.497731999999999987e-03 7.632117999999999824e+01 9.883794999999999664e-01 2.144925000000000014e-09 -8.010159000000000029e-01 -2.409083000000000058e-02
2.813128999999999769e-01 3.269682000000000144e-02 2.772464999999999999e-02 7.235457999999999856e+01 9.918346999999999580e-01 2.061530999999999920e-09 -1.016680000000000028e+00 -3.759802999999999895e-01
3.742013000000000145e-01 4.876881999999999745e-02 2.284036000000000052e-02 6.593236000000000274e+01 9.661541999999999630e-01 2.737252000000000052e-09 -8.695585000000000120e-01 3.611486999999999892e-01
3.223750000000000226e-01 3.132108000000000114e-02 2.607042999999999999e-01 7.373909999999999343e+01 9.220302999999999694e-01 1.578088000000000062e-09 -1.156533000000000033e+00 -4.235401999999999778e-01
2.826061999999999741e-01 4.313940000000000136e-02 5.726320000000000021e-02 7.357604999999999507e+01 9.822663999999999840e-01 1.559958000000000043e-09 -9.260886000000000395e-01 -7.357751999999999348e-02
2.085307000000000133e-01 3.177831999999999879e-02 1.055250999999999967e-01 6.229460999999999871e+01 9.888846000000000025e-01 1.277089999999999981e-09 -1.094977000000000089e+00 2.943533999999999873e-01
2.459997999999999907e-01 4.775685999999999820e-02 2.843215000000000048e-01 7.956261000000000649e+01 9.096360000000000001e-01 1.777169000000000070e-09 -1.064230000000000009e+00 5.209387000000000045e-02
2.372808999999999890e-01 4.275734999999999952e-02 2.278142999999999974e-01 6.921822000000000230e+01 9.754601999999999995e-01 1.397942999999999957e-09 -1.112470999999999988e+00 -4.452804000000000206e-01
3.542192000000000118e-01 4.377426000000000234e-02 1.180968999999999942e-02 7.386360999999999422e+01 9.268874000000000279e-01 2.030583999999999861e-09 -8.594357000000000246e-01 4.946395000000000097e-01
3.035120000000000040e-01 3.514358000000000065e-02 4.210731999999999670e-02 7.515170999999999424e+01 1.008494999999999919e+00 1.761189000000000090e-09 -1.173032999999999992e+00 -6.420206999999999997e-02
1.515212999999999977e-01 3.865608000000000238e-02 1.608219999999999927e-01 7.745261999999999603e+01 9.732807999999999460e-01 1.341083999999999916e-09 -8.490554999999999630e-01 1.518733999999999917e-01
3.332119000000000053e-01 4.034428999999999793e-02 1.209943999999999950e-02 6.319942000000000348e+01 9.801326999999999678e-01 2.585240000000000060e-09 -8.153749000000000136e-01 2.261575000000000113e-01
3.610683000000000087e-01 4.092683999999999905e-02 1.360935000000000061e-01 7.041216000000000008e+01 9.853068000000000382e-01 2.628354999999999864e-09 -9.095805999999999614e-01 4.095542999999999823e-01
3.272032000000000274e-01 3.428102999999999706e-02 8.686639000000000166e-02 7.101636999999999489e+01 1.020291999999999977e+00 2.923579999999999948e-09 -9.623827000000000353e-01 -1.343644999999999978e-01
3.012528999999999901e-01 3.574808000000000152e-02 2.688439000000000245e-01 6.308223000000000269e+01 1.041260000000000074e+00 1.984146999999999890e-09 -9.411943999999999866e-01 4.502815000000000012e-01
2.665432999999999830e-01 4.018412999999999846e-02 1.086239999999999983e-01 7.973859000000000208e+01 9.762070999999999943e-01 1.872824000000000191e-09 -1.036804999999999977e+00 -9.989663999999999489e-02
2.039247999999999894e-01 3.076216000000000020e-02 1.734284000000000103e-01 6.496184999999999832e+01 9.517708000000000279e-01 1.862268999999999910e-09 -1.068594999999999962e+00 1.186418000000000056e-01
3.919518000000000169e-01 4.542113999999999874e-02 2.868438999999999850e-01 6.200403000000000020e+01 9.287984000000000240e-01 1.451885000000000100e-09 -1.186552000000000051e+00 1.242953999999999934e-02
1.720920999999999979e-01 3.470246999999999915e-02 7.627019999999999633e-02 7.012640000000000384e+01 9.827778999999999821e-01 1.914572000000000159e-09 -8.387350999999999557e-01 7.388796000000000253e-02
2.264480000000000104e-01 3.585010999999999753e-02 1.932174000000000114e-01 6.599079000000000406e+01 9.483038999999999774e-01 2.621726000000000176e-09 -1.176887999999999934e+00 -2.697010000000000240e-01
2.359179000000000137e-01 4.617353999999999903e-02 9.317738000000000409e-02 6.865958999999999435e+01 9.318851999999999691e-01 1.600519999999999970e-09 -1.160292000000000101e+00 3.432911000000000157e-01
3.260892000000000235e-01 4.432656000000000096e-02 3.317372999999999850e-02 7.834972000000000492e+01 9.444666999999999923e-01 2.902891000000000000e-09 -1.144687999999999928e+00 -3.391048999999999869e-01
3.523248999999999964e-01 4.715587000000000251e-02 1.974526000000000059e-02 7.532846999999999582e+01 9.811484000000000316e-01 2.880636000000000060e-09 -9.684150000000000258e-01 2.912476999999999983e-01
2.279789999999999872e-01 4.107112000000000263e-02 9.906770999999999980e-03 7.349939999999999429e+01 9.502298000000000133e-01 2.274618999999999836e-09 -8.846606999999999665e-01 -1.575709000000000137e-01
1.708270000000000066e-01 3.422395999999999772e-02 1.476660999999999946e-01 6.395810999999999780e+01 9.490648000000000417e-01 2.794608999999999815e-09 -9.196296999999999944e-01 -1.109760999999999942e-01
2.130999000000000088e-01 4.791816000000000131e-02 2.382299999999999973e-01 7.919923000000000002e+01 1.028440999999999939e+00 1.367066999999999990e-09 -9.758985999999999494e-01 -4.903584000000000276e-01
1.923517999999999895e-01 3.625902000000000291e-02 1.994618999999999975e-01 6.455248000000000275e+01 1.015736999999999890e+00 1.752139999999999907e-09 -1.025171999999999972e+00 -3.965948000000000251e-01
2.743741000000000096e-01 4.835277999999999798e-02 1.898769999999999902e-01 7.110229999999999961e+01 9.168005999999999656e-01 1.702448999999999939e-09 -1.180658999999999903e+00 -1.622068999999999872e-01
4.385453999999999741e-01 3.767899999999999722e-02 1.203988000000000003e-01 7.650992999999999711e+01 9.243038999999999561e-01 1.384555000000000085e-09 -1.170007000000000019e+00 4.257643999999999873e-01
2.569061000000000261e-01 3.185916999999999916e-02 2.370097999999999927e-01 6.610761999999999716e+01 9.413968000000000336e-01 1.414456000000000063e-09 -1.188908999999999994e+00 -6.954802999999999680e-02
2.437030000000000030e-01 3.868934999999999735e-02 1.257744000000000084e-01 7.077734999999999843e+01 9.841938999999999549e-01 2.419947999999999882e-09 -9.460079000000000127e-01 4.617129999999999845e-02
1.887402999999999997e-01 4.578067000000000247e-02 1.035678999999999940e-02 6.661271999999999593e+01 9.965948999999999502e-01 1.521733999999999907e-09 -1.090845999999999982e+00 -3.192111999999999727e-01
2.470738000000000101e-01 4.593942000000000164e-02 2.536726000000000258e-01 7.693927999999999656e+01 1.042847999999999997e+00 2.750848000000000053e-09 -8.268476999999999633e-01 -4.648998999999999771e-01
3.303686000000000123e-01 3.145823999999999843e-02 2.332721000000000100e-01 7.427576000000000533e+01 9.847141999999999840e-01 1.348443999999999981e-09 -8.793197999999999848e-01 -4.685404000000000235e-01
2.901624999999999899e-01 3.673389999999999989e-02 2.258880000000000055e-01 7.611907999999999674e+01 1.000030999999999892e+00 1.326499000000000012e-09 -1.083121999999999918e+00 2.970726000000000200e-01
3.344287000000000232e-01 3.662587999999999955e-02 2.426088000000000133e-01 7.142378999999999678e+01 9.784218000000000082e-01 2.133614000000000073e-09 -8.175335999999999714e-01 7.854318999999999884e-02
3.167009000000000074e-01 4.475171000000000010e-02 2.006767999999999885e-01 7.562362000000000251e+01 9.932144000000000528e-01 2.239919999999999850e-09 -1.135801999999999978e+00 -7.033121000000000511e-02
3.846026000000000167e-01 3.066593999999999917e-02 2.720963000000000132e-01 6.657896999999999821e+01 9.653323000000000320e-01 1.556237999999999977e-09 -1.119105999999999934e+00 4.737503000000000131e-01
3.731826999999999783e-01 4.516541999999999779e-02 1.746703000000000006e-01 7.016696000000000311e+01 9.275284000000000306e-01 2.319753000000000106e-09 -8.039549000000000278e-01 2.995926999999999965e-02
4.458012000000000086e-01 3.259077999999999975e-02 2.564282999999999840e-02 6.501587999999999568e+01 9.548345999999999778e-01 1.496785000000000017e-09 -8.376308000000000087e-01 8.761198000000000596e-02
4.376663000000000081e-01 3.000411999999999871e-02 2.935483999999999871e-01 6.758401999999999532e+01 9.978791000000000189e-01 1.626514999999999940e-09 -8.329607999999999457e-01 -2.110547999999999869e-01
3.144775000000000209e-01 4.164239000000000135e-02 2.639151000000000136e-01 7.211735000000000184e+01 1.031447999999999920e+00 2.243062000000000127e-09 -1.079889000000000099e+00 -3.360916999999999932e-01
4.305799000000000154e-01 4.170275999999999844e-02 1.311962000000000128e-01 6.365612000000000137e+01 9.950339000000000267e-01 1.853812999999999955e-09 -9.289231000000000016e-01 -1.148556000000000021e-01
3.650529000000000135e-01 3.068438000000000068e-02 2.110362000000000071e-01 7.434790999999999883e+01 1.026505000000000001e+00 1.507513999999999929e-09 -1.147620000000000084e+00 4.714607000000000103e-01
2.587456000000000200e-01 3.682557000000000191e-02 4.518612999999999796e-02 7.861329999999999529e+01 9.213997999999999911e-01 2.378198000000000104e-09 -1.105096999999999996e+00 3.092852999999999852e-01
2.700956999999999941e-01 3.094088000000000047e-02 2.248400000000000121e-01 6.114697000000000315e+01 1.044820000000000082e+00 2.812267000000000128e-09 -1.059056999999999915e+00 -1.955324999999999980e-01
1.711025999999999936e-01 4.010690000000000088e-02 1.396172999999999997e-01 7.512797000000000480e+01 9.330059000000000546e-01 1.749406999999999933e-09 -1.102025999999999950e+00 -2.319548999999999916e-01
2.310770000000000046e-01 4.667726999999999987e-02 1.831019999999999870e-01 7.394567999999999586e+01 1.003006000000000064e+00 2.235268000000000061e-09 -8.857954000000000105e-01 4.757150999999999741e-02
2.493296000000000123e-01 4.348040000000000238e-02 2.470706000000000013e-01 7.945801000000000158e+01 9.659100000000000463e-01 1.643202999999999997e-09 -9.298463999999999618e-01 -5.202100999999999947e-02
2.389589000000000019e-01 4.784701000000000232e-02 4.850325999999999943e-02 7.642571999999999832e+01 9.971149999999999736e-01 1.736501000000000061e-09 -8.447983999999999494e-01 -1.706420999999999910e-01
4.340024000000000104e-01 3.010842000000000032e-02 2.518605999999999900e-01 7.888706999999999425e+01 9.981413000000000091e-01 2.806733000000000010e-09 -1.148055000000000048e+00 8.467326000000000019e-02
1.754033999999999871e-01 3.188200000000000062e-02 1.308350000000000068e-01 7.289360999999999535e+01 9.613823000000000230e-01 2.326471000000000041e-09 -1.113437000000000010e+00 -8.378198000000000589e-02
2.688176999999999928e-01 3.971242999999999995e-02 1.271471999999999880e-01 6.688500000000000512e+01 9.472987999999999964e-01 2.725989000000000108e-09 -1.163939000000000057e+00 4.393144999999999967e-01
2.072688000000000030e-01 4.867061000000000304e-02 1.144007999999999969e-01 7.552107999999999777e+01 9.449043000000000303e-01 2.139721999999999945e-09 -1.197338000000000013e+00 3.495349999999999846e-01
2.727146999999999766e-01 4.056748999999999772e-02 1.226444000000000006e-01 6.180539999999999878e+01 9.431207999999999814e-01 1.336322000000000010e-09 -1.002906000000000075e+00 1.256604000000000054e-01
1.984505000000000019e-01 4.640836000000000267e-02 1.464631000000000127e-01 6.671832999999999458e+01 9.615051999999999488e-01 2.070393999999999954e-09 -1.126346000000000069e+00 4.590838999999999892e-01
3.209345000000000114e-01 3.414839000000000069e-02 1.779709999999999903e-01 6.816469999999999629e+01 9.200023000000000506e-01 1.803594000000000007e-09 -8.954739999999999922e-01 -1.486136999999999875e-01
2.005965000000000109e-01 3.722021999999999831e-02 6.358561999999999548e-02 6.908172000000000423e+01 1.018969000000000014e+00 2.470327999999999868e-09 -1.179462999999999928e+00 -5.516883999999999677e-02
4.122775000000000190e-01 4.253715000000000274e-02 2.188170000000000115e-01 7.907701000000000136e+01 9.485848000000000058e-01 1.252953000000000026e-09 -1.080086000000000102e+00 -3.481705999999999968e-01
4.019786000000000192e-01 3.278472000000000330e-02 5.490885000000000210e-02 6.217470999999999748e+01 9.256170000000000231e-01 1.661054000000000001e-09 -1.128940000000000055e+00 2.517099999999999893e-01
3.485951999999999940e-01 3.908433000000000046e-02 2.363802999999999876e-01 6.350254000000000332e+01 9.403801000000000521e-01 2.369958000000000141e-09 -1.070963000000000109e+00 -2.273653999999999953e-01
3.751281000000000199e-01 4.388162999999999786e-02 2.078119999999999967e-01 7.466765999999999792e+01 1.004328000000000110e+00 1.924470999999999981e-09 -8.365430000000000366e-01 -1.683131999999999961e-01
2.964095999999999953e-01 4.649410999999999822e-02 9.874138999999999833e-02 7.543549000000000149e+01 9.867080000000000295e-01 2.056941999999999947e-09 -8.995735999999999732e-01 -3.312618999999999980e-01
1.607839000000000074e-01 3.650087999999999944e-02 2.408155000000000018e-02 6.089128000000000185e+01 9.321504999999999930e-01 2.890136000000000079e-09 -1.195689000000000002e+00 -1.093046000000000018e-01
3.105782000000000265e-01 4.345749000000000140e-02 2.503420000000000090e-01 6.928212000000000614e+01 9.350838000000000205e-01 2.000706000000000184e-09 -1.198698000000000041e+00 -3.574823999999999780e-01
1.541586000000000067e-01 3.283674999999999788e-02 2.598702999999999985e-01 6.620521999999999707e+01 9.325291999999999470e-01 2.842106000000000194e-09 -8.214148999999999479e-01 3.948260000000000103e-01
3.817105000000000081e-01 3.704226000000000046e-02 1.485951999999999933e-02 7.828266000000000702e+01 9.366347999999999896e-01 1.442004999999999923e-09 -9.872041000000000288e-01 -2.046389000000000125e-01
4.024376000000000064e-01 3.289828000000000197e-02 4.362927999999999945e-02 7.709704999999999586e+01 9.741990999999999845e-01 1.423141000000000018e-09 -1.120989999999999931e+00 1.592280000000000084e-01
4.147852000000000205e-01 3.777814000000000172e-02 5.104097999999999968e-02 7.927115000000000578e+01 1.009551000000000087e+00 2.509176000000000187e-09 -9.438218000000000441e-01 -2.543232000000000270e-01
3.671200000000000019e-01 3.239575000000000093e-02 1.527068000000000002e-02 6.967740999999999474e+01 9.057663999999999715e-01 1.930151999999999809e-09 -8.124713999999999547e-01 3.054629999999999845e-01
2.414308000000000010e-01 3.906384999999999719e-02 5.297649000000000108e-02 7.326296999999999571e+01 1.019694000000000100e+00 1.406491999999999986e-09 -8.628038000000000096e-01 9.779269000000000156e-02
3.625771999999999884e-01 3.329933000000000198e-02 1.347414999999999863e-01 7.154744999999999777e+01 9.808519999999999461e-01 2.215409999999999901e-09 -9.668149999999999800e-01 -5.677415999999999713e-02
4.324489999999999723e-01 3.214296999999999987e-02 3.107932999999999876e-02 7.504679000000000144e+01 9.497617000000000420e-01 1.544870000000000064e-09 -8.762147999999999604e-01 4.626136000000000137e-01
